0 0.00030 0.000000
1 0.00060 0.000000
2 0.00130 0.845238
3 0.00200 1.318254
4 0.00340 0.656279
5 0.00560 0.769265
6 0.00760 0.828045
7 0.00960 0.865429
8 0.01220 1.010006
9 0.01540 0.764617
10 0.01930 0.933613
11 0.02350 0.853474
12 0.02990 0.870955
13 0.03740 1.016096
14 0.04600 0.974552
15 0.05790 0.956457
16 0.06980 0.991004
17 0.08450 1.043829
18 0.10220 1.062475
19 0.12450 1.147849
20 0.14740 1.256897
21 0.17230 1.256765
22 0.19690 1.311735
23 0.22560 1.365881
24 0.25360 1.402573
25 0.28510 1.451371
26 0.31810 1.493875
27 0.35200 1.536892
28 0.38320 1.554455
29 0.41670 1.620376
30 0.44930 1.659428
31 0.48100 1.702224
32 0.51240 1.713195
33 0.54480 1.736109
34 0.57500 1.746732
35 0.60290 1.768009
36 0.63390 1.800113
37 0.66460 1.809461
38 0.69150 1.835052
39 0.71760 1.857446
40 0.74130 1.877105
41 0.76250 1.904022
42 0.78440 1.911277
43 0.80630 1.936357
44 0.82510 1.950995
45 0.84290 1.955631
46 0.85870 1.962162
47 0.86990 1.966972
48 0.88160 1.966705
49 0.89360 1.968103
