0 0.00030 inf
1 0.00060 inf
2 0.00130 1.623249
3 0.00200 1.431364
4 0.00340 1.724276
5 0.00560 1.575188
6 0.00760 1.494850
7 0.00960 1.582631
8 0.01220 1.585461
9 0.01540 1.523189
10 0.01930 1.496007
11 0.02350 1.522444
12 0.02990 1.494048
13 0.03740 1.511236
14 0.04600 1.553189
15 0.05790 1.571055
16 0.06980 1.585226
17 0.08450 1.619596
18 0.10220 1.669221
19 0.12450 1.676694
20 0.14740 1.699292
21 0.17230 1.701559
22 0.19690 1.742275
23 0.22560 1.779203
24 0.25360 1.792219
25 0.28510 1.812310
26 0.31810 1.819014
27 0.35200 1.841296
28 0.38320 1.863786
29 0.41670 1.876057
30 0.44930 1.871891
31 0.48100 1.876887
32 0.51240 1.882942
33 0.54480 1.889066
34 0.57500 1.904307
35 0.60290 1.913459
36 0.63390 1.920316
37 0.66460 1.928237
38 0.69150 1.931472
39 0.71760 1.931113
40 0.74130 1.939698
41 0.76250 1.946660
42 0.78440 1.950608
43 0.80630 1.954610
44 0.82510 1.959413
45 0.84290 1.961324
46 0.85870 1.967887
47 0.86990 1.971225
48 0.88160 1.973062
49 0.89360 1.977569
