0 0.00180 0.000000
1 0.00930 0.134918
2 0.02180 0.391023
3 0.04100 0.627840
4 0.06740 0.861709
5 0.09780 0.981289
6 0.13520 1.153535
7 0.17340 1.332024
8 0.21520 1.446718
9 0.25670 1.523499
10 0.30030 1.630299
11 0.34200 1.713061
12 0.38400 1.778180
13 0.42610 1.835407
14 0.46960 1.872637
15 0.51120 1.902053
16 0.54830 1.925776
17 0.58370 1.939029
18 0.61930 1.952586
19 0.64980 1.962037
20 0.67640 1.966758
21 0.70330 1.975245
22 0.72530 1.977648
23 0.74470 1.980412
24 0.76730 1.983678
25 0.78910 1.988021
26 0.80770 1.991842
27 0.82450 1.991842
28 0.83760 1.990611
29 0.85010 1.992771
30 0.86180 1.992771
31 0.87100 1.992771
32 0.88090 1.993495
33 0.89060 1.997452
34 0.89950 1.996223
35 0.90760 1.997299
36 0.91520 1.997299
37 0.92160 1.997299
38 0.92820 1.997299
39 0.93320 1.997299
40 0.93850 1.996073
41 0.94420 1.996073
42 0.94750 1.996073
43 0.95150 1.996073
44 0.95530 1.996073
45 0.95850 1.994848
46 0.96190 1.994848
47 0.96520 1.995923
48 0.96820 1.995923
49 0.97070 1.995923
