0 0.00180 nan
1 0.00930 inf
2 0.02180 1.681241
3 0.04100 1.662758
4 0.06740 1.393088
5 0.09780 1.441957
6 0.13520 1.487610
7 0.17340 1.538565
8 0.21520 1.559089
9 0.25670 1.583688
10 0.30030 1.611501
11 0.34200 1.615355
12 0.38400 1.652527
13 0.42610 1.690870
14 0.46960 1.720628
15 0.51120 1.734303
16 0.54830 1.735894
17 0.58370 1.745182
18 0.61930 1.767664
19 0.64980 1.793441
20 0.67640 1.819500
21 0.70330 1.823259
22 0.72530 1.832991
23 0.74470 1.845983
24 0.76730 1.857578
25 0.78910 1.872715
26 0.80770 1.879980
27 0.82450 1.888976
28 0.83760 1.899637
29 0.85010 1.907131
30 0.86180 1.910754
31 0.87100 1.915406
32 0.88090 1.921533
33 0.89060 1.927116
34 0.89950 1.932033
35 0.90760 1.937367
36 0.91520 1.941995
37 0.92160 1.946486
38 0.92820 1.951969
39 0.93320 1.956315
40 0.93850 1.958043
41 0.94420 1.962207
42 0.94750 1.964330
43 0.95150 1.967348
44 0.95530 1.968434
45 0.95850 1.970637
46 0.96190 1.970806
47 0.96520 1.973140
48 0.96820 1.975390
49 0.97070 1.977215
