0 0.04420 1.691916
1 0.08730 1.812515
2 0.12890 1.914409
3 0.16850 1.862816
4 0.20400 1.816277
5 0.23780 1.923397
6 0.27100 1.960164
7 0.30100 1.914072
8 0.33110 1.967628
9 0.36180 1.952669
10 0.39160 1.880166
11 0.42050 1.877533
12 0.44850 1.946224
13 0.47420 1.876888
14 0.49960 1.963111
15 0.52260 1.958488
16 0.54500 1.908941
17 0.56700 1.947463
18 0.58820 1.911186
19 0.60740 1.935849
20 0.62520 1.915546
21 0.64220 1.974442
22 0.65800 1.910584
23 0.67450 1.903363
24 0.68710 1.953336
25 0.70290 1.969980
26 0.71610 1.991869
27 0.72940 1.898665
28 0.74530 1.905918
29 0.75630 1.942063
30 0.76650 1.968867
31 0.77640 1.976734
32 0.78690 1.962440
33 0.79640 1.915906
34 0.80410 1.919104
35 0.81250 1.921528
36 0.82250 1.926250
37 0.83050 1.945744
38 0.83800 1.972304
39 0.84450 1.986725
40 0.85210 1.968243
41 0.85730 1.966560
42 0.86210 1.963870
43 0.86770 1.930920
44 0.87400 1.909647
45 0.87950 1.913507
46 0.88580 1.916356
47 0.89060 1.930064
48 0.89520 1.939289
49 0.89990 1.939389
