0 0.04420 inf
1 0.08730 1.979245
2 0.12890 2.109916
3 0.16850 1.959041
4 0.20400 1.923735
5 0.23780 1.990218
6 0.27100 2.101778
7 0.30100 2.074665
8 0.33110 2.086674
9 0.36180 2.013890
10 0.39160 2.019710
11 0.42050 2.029835
12 0.44850 2.046908
13 0.47420 2.056504
14 0.49960 2.052671
15 0.52260 2.034624
16 0.54500 2.027750
17 0.56700 2.027596
18 0.58820 2.009941
19 0.60740 2.021189
20 0.62520 2.027191
21 0.64220 2.036279
22 0.65800 2.018908
23 0.67450 2.031991
24 0.68710 2.036501
25 0.70290 2.033492
26 0.71610 2.030217
27 0.72940 2.023432
28 0.74530 2.022909
29 0.75630 2.025561
30 0.76650 2.024505
31 0.77640 2.023913
32 0.78690 2.022855
33 0.79640 2.018535
34 0.80410 2.016066
35 0.81250 2.021579
36 0.82250 2.021272
37 0.83050 2.025176
38 0.83800 2.023587
39 0.84450 2.026486
40 0.85210 2.024288
41 0.85730 2.024894
42 0.86210 2.024673
43 0.86770 2.025723
44 0.87400 2.024251
45 0.87950 2.026438
46 0.88580 2.023724
47 0.89060 2.020737
48 0.89520 2.022142
49 0.89990 2.020802
