0 0.04960 1.739307
1 0.09050 1.853672
2 0.13060 1.862986
3 0.16770 1.837393
4 0.20160 1.852554
5 0.23740 1.874462
6 0.27110 1.858403
7 0.30530 1.963610
8 0.33620 1.922555
9 0.36390 1.888587
10 0.39250 1.966545
11 0.41840 1.888492
12 0.44600 1.988479
13 0.47300 1.900622
14 0.49730 1.930916
15 0.51910 1.898805
16 0.54130 1.934308
17 0.56240 1.950006
18 0.58280 1.913456
19 0.60180 1.901547
20 0.62050 1.964875
21 0.63560 1.939352
22 0.65280 1.899352
23 0.66890 1.928461
24 0.68360 1.953667
25 0.69870 1.954877
26 0.71370 1.889445
27 0.72570 1.892046
28 0.73960 1.947786
29 0.75380 1.981612
30 0.76480 1.955279
31 0.77510 1.919013
32 0.78540 1.910235
33 0.79570 1.915941
34 0.80410 1.919431
35 0.81260 1.940725
36 0.81980 1.963252
37 0.82770 1.956919
38 0.83490 1.956758
39 0.84200 1.964586
40 0.84800 1.924265
41 0.85640 1.900787
42 0.86160 1.912978
43 0.86910 1.927380
44 0.87670 1.939947
45 0.88290 1.947482
46 0.88910 1.943586
47 0.89420 1.937492
48 0.89880 1.944775
49 0.90410 1.957985
