0 0.04960 1.929419
1 0.09050 2.063208
2 0.13060 2.243038
3 0.16770 2.144185
4 0.20160 2.125210
5 0.23740 2.104808
6 0.27110 2.107364
7 0.30530 2.091849
8 0.33620 2.058406
9 0.36390 2.037257
10 0.39250 1.949099
11 0.41840 1.952142
12 0.44600 1.948323
13 0.47300 1.962793
14 0.49730 1.961127
15 0.51910 1.975494
16 0.54130 1.977152
17 0.56240 1.958192
18 0.58280 1.960860
19 0.60180 1.975866
20 0.62050 1.994297
21 0.63560 1.983693
22 0.65280 1.990833
23 0.66890 1.991126
24 0.68360 1.999832
25 0.69870 1.984550
26 0.71370 1.993030
27 0.72570 1.994787
28 0.73960 1.994102
29 0.75380 1.990990
30 0.76480 1.996840
31 0.77510 2.001005
32 0.78540 2.003218
33 0.79570 1.998097
34 0.80410 2.000484
35 0.81260 2.004118
36 0.81980 2.004555
37 0.82770 1.996682
38 0.83490 2.001060
39 0.84200 2.000694
40 0.84800 1.995884
41 0.85640 1.992264
42 0.86160 1.993188
43 0.86910 1.991300
44 0.87670 1.991809
45 0.88290 1.990896
46 0.88910 1.988488
47 0.89420 1.982929
48 0.89880 1.985115
49 0.90410 1.986184
