0 0.04640 1.684913
1 0.08760 1.826749
2 0.12590 1.912950
3 0.16630 1.872004
4 0.20330 1.824612
5 0.24090 1.866991
6 0.27340 1.942603
7 0.30510 1.903083
8 0.33530 1.901596
9 0.37230 1.954904
10 0.39930 1.871180
11 0.42780 1.911873
12 0.45450 1.899060
13 0.47910 1.950188
14 0.50350 1.925375
15 0.52710 1.961166
16 0.55150 1.918527
17 0.57100 1.950991
18 0.59210 1.940949
19 0.61230 1.938753
20 0.63030 1.928542
21 0.64640 1.977847
22 0.65970 1.920371
23 0.67520 1.903939
24 0.69090 1.946309
25 0.70480 1.967795
26 0.71870 1.948882
27 0.72970 1.900750
28 0.74190 1.902116
29 0.75390 1.917283
30 0.76550 1.980021
31 0.77710 1.979735
32 0.78680 1.915534
33 0.79810 1.915386
34 0.80660 1.926828
35 0.81690 1.922153
36 0.82520 1.942836
37 0.83150 1.975224
38 0.83950 1.967701
39 0.84770 1.954928
40 0.85500 1.962604
41 0.86130 1.932699
42 0.86770 1.909748
43 0.87340 1.915683
44 0.87870 1.922396
45 0.88530 1.935076
46 0.88920 1.938884
47 0.89460 1.938715
48 0.89890 1.952667
49 0.90260 1.957122
