0 0.04640 1.913814
1 0.08760 2.167317
2 0.12590 2.092721
3 0.16630 2.039414
4 0.20330 1.976916
5 0.24090 1.956936
6 0.27340 1.984827
7 0.30510 1.976398
8 0.33530 1.992433
9 0.37230 1.992864
10 0.39930 1.989323
11 0.42780 1.978156
12 0.45450 1.988977
13 0.47910 2.000740
14 0.50350 2.010612
15 0.52710 2.026778
16 0.55150 2.002129
17 0.57100 2.016929
18 0.59210 2.022448
19 0.61230 2.016973
20 0.63030 2.011839
21 0.64640 2.019727
22 0.65970 2.020408
23 0.67520 2.011844
24 0.69090 2.011081
25 0.70480 2.008873
26 0.71870 2.008163
27 0.72970 2.016567
28 0.74190 2.022135
29 0.75390 2.012598
30 0.76550 2.003665
31 0.77710 2.000262
32 0.78680 1.997412
33 0.79810 1.998277
34 0.80660 1.995200
35 0.81690 1.999847
36 0.82520 1.991975
37 0.83150 1.992046
38 0.83950 1.991483
39 0.84770 1.992218
40 0.85500 1.996564
41 0.86130 2.001237
42 0.86770 1.996915
43 0.87340 1.996912
44 0.87870 1.997574
45 0.88530 1.993646
46 0.88920 1.993207
47 0.89460 1.991523
48 0.89890 1.987655
49 0.90260 1.989797
