0 0.00230 0.103448
1 0.01060 0.238811
2 0.02450 0.383284
3 0.04610 0.607711
4 0.07120 0.802765
5 0.10300 0.976172
6 0.14030 1.145693
7 0.17990 1.274197
8 0.22270 1.404966
9 0.26560 1.551200
10 0.31150 1.633204
11 0.35850 1.714070
12 0.39950 1.777601
13 0.44150 1.824101
14 0.48130 1.863809
15 0.52140 1.885820
16 0.55600 1.915451
17 0.59120 1.928947
18 0.62030 1.944185
19 0.65060 1.959427
20 0.67860 1.969243
21 0.70810 1.975915
22 0.73180 1.980313
23 0.75370 1.987243
24 0.77530 1.992699
25 0.79250 1.992935
26 0.80880 1.995107
27 0.82510 1.996915
28 0.84000 1.997835
29 0.85490 1.995349
30 0.86680 1.996431
31 0.87770 1.997512
32 0.88860 1.999316
33 0.89780 1.999316
34 0.90640 2.000395
35 0.91460 2.000395
36 0.92150 2.000395
37 0.92840 2.000234
38 0.93490 2.000234
39 0.93960 2.000234
40 0.94460 2.000074
41 0.94850 2.000074
42 0.95310 2.000992
43 0.95760 1.999759
44 0.96080 1.999759
45 0.96320 1.999603
46 0.96640 1.998374
47 0.96950 1.998374
48 0.97230 1.998374
49 0.97470 1.998374
