0 0.00230 inf
1 0.01060 1.230449
2 0.02450 1.264818
3 0.04610 1.258969
4 0.07120 1.380211
5 0.10300 1.441358
6 0.14030 1.535349
7 0.17990 1.525785
8 0.22270 1.517982
9 0.26560 1.534812
10 0.31150 1.561055
11 0.35850 1.612360
12 0.39950 1.638515
13 0.44150 1.673822
14 0.48130 1.701042
15 0.52140 1.728750
16 0.55600 1.749046
17 0.59120 1.771038
18 0.62030 1.786515
19 0.65060 1.809218
20 0.67860 1.825312
21 0.70810 1.826530
22 0.73180 1.839056
23 0.75370 1.852883
24 0.77530 1.869435
25 0.79250 1.876470
26 0.80880 1.885763
27 0.82510 1.897796
28 0.84000 1.903848
29 0.85490 1.911345
30 0.86680 1.916637
31 0.87770 1.922245
32 0.88860 1.929365
33 0.89780 1.936514
34 0.90640 1.943000
35 0.91460 1.947020
36 0.92150 1.950050
37 0.92840 1.954518
38 0.93490 1.959351
39 0.93960 1.961937
40 0.94460 1.965898
41 0.94850 1.968870
42 0.95310 1.972073
43 0.95760 1.975444
44 0.96080 1.977534
45 0.96320 1.979343
46 0.96640 1.981673
47 0.96950 1.983757
48 0.97230 1.985994
49 0.97470 1.987919
