0 0.00100 0.800000
1 0.00180 1.600000
2 0.00330 1.789572
3 0.00490 1.172558
4 0.00810 1.268445
5 0.01140 1.107046
6 0.01590 1.384397
7 0.02230 1.399400
8 0.03090 1.484782
9 0.04170 1.523776
10 0.05520 1.492306
11 0.07250 1.534905
12 0.09300 1.602012
13 0.11640 1.582597
14 0.14320 1.612978
15 0.17060 1.659885
16 0.20480 1.629128
17 0.23950 1.630423
18 0.27600 1.652772
19 0.31220 1.659885
20 0.35290 1.679801
21 0.39330 1.708698
22 0.43590 1.734224
23 0.47900 1.746023
24 0.52350 1.741102
25 0.56660 1.793359
26 0.60510 1.811956
27 0.64400 1.809044
28 0.67940 1.824377
29 0.71290 1.872497
30 0.74440 1.865214
31 0.77260 1.855755
32 0.79870 1.877128
33 0.82380 1.897794
34 0.84460 1.905904
35 0.86680 1.936637
36 0.88300 1.896128
37 0.89770 1.899036
38 0.91010 1.910641
39 0.92260 1.898141
40 0.93280 1.909196
41 0.94290 1.932513
42 0.95220 1.942530
43 0.95750 1.948313
44 0.96360 1.953545
45 0.96880 1.961029
46 0.97260 1.963857
47 0.97610 1.965127
48 0.97870 1.967335
49 0.98060 1.965597
