0 0.00100 inf
1 0.00180 inf
2 0.00330 1.602060
3 0.00490 1.832509
4 0.00810 1.508530
5 0.01140 1.544068
6 0.01590 1.531479
7 0.02230 1.709996
8 0.03090 1.590207
9 0.04170 1.740970
10 0.05520 1.755875
11 0.07250 1.801306
12 0.09300 1.802040
13 0.11640 1.813099
14 0.14320 1.783090
15 0.17060 1.817308
16 0.20480 1.839568
17 0.23950 1.839142
18 0.27600 1.870589
19 0.31220 1.863535
20 0.35290 1.876033
21 0.39330 1.875061
22 0.43590 1.876987
23 0.47900 1.904611
24 0.52350 1.897289
25 0.56660 1.909785
26 0.60510 1.914493
27 0.64400 1.920718
28 0.67940 1.919299
29 0.71290 1.926567
30 0.74440 1.927795
31 0.77260 1.932762
32 0.79870 1.928972
33 0.82380 1.925166
34 0.84460 1.932929
35 0.86680 1.943735
36 0.88300 1.946984
37 0.89770 1.950031
38 0.91010 1.952078
39 0.92260 1.958542
40 0.93280 1.961490
41 0.94290 1.965684
42 0.95220 1.970069
43 0.95750 1.968531
44 0.96360 1.971888
45 0.96880 1.971344
46 0.97260 1.971695
47 0.97610 1.974100
48 0.97870 1.976189
49 0.98060 1.975246
