0 0.00250 0.059147
1 0.01030 0.290652
2 0.02530 0.506077
3 0.04460 0.621722
4 0.07070 0.839193
5 0.10440 1.028715
6 0.13830 1.150365
7 0.17630 1.322981
8 0.21550 1.415625
9 0.25450 1.518945
10 0.29910 1.609359
11 0.34450 1.692645
12 0.38600 1.756233
13 0.42690 1.805838
14 0.46570 1.853364
15 0.50350 1.880637
16 0.53910 1.910026
17 0.57400 1.925993
18 0.60560 1.934741
19 0.63960 1.955636
20 0.66670 1.961033
21 0.69250 1.969709
22 0.71250 1.973220
23 0.73580 1.976723
24 0.75730 1.980005
25 0.77540 1.979759
26 0.79330 1.984699
27 0.81010 1.987598
28 0.82440 1.990852
29 0.84110 1.993742
30 0.85450 1.996983
31 0.86740 1.998062
32 0.87790 1.999864
33 0.88540 2.000588
34 0.89560 2.001151
35 0.90340 1.999759
36 0.91070 1.998528
37 0.91800 1.998528
38 0.92420 1.998528
39 0.92970 1.996073
40 0.93450 1.996073
41 0.93980 1.996073
42 0.94400 1.996073
43 0.94760 1.996073
44 0.95120 1.997148
45 0.95380 1.997148
46 0.95720 1.997148
47 0.96130 1.997148
48 0.96470 1.997148
49 0.96690 1.997148
