0 0.00250 inf
1 0.01030 1.361728
2 0.02530 1.089400
3 0.04460 1.314633
4 0.07070 1.467053
5 0.10440 1.385075
6 0.13830 1.452898
7 0.17630 1.450816
8 0.21550 1.533484
9 0.25450 1.555754
10 0.29910 1.575819
11 0.34450 1.601733
12 0.38600 1.646839
13 0.42690 1.668146
14 0.46570 1.690834
15 0.50350 1.713671
16 0.53910 1.725192
17 0.57400 1.754001
18 0.60560 1.778021
19 0.63960 1.802916
20 0.66670 1.825302
21 0.69250 1.834923
22 0.71250 1.847834
23 0.73580 1.860619
24 0.75730 1.873145
25 0.77540 1.886405
26 0.79330 1.896839
27 0.81010 1.905208
28 0.82440 1.913752
29 0.84110 1.924459
30 0.85450 1.934993
31 0.86740 1.937172
32 0.87790 1.944316
33 0.88540 1.950502
34 0.89560 1.957080
35 0.90340 1.961448
36 0.91070 1.960839
37 0.91800 1.966717
38 0.92420 1.971585
39 0.92970 1.976260
40 0.93450 1.978978
41 0.93980 1.981676
42 0.94400 1.984718
43 0.94760 1.987397
44 0.95120 1.990582
45 0.95380 1.991275
46 0.95720 1.993713
47 0.96130 1.996772
48 0.96470 1.998328
49 0.96690 1.999586
