1 0.00010 0.000000
2 0.02010 1.566796
3 0.04010 1.580442
4 0.06010 1.548246
5 0.08010 1.390305
6 0.10010 1.408418
7 0.12010 1.474618
8 0.14010 1.451144
9 0.16010 1.538075
10 0.18010 1.507954
11 0.20010 1.484569
12 0.22010 1.511624
13 0.24010 1.511575
14 0.26010 1.460869
15 0.28010 1.490800
16 0.30010 1.428036
17 0.32010 1.451438
18 0.34010 1.506101
19 0.36010 1.494690
20 0.38010 1.445059
21 0.40010 1.485809
22 0.42010 1.475477
23 0.44010 1.494289
24 0.46010 1.460131
25 0.48010 1.454393
26 0.50010 1.474857
27 0.52010 1.529928
28 0.54010 1.498285
29 0.56010 1.505527
30 0.58010 1.516558
31 0.60010 1.494454
32 0.62010 1.480292
33 0.64010 1.504431
34 0.66010 1.479922
35 0.68010 1.514897
36 0.70010 1.485463
37 0.72010 1.503956
38 0.74010 1.535271
39 0.76010 1.502526
40 0.78010 1.538660
41 0.80010 1.497686
42 0.82010 1.506108
43 0.84010 1.494575
44 0.86010 1.502728
45 0.88010 1.501640
46 0.90010 1.490972
47 0.92010 1.485150
48 0.94010 1.488295
49 0.96010 1.503341
50 0.98010 1.505672
