1 0.00010 nan
2 0.02010 1.113943
3 0.04010 inf
4 0.06010 2.008600
5 0.08010 1.792392
6 0.10010 1.672098
7 0.12010 2.298853
8 0.14010 1.720535
9 0.16010 2.001857
10 0.18010 1.961421
11 0.20010 2.150373
12 0.22010 1.877947
13 0.24010 1.834103
14 0.26010 1.995635
15 0.28010 2.134934
16 0.30010 1.985942
17 0.32010 1.913961
18 0.34010 2.055679
19 0.36010 1.930892
20 0.38010 2.063648
21 0.40010 1.901850
22 0.42010 2.066580
23 0.44010 1.985170
24 0.46010 2.007056
25 0.48010 1.950904
26 0.50010 1.971090
27 0.52010 2.066985
28 0.54010 2.069074
29 0.56010 2.037426
30 0.58010 1.940327
31 0.60010 2.107124
32 0.62010 2.020237
33 0.64010 2.026291
34 0.66010 2.008461
35 0.68010 1.968347
36 0.70010 1.951547
37 0.72010 1.989366
38 0.74010 1.973326
39 0.76010 2.019089
40 0.78010 1.941423
41 0.80010 2.041812
42 0.82010 2.078101
43 0.84010 1.984038
44 0.86010 1.955452
45 0.88010 2.045561
46 0.90010 2.015017
47 0.92010 2.003120
48 0.94010 1.996971
49 0.96010 1.990578
50 0.98010 1.968278
