0 0.00050 0.000000
1 0.00140 1.457542
2 0.00260 1.466871
3 0.00540 1.236292
4 0.00860 1.244413
5 0.01210 1.539885
6 0.01640 1.620512
7 0.02140 1.619852
8 0.02890 1.476855
9 0.03650 1.461383
10 0.04720 1.538922
11 0.05780 1.571123
12 0.07300 1.566735
13 0.08690 1.618254
14 0.10620 1.608903
15 0.12920 1.546352
16 0.15520 1.665468
17 0.18400 1.585989
18 0.21420 1.633065
19 0.24550 1.660294
20 0.27820 1.658616
21 0.31520 1.684975
22 0.35010 1.650737
23 0.38660 1.677810
24 0.42720 1.699445
25 0.46460 1.724435
26 0.50560 1.771255
27 0.54780 1.773449
28 0.58710 1.821694
29 0.62710 1.834658
30 0.66440 1.829908
31 0.69630 1.845830
32 0.72770 1.885899
33 0.75730 1.881325
34 0.78460 1.881330
35 0.80960 1.891533
36 0.83190 1.896901
37 0.85310 1.916899
38 0.87070 1.930626
39 0.88710 1.938337
40 0.90240 1.910962
41 0.91710 1.914584
42 0.92820 1.921179
43 0.93780 1.912025
44 0.94420 1.922610
45 0.95210 1.935418
46 0.95920 1.948122
47 0.96360 1.946063
48 0.96850 1.948315
49 0.97260 1.951062
