0 0.00050 inf
1 0.00140 inf
2 0.00260 inf
3 0.00540 inf
4 0.00860 2.049218
5 0.01210 1.956649
6 0.01640 2.115611
7 0.02140 2.229170
8 0.02890 2.219235
9 0.03650 1.930694
10 0.04720 1.796574
11 0.05780 1.821004
12 0.07300 1.848749
13 0.08690 1.831799
14 0.10620 1.841701
15 0.12920 1.789335
16 0.15520 1.809061
17 0.18400 1.866938
18 0.21420 1.910741
19 0.24550 1.914449
20 0.27820 1.914836
21 0.31520 1.927935
22 0.35010 1.934408
23 0.38660 1.946541
24 0.42720 1.950214
25 0.46460 1.947793
26 0.50560 1.952916
27 0.54780 1.954430
28 0.58710 1.952598
29 0.62710 1.948938
30 0.66440 1.955416
31 0.69630 1.958395
32 0.72770 1.950756
33 0.75730 1.949407
34 0.78460 1.945827
35 0.80960 1.950759
36 0.83190 1.958950
37 0.85310 1.963773
38 0.87070 1.967122
39 0.88710 1.971025
40 0.90240 1.969220
41 0.91710 1.970407
42 0.92820 1.973474
43 0.93780 1.974200
44 0.94420 1.978159
45 0.95210 1.979494
46 0.95920 1.983716
47 0.96360 1.987565
48 0.96850 1.989798
49 0.97260 1.993229
