0 0.00030 0.000000
1 0.00070 0.000000
2 0.00250 1.223557
3 0.00490 1.286582
4 0.00770 1.016227
5 0.01230 1.291527
6 0.01790 1.369637
7 0.02330 1.412807
8 0.03180 1.426816
9 0.04250 1.522669
10 0.05540 1.571274
11 0.07080 1.491488
12 0.09100 1.556589
13 0.11610 1.579167
14 0.14420 1.575847
15 0.17250 1.614306
16 0.20450 1.596293
17 0.24490 1.650445
18 0.28230 1.662015
19 0.32210 1.704706
20 0.36330 1.693765
21 0.40810 1.734062
22 0.45320 1.732993
23 0.49790 1.756455
24 0.54180 1.754028
25 0.58500 1.785219
26 0.62650 1.810046
27 0.66650 1.818274
28 0.70280 1.858590
29 0.73450 1.878472
30 0.76470 1.858137
31 0.79190 1.888561
32 0.81610 1.899018
33 0.83760 1.921576
34 0.85970 1.930627
35 0.87590 1.899331
36 0.89260 1.909004
37 0.90590 1.911616
38 0.91760 1.918749
39 0.92750 1.928389
40 0.93660 1.935292
41 0.94630 1.944921
42 0.95480 1.956757
43 0.96070 1.958651
44 0.96490 1.958754
45 0.96910 1.961198
46 0.97320 1.951483
47 0.97680 1.939483
48 0.98020 1.936960
49 0.98230 1.938884
