0 0.00030 nan
1 0.00070 inf
2 0.00250 inf
3 0.00490 1.591065
4 0.00770 1.591065
5 0.01230 1.897627
6 0.01790 1.794139
7 0.02330 1.836324
8 0.03180 1.777246
9 0.04250 1.874417
10 0.05540 1.786278
11 0.07080 1.812209
12 0.09100 1.881558
13 0.11610 1.848096
14 0.14420 1.834915
15 0.17250 1.903436
16 0.20450 1.920477
17 0.24490 1.951338
18 0.28230 1.921216
19 0.32210 1.926267
20 0.36330 1.911366
21 0.40810 1.924041
22 0.45320 1.913121
23 0.49790 1.934960
24 0.54180 1.937751
25 0.58500 1.941833
26 0.62650 1.949550
27 0.66650 1.955468
28 0.70280 1.956863
29 0.73450 1.960800
30 0.76470 1.967727
31 0.79190 1.958164
32 0.81610 1.962793
33 0.83760 1.970146
34 0.85970 1.967393
35 0.87590 1.970060
36 0.89260 1.974670
37 0.90590 1.973721
38 0.91760 1.979391
39 0.92750 1.981006
40 0.93660 1.978460
41 0.94630 1.977577
42 0.95480 1.976588
43 0.96070 1.976564
44 0.96490 1.977308
45 0.96910 1.978113
46 0.97320 1.978017
47 0.97680 1.979811
48 0.98020 1.981266
49 0.98230 1.978658
