0 0.00190 0.117005
1 0.00810 0.198159
2 0.02110 0.386883
3 0.04320 0.716221
4 0.07100 0.842309
5 0.10220 0.982838
6 0.14070 1.139423
7 0.17850 1.290663
8 0.22170 1.425848
9 0.26450 1.524184
10 0.30550 1.609933
11 0.35290 1.680492
12 0.39280 1.746161
13 0.43500 1.806268
14 0.47260 1.854401
15 0.51120 1.880861
16 0.54570 1.905421
17 0.57950 1.924319
18 0.61150 1.940845
19 0.64120 1.952269
20 0.67160 1.962916
21 0.69530 1.967558
22 0.72050 1.976599
23 0.74470 1.977544
24 0.76580 1.983233
25 0.78730 1.979330
26 0.80280 1.978518
27 0.81840 1.983610
28 0.83410 1.986725
29 0.84650 1.988237
30 0.85900 1.990404
31 0.87040 1.991485
32 0.87940 1.992567
33 0.88920 1.994726
34 0.89860 1.995450
35 0.90640 1.995450
36 0.91450 1.995297
37 0.92080 1.994068
38 0.92700 1.997299
39 0.93140 1.997299
40 0.93710 1.997299
41 0.94130 1.996073
42 0.94540 1.996073
43 0.95020 1.996073
44 0.95280 1.996073
45 0.95600 1.996073
46 0.95920 1.996073
47 0.96140 1.996073
48 0.96420 1.994848
49 0.96660 1.994848
