0 0.00190 nan
1 0.00810 inf
2 0.02110 1.770852
3 0.04320 1.536919
4 0.07100 1.459234
5 0.10220 1.464661
6 0.14070 1.421084
7 0.17850 1.470312
8 0.22170 1.514873
9 0.26450 1.547412
10 0.30550 1.581390
11 0.35290 1.613786
12 0.39280 1.638174
13 0.43500 1.678951
14 0.47260 1.700319
15 0.51120 1.732867
16 0.54570 1.753115
17 0.57950 1.778756
18 0.61150 1.803427
19 0.64120 1.827920
20 0.67160 1.844232
21 0.69530 1.853497
22 0.72050 1.864037
23 0.74470 1.880613
24 0.76580 1.893384
25 0.78730 1.906412
26 0.80280 1.912093
27 0.81840 1.918720
28 0.83410 1.927476
29 0.84650 1.937828
30 0.85900 1.939562
31 0.87040 1.949460
32 0.87940 1.955668
33 0.88920 1.962474
34 0.89860 1.970366
35 0.90640 1.974626
36 0.91450 1.977582
37 0.92080 1.981033
38 0.92700 1.984262
39 0.93140 1.986282
40 0.93710 1.988117
41 0.94130 1.990290
42 0.94540 1.992134
43 0.95020 1.993539
44 0.95280 1.995260
45 0.95600 1.997853
46 0.95920 2.000156
47 0.96140 2.001946
48 0.96420 2.003705
49 0.96660 2.004392
