0 0.00200 0.146424
1 0.00770 0.230986
2 0.02040 0.419951
3 0.04150 0.601449
4 0.06760 0.813552
5 0.10080 0.995087
6 0.13600 1.194769
7 0.17630 1.328644
8 0.22000 1.459591
9 0.26360 1.569718
10 0.31010 1.666245
11 0.35610 1.741101
12 0.40360 1.789273
13 0.44440 1.810732
14 0.48190 1.851387
15 0.51890 1.878297
16 0.55610 1.900631
17 0.58890 1.921138
18 0.62150 1.935512
19 0.64910 1.947488
20 0.67550 1.954784
21 0.70160 1.964748
22 0.72540 1.968503
23 0.74480 1.971435
24 0.76600 1.977938
25 0.78420 1.981069
26 0.80220 1.985275
27 0.81920 1.987087
28 0.83440 1.987087
29 0.84760 1.989256
30 0.86110 1.990187
31 0.87140 1.990912
32 0.88200 1.990912
33 0.89050 1.992719
34 0.89930 1.993800
35 0.90730 1.993800
36 0.91470 1.994880
37 0.92170 1.995959
38 0.92700 1.995959
39 0.93280 1.997038
40 0.93780 1.998116
41 0.94110 1.998839
42 0.94580 1.998683
43 0.94970 1.998683
44 0.95320 1.999759
45 0.95670 1.999759
46 0.96060 1.999759
47 0.96340 1.999759
48 0.96570 1.999759
49 0.96860 2.000678
