0 0.00200 nan
1 0.00770 0.505150
2 0.02040 0.821930
3 0.04150 1.083184
4 0.06760 1.281488
5 0.10080 1.365584
6 0.13600 1.430171
7 0.17630 1.458098
8 0.22000 1.493126
9 0.26360 1.546603
10 0.31010 1.563434
11 0.35610 1.602311
12 0.40360 1.623352
13 0.44440 1.642239
14 0.48190 1.674041
15 0.51890 1.691857
16 0.55610 1.721915
17 0.58890 1.750802
18 0.62150 1.772386
19 0.64910 1.782284
20 0.67550 1.805026
21 0.70160 1.820589
22 0.72540 1.832414
23 0.74480 1.842995
24 0.76600 1.857350
25 0.78420 1.872165
26 0.80220 1.882441
27 0.81920 1.892608
28 0.83440 1.901644
29 0.84760 1.909191
30 0.86110 1.915982
31 0.87140 1.922066
32 0.88200 1.925935
33 0.89050 1.931837
34 0.89930 1.936516
35 0.90730 1.940690
36 0.91470 1.946639
37 0.92170 1.951222
38 0.92700 1.955523
39 0.93280 1.958941
40 0.93780 1.962944
41 0.94110 1.965136
42 0.94580 1.968544
43 0.94970 1.971208
44 0.95320 1.973504
45 0.95670 1.975956
46 0.96060 1.978730
47 0.96340 1.980951
48 0.96570 1.982580
49 0.96860 1.983548
