0 0.00030 0.281746
1 0.00080 0.909818
2 0.00130 1.163198
3 0.00240 0.044846
4 0.00410 0.377891
5 0.00690 0.509329
6 0.01060 0.616016
7 0.01770 0.877624
8 0.02550 0.924928
9 0.03610 1.026154
10 0.05120 1.076022
11 0.06960 1.118141
12 0.08830 1.192274
13 0.11210 1.185258
14 0.13530 1.211364
15 0.16370 1.210227
16 0.19360 1.214895
17 0.22750 1.302803
18 0.26290 1.366135
19 0.30020 1.427997
20 0.34230 1.505852
21 0.38040 1.520027
22 0.42060 1.568993
23 0.45940 1.588249
24 0.49890 1.633970
25 0.53970 1.700944
26 0.57710 1.741629
27 0.61480 1.782508
28 0.65170 1.822243
29 0.68370 1.862122
30 0.71290 1.885641
31 0.74070 1.906711
32 0.76400 1.917178
33 0.78820 1.921559
34 0.80810 1.938924
35 0.82610 1.944459
36 0.84270 1.952665
37 0.85880 1.957571
38 0.87510 1.962661
39 0.88820 1.969665
40 0.89750 1.973554
41 0.90650 1.978375
42 0.91600 1.982028
43 0.92420 1.987338
44 0.93210 1.989727
45 0.93820 1.988633
46 0.94270 1.989720
47 0.94810 1.994784
48 0.95290 1.994784
49 0.95710 1.996788
