0 0.00030 nan
1 0.00080 inf
2 0.00130 1.113943
3 0.00240 1.322219
4 0.00410 1.531479
5 0.00690 1.477121
6 0.01060 1.548185
7 0.01770 1.647383
8 0.02550 1.624397
9 0.03610 1.741796
10 0.05120 1.753628
11 0.06960 1.790344
12 0.08830 1.790637
13 0.11210 1.819215
14 0.13530 1.811995
15 0.16370 1.809715
16 0.19360 1.821228
17 0.22750 1.832719
18 0.26290 1.836219
19 0.30020 1.845948
20 0.34230 1.874081
21 0.38040 1.872679
22 0.42060 1.880615
23 0.45940 1.894274
24 0.49890 1.911642
25 0.53970 1.912554
26 0.57710 1.938694
27 0.61480 1.945390
28 0.65170 1.952484
29 0.68370 1.963193
30 0.71290 1.969081
31 0.74070 1.974399
32 0.76400 1.982115
33 0.78820 1.989275
34 0.80810 1.994661
35 0.82610 2.002527
36 0.84270 2.007445
37 0.85880 2.014142
38 0.87510 2.018939
39 0.88820 2.024239
40 0.89750 2.026246
41 0.90650 2.029371
42 0.91600 2.030051
43 0.92420 2.031739
44 0.93210 2.034041
45 0.93820 2.034143
46 0.94270 2.035656
47 0.94810 2.037344
48 0.95290 2.038851
49 0.95710 2.039958
