0 0.04460 1.771821
1 0.08460 1.794285
2 0.12520 1.936394
3 0.16400 1.976683
4 0.20160 1.995929
5 0.23720 1.955112
6 0.27170 1.944861
7 0.30500 1.933869
8 0.33600 1.902179
9 0.36740 1.975927
10 0.39760 1.891669
11 0.42660 1.886057
12 0.45010 1.929867
13 0.47710 1.896375
14 0.49970 1.922142
15 0.52210 1.936460
16 0.54500 1.909817
17 0.56800 1.935504
18 0.58690 1.957423
19 0.60470 1.916590
20 0.62280 1.907224
21 0.64150 1.964926
22 0.65720 1.970962
23 0.67430 1.897233
24 0.68990 1.940193
25 0.70590 1.965014
26 0.72020 1.963747
27 0.73340 1.904753
28 0.74510 1.906115
29 0.75740 1.963713
30 0.76890 1.980765
31 0.77830 1.964872
32 0.78820 1.919112
33 0.79890 1.918302
34 0.80900 1.920993
35 0.81780 1.925401
36 0.82580 1.937528
37 0.83560 1.973195
38 0.84390 1.958397
39 0.85050 1.959223
40 0.85670 1.943169
41 0.86290 1.902816
42 0.87020 1.908797
43 0.87520 1.924478
44 0.88140 1.932184
45 0.88780 1.939556
46 0.89260 1.941372
47 0.89790 1.948849
48 0.90250 1.943251
49 0.90660 1.944217
