0 0.04460 1.939519
1 0.08460 1.988262
2 0.12520 2.028029
3 0.16400 2.080787
4 0.20160 2.020913
5 0.23720 2.059304
6 0.27170 2.041696
7 0.30500 1.982628
8 0.33600 2.020795
9 0.36740 2.019532
10 0.39760 2.001918
11 0.42660 1.987385
12 0.45010 1.988592
13 0.47710 1.985700
14 0.49970 1.986683
15 0.52210 1.978172
16 0.54500 1.998350
17 0.56800 1.985392
18 0.58690 1.990319
19 0.60470 1.987813
20 0.62280 1.990996
21 0.64150 1.997186
22 0.65720 1.999767
23 0.67430 1.998821
24 0.68990 1.999013
25 0.70590 1.997846
26 0.72020 1.998385
27 0.73340 1.994330
28 0.74510 1.987396
29 0.75740 1.991363
30 0.76890 1.992991
31 0.77830 1.986994
32 0.78820 1.989806
33 0.79890 1.989233
34 0.80900 1.996337
35 0.81780 1.998796
36 0.82580 2.002339
37 0.83560 2.004257
38 0.84390 2.001860
39 0.85050 1.998086
40 0.85670 2.000520
41 0.86290 2.002023
42 0.87020 2.005033
43 0.87520 2.004087
44 0.88140 2.005608
45 0.88780 2.002123
46 0.89260 2.005279
47 0.89790 2.004836
48 0.90250 2.007885
49 0.90660 2.004581
