0 0.00010 0.000000
1 0.00030 0.000000
2 0.00050 0.000000
3 0.00130 1.667970
4 0.00270 1.106685
5 0.00480 1.244413
6 0.00880 1.563611
7 0.01260 1.557397
8 0.01850 1.365338
9 0.02690 1.510863
10 0.03650 1.440707
11 0.04780 1.526184
12 0.06160 1.537594
13 0.07720 1.564241
14 0.09550 1.578146
15 0.11670 1.518703
16 0.14030 1.551989
17 0.16630 1.634684
18 0.20060 1.642696
19 0.23340 1.648029
20 0.27210 1.659370
21 0.30970 1.661241
22 0.35080 1.717183
23 0.39280 1.686532
24 0.43300 1.722522
25 0.47650 1.765032
26 0.51960 1.778974
27 0.56410 1.787766
28 0.60630 1.831565
29 0.64340 1.818447
30 0.67770 1.837920
31 0.71090 1.859385
32 0.74500 1.854095
33 0.77460 1.861529
34 0.79910 1.880362
35 0.82180 1.891055
36 0.84510 1.930870
37 0.86380 1.896708
38 0.88270 1.901958
39 0.89620 1.902004
40 0.91050 1.909573
41 0.92050 1.902297
42 0.93210 1.911399
43 0.94140 1.934296
44 0.94980 1.945324
45 0.95730 1.946830
46 0.96210 1.946353
47 0.96650 1.950678
48 0.97080 1.954478
49 0.97500 1.957521
