0 0.00010 nan
1 0.00030 inf
2 0.00050 inf
3 0.00130 inf
4 0.00270 inf
5 0.00480 inf
6 0.00880 2.021189
7 0.01260 2.187521
8 0.01850 1.895791
9 0.02690 1.910624
10 0.03650 1.929419
11 0.04780 1.815476
12 0.06160 1.819909
13 0.07720 1.829444
14 0.09550 1.880374
15 0.11670 1.855990
16 0.14030 1.843025
17 0.16630 1.845557
18 0.20060 1.836957
19 0.23340 1.885135
20 0.27210 1.880437
21 0.30970 1.867682
22 0.35080 1.863741
23 0.39280 1.869191
24 0.43300 1.872228
25 0.47650 1.876785
26 0.51960 1.872242
27 0.56410 1.873798
28 0.60630 1.873370
29 0.64340 1.892312
30 0.67770 1.899045
31 0.71090 1.906384
32 0.74500 1.903693
33 0.77460 1.902555
34 0.79910 1.902198
35 0.82180 1.908745
36 0.84510 1.921489
37 0.86380 1.927311
38 0.88270 1.930753
39 0.89620 1.931852
40 0.91050 1.937199
41 0.92050 1.938289
42 0.93210 1.942700
43 0.94140 1.945746
44 0.94980 1.949878
45 0.95730 1.952178
46 0.96210 1.953897
47 0.96650 1.955962
48 0.97080 1.953632
49 0.97500 1.955634
