0 0.00030 0.963296
1 0.00050 0.845238
2 0.00140 0.081844
3 0.00260 0.263696
4 0.00510 0.446379
5 0.00760 0.552051
6 0.01090 0.735873
7 0.01500 0.785148
8 0.01920 0.933690
9 0.02560 1.007570
10 0.03310 0.937310
11 0.04220 1.031427
12 0.05160 1.025393
13 0.06410 0.989868
14 0.07700 1.002481
15 0.09350 1.099190
16 0.11310 1.215708
17 0.13620 1.286110
18 0.15990 1.320776
19 0.18750 1.351782
20 0.21600 1.356371
21 0.24520 1.432532
22 0.27610 1.437946
23 0.31230 1.515185
24 0.34660 1.561047
25 0.38020 1.614243
26 0.41780 1.645387
27 0.45460 1.674643
28 0.49300 1.705586
29 0.53090 1.746418
30 0.56630 1.776223
31 0.59940 1.799751
32 0.63370 1.815805
33 0.66820 1.852517
34 0.69930 1.865209
35 0.72790 1.879007
36 0.75250 1.909506
37 0.77610 1.920708
38 0.79730 1.933210
39 0.81560 1.943127
40 0.83360 1.945311
41 0.85060 1.959968
42 0.86480 1.966181
43 0.87510 1.969935
44 0.88660 1.970345
45 0.89680 1.974023
46 0.90650 1.976642
47 0.91480 1.980668
48 0.92260 1.986881
49 0.92930 1.985991
