0 0.00030 -0.000000
1 0.00050 -0.000000
2 0.00140 0.564271
3 0.00260 0.778151
4 0.00510 1.079181
5 0.00760 1.128030
6 0.01090 1.372386
7 0.01500 1.363441
8 0.01920 1.420083
9 0.02560 1.499171
10 0.03310 1.592300
11 0.04220 1.602060
12 0.05160 1.668662
13 0.06410 1.647546
14 0.07700 1.652988
15 0.09350 1.669875
16 0.11310 1.666095
17 0.13620 1.677188
18 0.15990 1.726449
19 0.18750 1.706035
20 0.21600 1.712923
21 0.24520 1.736366
22 0.27610 1.757992
23 0.31230 1.787728
24 0.34660 1.795921
25 0.38020 1.799825
26 0.41780 1.806147
27 0.45460 1.823151
28 0.49300 1.844207
29 0.53090 1.852362
30 0.56630 1.854044
31 0.59940 1.853690
32 0.63370 1.853332
33 0.66820 1.866297
34 0.69930 1.870745
35 0.72790 1.880030
36 0.75250 1.880734
37 0.77610 1.890973
38 0.79730 1.898503
39 0.81560 1.909004
40 0.83360 1.914460
41 0.85060 1.920173
42 0.86480 1.924253
43 0.87510 1.925228
44 0.88660 1.927881
45 0.89680 1.934524
46 0.90650 1.936489
47 0.91480 1.939345
48 0.92260 1.944274
49 0.92930 1.948077
