0 0.00010 0.000000
1 0.00030 0.000000
2 0.00060 0.763394
3 0.00110 0.076307
4 0.00200 0.465168
5 0.00280 0.323921
6 0.00410 0.173945
7 0.00670 0.907933
8 0.01040 0.561982
9 0.01560 0.687182
10 0.02190 0.807663
11 0.02840 0.803103
12 0.03830 0.934545
13 0.05120 0.933084
14 0.06620 0.986403
15 0.08420 1.070725
16 0.10480 1.052213
17 0.12780 1.118850
18 0.15520 1.195639
19 0.18620 1.207745
20 0.21650 1.323482
21 0.25320 1.384936
22 0.29420 1.457943
23 0.32920 1.502900
24 0.36700 1.558939
25 0.40690 1.603745
26 0.44970 1.611453
27 0.48920 1.674719
28 0.52760 1.713314
29 0.56430 1.740806
30 0.59790 1.768782
31 0.63110 1.810524
32 0.66390 1.840057
33 0.69750 1.868453
34 0.72520 1.877627
35 0.75310 1.890378
36 0.77610 1.898533
37 0.79590 1.910462
38 0.81750 1.928789
39 0.83480 1.949370
40 0.84930 1.959709
41 0.86360 1.971449
42 0.87660 1.981676
43 0.88840 1.985521
44 0.89780 1.989151
45 0.90730 1.991891
46 0.91780 1.997305
47 0.92670 1.999110
48 0.93420 1.995904
49 0.94200 1.998062
