0 0.00010 nan
1 0.00030 inf
2 0.00060 inf
3 0.00110 inf
4 0.00200 inf
5 0.00280 inf
6 0.00410 inf
7 0.00670 2.000000
8 0.01040 1.790050
9 0.01560 1.690196
10 0.02190 1.595095
11 0.02840 1.610508
12 0.03830 1.536099
13 0.05120 1.556718
14 0.06620 1.600506
15 0.08420 1.649984
16 0.10480 1.659001
17 0.12780 1.678120
18 0.15520 1.687834
19 0.18620 1.735308
20 0.21650 1.750690
21 0.25320 1.767345
22 0.29420 1.792444
23 0.32920 1.807964
24 0.36700 1.849786
25 0.40690 1.843729
26 0.44970 1.846157
27 0.48920 1.865367
28 0.52760 1.864770
29 0.56430 1.875921
30 0.59790 1.890803
31 0.63110 1.895515
32 0.66390 1.895740
33 0.69750 1.903801
34 0.72520 1.906311
35 0.75310 1.909195
36 0.77610 1.912728
37 0.79590 1.916033
38 0.81750 1.923174
39 0.83480 1.930457
40 0.84930 1.936808
41 0.86360 1.940348
42 0.87660 1.943777
43 0.88840 1.947560
44 0.89780 1.952334
45 0.90730 1.958277
46 0.91780 1.962207
47 0.92670 1.964086
48 0.93420 1.967673
49 0.94200 1.971407
