0 0.00020 0.000000
1 0.00050 0.000000
2 0.00140 0.467970
3 0.00230 0.966015
4 0.00410 1.457542
5 0.00750 1.466631
6 0.01110 1.527241
7 0.01570 1.392861
8 0.02210 1.417212
9 0.02930 1.306138
10 0.03960 1.380769
11 0.05340 1.468881
12 0.06960 1.502607
13 0.08870 1.501122
14 0.10870 1.535937
15 0.13180 1.567244
16 0.16150 1.581201
17 0.19730 1.602781
18 0.23310 1.625334
19 0.27580 1.646426
20 0.32330 1.686464
21 0.37040 1.710580
22 0.41620 1.744402
23 0.46060 1.741010
24 0.50770 1.776366
25 0.55300 1.817127
26 0.60310 1.813411
27 0.64640 1.842839
28 0.68410 1.843909
29 0.72050 1.875993
30 0.75450 1.859362
31 0.78500 1.886413
32 0.81240 1.900092
33 0.83490 1.905436
34 0.85490 1.925311
35 0.87220 1.916869
36 0.88890 1.906322
37 0.90440 1.906955
38 0.91830 1.914800
39 0.92970 1.913058
40 0.93960 1.912623
41 0.94890 1.932513
42 0.95520 1.947603
43 0.96020 1.951885
44 0.96580 1.948097
45 0.96940 1.952126
46 0.97360 1.955136
47 0.97720 1.954823
48 0.97980 1.954182
49 0.98210 1.953707
