0 0.00020 inf
1 0.00050 inf
2 0.00140 inf
3 0.00230 1.662758
4 0.00410 1.544068
5 0.00750 1.877947
6 0.01110 1.993436
7 0.01570 1.946125
8 0.02210 1.800488
9 0.02930 1.870069
10 0.03960 1.963197
11 0.05340 1.990016
12 0.06960 1.864511
13 0.08870 1.882866
14 0.10870 1.837228
15 0.13180 1.830180
16 0.16150 1.878426
17 0.19730 1.895694
18 0.23310 1.916693
19 0.27580 1.957666
20 0.32330 1.991172
21 0.37040 1.989368
22 0.41620 1.973715
23 0.46060 1.968863
24 0.50770 1.958104
25 0.55300 1.954784
26 0.60310 1.952889
27 0.64640 1.943780
28 0.68410 1.953674
29 0.72050 1.971122
30 0.75450 1.972238
31 0.78500 1.972667
32 0.81240 1.978365
33 0.83490 1.979958
34 0.85490 1.985647
35 0.87220 1.986562
36 0.88890 1.987452
37 0.90440 1.991451
38 0.91830 1.998546
39 0.92970 2.003653
40 0.93960 2.001677
41 0.94890 2.002270
42 0.95520 2.002100
43 0.96020 2.003475
44 0.96580 2.005433
45 0.96940 2.006490
46 0.97360 2.005174
47 0.97720 2.006704
48 0.97980 2.006310
49 0.98210 2.008083
