0 0.00050 0.310112
1 0.00140 0.000000
2 0.00330 0.047941
3 0.00650 0.472170
4 0.01140 0.512817
5 0.01890 0.557726
6 0.02940 0.718223
7 0.04230 0.937617
8 0.05600 0.865414
9 0.07390 0.948033
10 0.09430 1.006877
11 0.11870 1.104528
12 0.14660 1.141224
13 0.17420 1.222196
14 0.20440 1.321492
15 0.23570 1.362080
16 0.27090 1.436645
17 0.30520 1.505981
18 0.34180 1.574394
19 0.38060 1.607819
20 0.41890 1.643345
21 0.45750 1.696347
22 0.49510 1.710277
23 0.53230 1.745416
24 0.56880 1.765440
25 0.59970 1.804788
26 0.63200 1.837591
27 0.66120 1.859894
28 0.69130 1.876294
29 0.72040 1.898895
30 0.74480 1.914943
31 0.76820 1.927226
32 0.79210 1.940107
33 0.81280 1.947298
34 0.83100 1.943029
35 0.84850 1.955943
36 0.86320 1.964047
37 0.87740 1.971087
38 0.88930 1.980579
39 0.90050 1.986039
40 0.91090 1.990758
41 0.91960 1.995098
42 0.92840 1.994934
43 0.93600 2.000709
44 0.94460 2.001621
45 0.95110 2.002181
46 0.95640 2.004540
47 0.96120 2.004540
48 0.96450 2.004540
49 0.96730 2.004540
