0 0.00050 inf
1 0.00140 inf
2 0.00330 1.255273
3 0.00650 1.301030
4 0.01140 1.638489
5 0.01890 1.673416
6 0.02940 1.742511
7 0.04230 1.673021
8 0.05600 1.619901
9 0.07390 1.656909
10 0.09430 1.679947
11 0.11870 1.688283
12 0.14660 1.691795
13 0.17420 1.741764
14 0.20440 1.760611
15 0.23570 1.787572
16 0.27090 1.781597
17 0.30520 1.800534
18 0.34180 1.826517
19 0.38060 1.837067
20 0.41890 1.841520
21 0.45750 1.832770
22 0.49510 1.824670
23 0.53230 1.835874
24 0.56880 1.845707
25 0.59970 1.856509
26 0.63200 1.867218
27 0.66120 1.877150
28 0.69130 1.888355
29 0.72040 1.897560
30 0.74480 1.907159
31 0.76820 1.921476
32 0.79210 1.915490
33 0.81280 1.921067
34 0.83100 1.924378
35 0.84850 1.933152
36 0.86320 1.939183
37 0.87740 1.939216
38 0.88930 1.946289
39 0.90050 1.947403
40 0.91090 1.949793
41 0.91960 1.952863
42 0.92840 1.955733
43 0.93600 1.958798
44 0.94460 1.960501
45 0.95110 1.961254
46 0.95640 1.963326
47 0.96120 1.966442
48 0.96450 1.968658
49 0.96730 1.970282
