0 0.00030 0.000000
1 0.00090 1.901955
2 0.00190 1.660801
3 0.00340 1.939199
4 0.00490 1.443073
5 0.00690 1.225401
6 0.01030 1.245337
7 0.01420 1.259095
8 0.01860 1.373583
9 0.02490 1.359748
10 0.03440 1.366546
11 0.04460 1.358335
12 0.05670 1.494365
13 0.07220 1.586154
14 0.09030 1.544454
15 0.11180 1.599766
16 0.13520 1.553470
17 0.16030 1.551517
18 0.19030 1.589794
19 0.22260 1.601253
20 0.25610 1.650850
21 0.29140 1.686415
22 0.33590 1.705934
23 0.37540 1.706784
24 0.41770 1.743551
25 0.45680 1.731608
26 0.50240 1.769205
27 0.54620 1.785066
28 0.58980 1.808889
29 0.62700 1.824421
30 0.66580 1.832379
31 0.70320 1.847749
32 0.73800 1.867492
33 0.76670 1.868438
34 0.79370 1.871597
35 0.81870 1.903728
36 0.84030 1.901998
37 0.86150 1.931098
38 0.88120 1.893621
39 0.89770 1.915294
40 0.90910 1.916086
41 0.92100 1.912174
42 0.93050 1.920704
43 0.94090 1.936905
44 0.95000 1.942879
45 0.95740 1.944203
46 0.96210 1.948406
47 0.96620 1.952082
48 0.97050 1.953361
49 0.97470 1.958939
