0 0.00030 nan
1 0.00090 inf
2 0.00190 inf
3 0.00340 inf
4 0.00490 inf
5 0.00690 inf
6 0.01030 2.247973
7 0.01420 2.419956
8 0.01860 2.264818
9 0.02490 2.099508
10 0.03440 2.229170
11 0.04460 2.346353
12 0.05670 2.255674
13 0.07220 2.192815
14 0.09030 2.128953
15 0.11180 2.055633
16 0.13520 2.019331
17 0.16030 1.980295
18 0.19030 2.004134
19 0.22260 2.021579
20 0.25610 1.985915
21 0.29140 2.008316
22 0.33590 2.003413
23 0.37540 2.006424
24 0.41770 2.019061
25 0.45680 1.994942
26 0.50240 1.993260
27 0.54620 2.013424
28 0.58980 2.022695
29 0.62700 2.005261
30 0.66580 2.011787
31 0.70320 2.010724
32 0.73800 1.993042
33 0.76670 1.992610
34 0.79370 2.000275
35 0.81870 1.993196
36 0.84030 1.989786
37 0.86150 1.990024
38 0.88120 1.992291
39 0.89770 1.994765
40 0.90910 1.997423
41 0.92100 1.996406
42 0.93050 2.000379
43 0.94090 2.006107
44 0.95000 2.012545
45 0.95740 2.017429
46 0.96210 2.018415
47 0.96620 2.018786
48 0.97050 2.020450
49 0.97470 2.018435
