0 0.00020 0.000000
1 0.00050 0.000000
2 0.00140 0.794202
3 0.00230 0.720930
4 0.00390 0.431035
5 0.00620 0.497756
6 0.00890 0.695085
7 0.01300 0.781846
8 0.01770 0.898865
9 0.02420 0.742571
10 0.03200 0.832909
11 0.04230 0.867273
12 0.05580 0.938586
13 0.07090 1.026623
14 0.09060 1.046675
15 0.11040 1.186409
16 0.13100 1.231151
17 0.15450 1.241044
18 0.18170 1.275298
19 0.21230 1.329633
20 0.24590 1.334981
21 0.27830 1.448879
22 0.31590 1.489608
23 0.35360 1.538731
24 0.39320 1.605861
25 0.43350 1.650291
26 0.47270 1.671766
27 0.51200 1.701121
28 0.55120 1.734415
29 0.58950 1.743819
30 0.62540 1.774096
31 0.65850 1.808701
32 0.69000 1.858477
33 0.71960 1.879985
34 0.74500 1.895003
35 0.76720 1.914729
36 0.79140 1.932001
37 0.81280 1.949990
38 0.83210 1.954213
39 0.84850 1.964221
40 0.86230 1.965179
41 0.87580 1.975102
42 0.88910 1.982066
43 0.90020 1.985920
44 0.90960 1.989958
45 0.91730 1.990881
46 0.92540 1.995237
47 0.93290 1.995796
48 0.93910 1.995796
49 0.94500 1.998523
