0 0.00020 nan
1 0.00050 inf
2 0.00140 inf
3 0.00230 inf
4 0.00390 1.924279
5 0.00620 1.851258
6 0.00890 1.821732
7 0.01300 1.745075
8 0.01770 1.810680
9 0.02420 1.834897
10 0.03200 1.793558
11 0.04230 1.746461
12 0.05580 1.698660
13 0.07090 1.749881
14 0.09060 1.761820
15 0.11040 1.762130
16 0.13100 1.832509
17 0.15450 1.817616
18 0.18170 1.806609
19 0.21230 1.818666
20 0.24590 1.826013
21 0.27830 1.827369
22 0.31590 1.834897
23 0.35360 1.829995
24 0.39320 1.841099
25 0.43350 1.844128
26 0.47270 1.851258
27 0.51200 1.854781
28 0.55120 1.863855
29 0.58950 1.879416
30 0.62540 1.890166
31 0.65850 1.891634
32 0.69000 1.897609
33 0.71960 1.907019
34 0.74500 1.914059
35 0.76720 1.923257
36 0.79140 1.929148
37 0.81280 1.935708
38 0.83210 1.945884
39 0.84850 1.950674
40 0.86230 1.953206
41 0.87580 1.957764
42 0.88910 1.961208
43 0.90020 1.964413
44 0.90960 1.966852
45 0.91730 1.967317
46 0.92540 1.970192
47 0.93290 1.974843
48 0.93910 1.974296
49 0.94500 1.978070
