0 0.04610 1.660231
1 0.08830 1.853074
2 0.13240 1.920932
3 0.17240 1.847076
4 0.20950 1.898132
5 0.24600 1.877882
6 0.28020 1.887766
7 0.31230 1.966435
8 0.34160 1.914390
9 0.37170 1.880616
10 0.40140 1.974219
11 0.42750 1.899798
12 0.45440 1.966506
13 0.47910 1.903270
14 0.50450 1.946649
15 0.53020 1.904369
16 0.55290 1.931794
17 0.57010 1.953593
18 0.58910 1.924002
19 0.60750 1.908681
20 0.62690 1.971925
21 0.64370 1.933791
22 0.66230 1.906122
23 0.67950 1.934679
24 0.69290 1.957892
25 0.70880 1.948029
26 0.72160 1.902643
27 0.73380 1.900019
28 0.74470 1.938504
29 0.75630 1.961628
30 0.76760 1.979608
31 0.77850 1.951635
32 0.78740 1.913734
33 0.79740 1.907523
34 0.80730 1.915934
35 0.81470 1.916342
36 0.82140 1.922195
37 0.83040 1.956426
38 0.83830 1.972561
39 0.84650 1.964111
40 0.85250 1.961790
41 0.85990 1.948993
42 0.86660 1.917223
43 0.87470 1.904415
44 0.88090 1.919832
45 0.88530 1.931620
46 0.89020 1.934951
47 0.89520 1.932439
48 0.90020 1.938908
49 0.90570 1.943063
