0 0.04610 inf
1 0.08830 2.018423
2 0.13240 1.942628
3 0.17240 2.071882
4 0.20950 2.006843
5 0.24600 2.056905
6 0.28020 2.047275
7 0.31230 2.005677
8 0.34160 1.969625
9 0.37170 1.961300
10 0.40140 1.976083
11 0.42750 1.973675
12 0.45440 1.979678
13 0.47910 1.969746
14 0.50450 1.971600
15 0.53020 1.979113
16 0.55290 1.970775
17 0.57010 1.967636
18 0.58910 1.971543
19 0.60750 1.986204
20 0.62690 1.988458
21 0.64370 1.997317
22 0.66230 1.987606
23 0.67950 1.981385
24 0.69290 1.987002
25 0.70880 1.991336
26 0.72160 2.000940
27 0.73380 1.999938
28 0.74470 2.002417
29 0.75630 2.004555
30 0.76760 2.001817
31 0.77850 2.006310
32 0.78740 2.012568
33 0.79740 2.014521
34 0.80730 2.014326
35 0.81470 2.017117
36 0.82140 2.015436
37 0.83040 2.023632
38 0.83830 2.024562
39 0.84650 2.023074
40 0.85250 2.024372
41 0.85990 2.020663
42 0.86660 2.022571
43 0.87470 2.024913
44 0.88090 2.023245
45 0.88530 2.027385
46 0.89020 2.024083
47 0.89520 2.024430
48 0.90020 2.023218
49 0.90570 2.021380
