0 0.00040 0.000000
1 0.00120 0.066228
2 0.00320 0.568669
3 0.00480 0.554319
4 0.00740 0.877334
5 0.01110 0.612405
6 0.01570 0.733035
7 0.02130 0.753113
8 0.02740 0.815421
9 0.03530 0.939048
10 0.04500 0.992594
11 0.05630 0.934869
12 0.07020 0.969361
13 0.08780 1.081703
14 0.10600 1.160569
15 0.12970 1.240847
16 0.15600 1.280138
17 0.18190 1.313893
18 0.21310 1.389397
19 0.24570 1.460090
20 0.27970 1.513381
21 0.31350 1.537359
22 0.34970 1.560223
23 0.38500 1.608445
24 0.41990 1.639316
25 0.45620 1.682217
26 0.49060 1.727796
27 0.52440 1.771960
28 0.55730 1.798891
29 0.59290 1.824343
30 0.62370 1.841094
31 0.65250 1.848993
32 0.67990 1.852093
33 0.70840 1.869244
34 0.73160 1.886788
35 0.75530 1.905304
36 0.77640 1.914369
37 0.79410 1.931243
38 0.81230 1.936693
39 0.83010 1.943517
40 0.84470 1.958951
41 0.85910 1.962885
42 0.86880 1.961659
43 0.87990 1.963567
44 0.89240 1.970317
45 0.90190 1.977278
46 0.91100 1.974743
47 0.91960 1.977358
48 0.92560 1.979759
49 0.93280 1.979101
