0 0.00040 inf
1 0.00120 inf
2 0.00320 1.623249
3 0.00480 1.574031
4 0.00740 1.785330
5 0.01110 1.806180
6 0.01570 1.678215
7 0.02130 1.626340
8 0.02740 1.636565
9 0.03530 1.662202
10 0.04500 1.619928
11 0.05630 1.620237
12 0.07020 1.648902
13 0.08780 1.715392
14 0.10600 1.745433
15 0.12970 1.675254
16 0.15600 1.690730
17 0.18190 1.718749
18 0.21310 1.733057
19 0.24570 1.749321
20 0.27970 1.777607
21 0.31350 1.775494
22 0.34970 1.781693
23 0.38500 1.804073
24 0.41990 1.818306
25 0.45620 1.843348
26 0.49060 1.867409
27 0.52440 1.875673
28 0.55730 1.886325
29 0.59290 1.894465
30 0.62370 1.893947
31 0.65250 1.908156
32 0.67990 1.919336
33 0.70840 1.931171
34 0.73160 1.932890
35 0.75530 1.937884
36 0.77640 1.943910
37 0.79410 1.951582
38 0.81230 1.958559
39 0.83010 1.959383
40 0.84470 1.964611
41 0.85910 1.963351
42 0.86880 1.967877
43 0.87990 1.970116
44 0.89240 1.973441
45 0.90190 1.976056
46 0.91100 1.981624
47 0.91960 1.981133
48 0.92560 1.984037
49 0.93280 1.985056
