0 0.00070 0.563492
1 0.00140 0.214230
2 0.00220 0.481648
3 0.00410 0.322009
4 0.00640 0.380491
5 0.00980 0.829516
6 0.01330 0.687352
7 0.01960 0.742084
8 0.02660 0.668610
9 0.03630 0.768479
10 0.04880 0.980797
11 0.06340 1.046248
12 0.08090 1.075005
13 0.10150 1.144685
14 0.12670 1.184854
15 0.15520 1.236978
16 0.18550 1.299484
17 0.21710 1.336379
18 0.25310 1.442138
19 0.28980 1.465734
20 0.32540 1.499746
21 0.36450 1.569515
22 0.40350 1.600922
23 0.44570 1.663690
24 0.48360 1.702982
25 0.51830 1.728601
26 0.55420 1.767444
27 0.58920 1.777528
28 0.62300 1.807247
29 0.65040 1.836611
30 0.67480 1.847986
31 0.70020 1.847373
32 0.72700 1.868543
33 0.74920 1.889093
34 0.77080 1.908598
35 0.79410 1.921740
36 0.81110 1.938474
37 0.83030 1.941298
38 0.84720 1.951546
39 0.86210 1.966025
40 0.87780 1.969257
41 0.89100 1.968587
42 0.90310 1.971719
43 0.90970 1.972151
44 0.91830 1.975815
45 0.92710 1.977666
46 0.93520 1.977364
47 0.94070 1.979549
48 0.94670 1.983909
49 0.95060 1.987540
