0 0.00070 inf
1 0.00140 1.041393
2 0.00220 1.243038
3 0.00410 1.054358
4 0.00640 1.234686
5 0.00980 1.353559
6 0.01330 1.452936
7 0.01960 1.513702
8 0.02660 1.527200
9 0.03630 1.527814
10 0.04880 1.538717
11 0.06340 1.604030
12 0.08090 1.621321
13 0.10150 1.672663
14 0.12670 1.691357
15 0.15520 1.722927
16 0.18550 1.746290
17 0.21710 1.768765
18 0.25310 1.794186
19 0.28980 1.787592
20 0.32540 1.806043
21 0.36450 1.825564
22 0.40350 1.848137
23 0.44570 1.876823
24 0.48360 1.886463
25 0.51830 1.903650
26 0.55420 1.920654
27 0.58920 1.920558
28 0.62300 1.924928
29 0.65040 1.930800
30 0.67480 1.940637
31 0.70020 1.942148
32 0.72700 1.948657
33 0.74920 1.959057
34 0.77080 1.961204
35 0.79410 1.962336
36 0.81110 1.966208
37 0.83030 1.970705
38 0.84720 1.967335
39 0.86210 1.964167
40 0.87780 1.967490
41 0.89100 1.970584
42 0.90310 1.971824
43 0.90970 1.975185
44 0.91830 1.974907
45 0.92710 1.979195
46 0.93520 1.983407
47 0.94070 1.985684
48 0.94670 1.988501
49 0.95060 1.990857
