0 0.05010 1.887676
1 0.09280 1.882593
2 0.13340 1.940017
3 0.17050 1.829515
4 0.20970 1.865529
5 0.24540 1.877200
6 0.27940 1.866219
7 0.30900 1.943217
8 0.34130 1.901606
9 0.37250 1.985873
10 0.40200 1.888938
11 0.42890 1.893828
12 0.45570 1.930606
13 0.47900 1.915469
14 0.49830 1.909394
15 0.52240 1.946638
16 0.54660 1.912011
17 0.56680 1.933877
18 0.58730 1.965864
19 0.60950 1.930654
20 0.62720 1.897513
21 0.64320 1.967595
22 0.66010 1.939288
23 0.67590 1.903646
24 0.69180 1.931918
25 0.70590 1.969875
26 0.71900 1.988059
27 0.72990 1.902136
28 0.74240 1.902492
29 0.75260 1.923019
30 0.76360 1.977666
31 0.77470 1.990944
32 0.78560 1.953950
33 0.79600 1.915998
34 0.80630 1.916876
35 0.81450 1.925979
36 0.82220 1.927936
37 0.82970 1.963767
38 0.83770 1.973709
39 0.84570 1.967535
40 0.85230 1.959248
41 0.85950 1.924070
42 0.86570 1.904379
43 0.87060 1.904953
44 0.87560 1.928181
45 0.87960 1.930980
46 0.88550 1.939920
47 0.89110 1.943857
48 0.89690 1.961777
49 0.90180 1.950016
