0 0.05010 inf
1 0.09280 2.051795
2 0.13340 2.230449
3 0.17050 2.096910
4 0.20970 2.014940
5 0.24540 2.029963
6 0.27940 1.971784
7 0.30900 1.984831
8 0.34130 1.987269
9 0.37250 2.010267
10 0.40200 1.999287
11 0.42890 2.010412
12 0.45570 2.017088
13 0.47900 2.004321
14 0.49830 2.010883
15 0.52240 2.018992
16 0.54660 2.014392
17 0.56680 2.017068
18 0.58730 2.012545
19 0.60950 2.009897
20 0.62720 2.004492
21 0.64320 2.010494
22 0.66010 1.997926
23 0.67590 2.006943
24 0.69180 2.002295
25 0.70590 1.994941
26 0.71900 1.997326
27 0.72990 1.991730
28 0.74240 1.983370
29 0.75260 1.978001
30 0.76360 1.976152
31 0.77470 1.965582
32 0.78560 1.964278
33 0.79600 1.965877
34 0.80630 1.966814
35 0.81450 1.961227
36 0.82220 1.962018
37 0.82970 1.967200
38 0.83770 1.974293
39 0.84570 1.972597
40 0.85230 1.973482
41 0.85950 1.971994
42 0.86570 1.975312
43 0.87060 1.976853
44 0.87560 1.970592
45 0.87960 1.967470
46 0.88550 1.969213
47 0.89110 1.970437
48 0.89690 1.973156
49 0.90180 1.971378
