0 0.00030 0.000000
1 0.00110 1.200000
2 0.00280 1.033985
3 0.00510 1.345028
4 0.00940 1.607987
5 0.01410 1.526243
6 0.02000 1.442788
7 0.02920 1.286817
8 0.03890 1.464236
9 0.05040 1.541423
10 0.06450 1.575679
11 0.08130 1.581435
12 0.10090 1.624669
13 0.12320 1.617242
14 0.14450 1.603072
15 0.17230 1.604714
16 0.20220 1.652956
17 0.22980 1.654507
18 0.26640 1.650601
19 0.30530 1.664753
20 0.34230 1.685196
21 0.38280 1.708684
22 0.42400 1.708275
23 0.46880 1.737062
24 0.51370 1.782181
25 0.55630 1.784832
26 0.59980 1.832060
27 0.64070 1.829010
28 0.68030 1.837770
29 0.71380 1.881359
30 0.74410 1.838861
31 0.77060 1.855922
32 0.79770 1.882388
33 0.82250 1.902713
34 0.84190 1.922135
35 0.86240 1.898437
36 0.88160 1.901629
37 0.89690 1.898042
38 0.90870 1.902135
39 0.92110 1.930315
40 0.93000 1.939953
41 0.93840 1.947030
42 0.94730 1.951132
43 0.95420 1.955089
44 0.96200 1.960801
45 0.96720 1.967377
46 0.97070 1.965553
47 0.97460 1.972555
48 0.97780 1.970275
49 0.98090 1.947931
