0 0.00030 nan
1 0.00110 inf
2 0.00280 inf
3 0.00510 inf
4 0.00940 inf
5 0.01410 1.815135
6 0.02000 1.858838
7 0.02920 1.811958
8 0.03890 1.859338
9 0.05040 1.900119
10 0.06450 1.924648
11 0.08130 1.890767
12 0.10090 1.868624
13 0.12320 1.932965
14 0.14450 1.883403
15 0.17230 1.892724
16 0.20220 1.886577
17 0.22980 1.886942
18 0.26640 1.899078
19 0.30530 1.888313
20 0.34230 1.863229
21 0.38280 1.854634
22 0.42400 1.867671
23 0.46880 1.892321
24 0.51370 1.893571
25 0.55630 1.902591
26 0.59980 1.901719
27 0.64070 1.901617
28 0.68030 1.902910
29 0.71380 1.909571
30 0.74410 1.904515
31 0.77060 1.917325
32 0.79770 1.912225
33 0.82250 1.916386
34 0.84190 1.912422
35 0.86240 1.923459
36 0.88160 1.928667
37 0.89690 1.934712
38 0.90870 1.940185
39 0.92110 1.943806
40 0.93000 1.949817
41 0.93840 1.950234
42 0.94730 1.953694
43 0.95420 1.956600
44 0.96200 1.958138
45 0.96720 1.958700
46 0.97070 1.961134
47 0.97460 1.964102
48 0.97780 1.963116
49 0.98090 1.965601
