0 0.00010 0.000000
1 0.00020 0.000000
2 0.00040 0.963296
3 0.00090 0.380070
4 0.00200 0.414203
5 0.00330 0.314673
6 0.00580 0.745532
7 0.00960 0.825517
8 0.01380 0.628562
9 0.02020 0.721955
10 0.02820 0.713035
11 0.03840 1.028652
12 0.05160 0.944890
13 0.06810 1.018693
14 0.08640 1.219224
15 0.10500 1.148245
16 0.12560 1.244874
17 0.14800 1.279554
18 0.17580 1.297909
19 0.20170 1.339356
20 0.23360 1.398382
21 0.26430 1.413454
22 0.30040 1.472883
23 0.33600 1.505099
24 0.37300 1.568004
25 0.41140 1.643151
26 0.44660 1.695009
27 0.48130 1.733189
28 0.51660 1.747754
29 0.55100 1.763853
30 0.58640 1.805917
31 0.61650 1.815399
32 0.64590 1.856611
33 0.67430 1.863684
34 0.70410 1.891879
35 0.73060 1.903031
36 0.75180 1.917233
37 0.77340 1.923868
38 0.79450 1.930698
39 0.81330 1.945980
40 0.83230 1.960060
41 0.84880 1.959666
42 0.86310 1.966996
43 0.87480 1.967806
44 0.88600 1.969543
45 0.89620 1.972922
46 0.90760 1.979517
47 0.91680 1.981720
48 0.92480 1.983762
49 0.93150 1.988684
