0 0.00010 nan
1 0.00020 inf
2 0.00040 inf
3 0.00090 inf
4 0.00200 inf
5 0.00330 inf
6 0.00580 1.367977
7 0.00960 1.556303
8 0.01380 1.624969
9 0.02020 1.611723
10 0.02820 1.794488
11 0.03840 1.713540
12 0.05160 1.732759
13 0.06810 1.705703
14 0.08640 1.759469
15 0.10500 1.756846
16 0.12560 1.778020
17 0.14800 1.758846
18 0.17580 1.737631
19 0.20170 1.735428
20 0.23360 1.776857
21 0.26430 1.791943
22 0.30040 1.806717
23 0.33600 1.812147
24 0.37300 1.816828
25 0.41140 1.836076
26 0.44660 1.839062
27 0.48130 1.829235
28 0.51660 1.838467
29 0.55100 1.836825
30 0.58640 1.845690
31 0.61650 1.846646
32 0.64590 1.854804
33 0.67430 1.862861
34 0.70410 1.869424
35 0.73060 1.883645
36 0.75180 1.888329
37 0.77340 1.898529
38 0.79450 1.901648
39 0.81330 1.908807
40 0.83230 1.908755
41 0.84880 1.918593
42 0.86310 1.928092
43 0.87480 1.932954
44 0.88600 1.939532
45 0.89620 1.939016
46 0.90760 1.944102
47 0.91680 1.948726
48 0.92480 1.949837
49 0.93150 1.952537
