0 0.00030 0.000000
1 0.00060 1.064874
2 0.00130 1.098618
3 0.00250 0.055619
4 0.00460 0.636011
5 0.00770 0.687486
6 0.01090 0.495049
7 0.01520 0.620223
8 0.02220 0.905840
9 0.03180 1.067844
10 0.04320 1.083787
11 0.05580 1.218553
12 0.06980 1.071672
13 0.08700 1.034878
14 0.10630 1.181058
15 0.12990 1.238823
16 0.15600 1.252548
17 0.18290 1.321177
18 0.20900 1.317202
19 0.23840 1.390115
20 0.27250 1.454030
21 0.30290 1.508467
22 0.33700 1.551731
23 0.37090 1.549020
24 0.40780 1.595188
25 0.44450 1.614275
26 0.47850 1.641083
27 0.51390 1.676956
28 0.54850 1.730394
29 0.57940 1.762403
30 0.61120 1.789033
31 0.64260 1.830443
32 0.67210 1.849410
33 0.69790 1.859597
34 0.72180 1.872269
35 0.74460 1.893891
36 0.76590 1.908624
37 0.78570 1.905798
38 0.80690 1.921756
39 0.82510 1.927914
40 0.84330 1.934778
41 0.85710 1.938878
42 0.87210 1.948649
43 0.88320 1.953029
44 0.89380 1.958782
45 0.90350 1.969041
46 0.91380 1.977796
47 0.92240 1.977286
48 0.93000 1.978013
49 0.93600 1.978960
