0 0.00030 nan
1 0.00060 inf
2 0.00130 inf
3 0.00250 inf
4 0.00460 inf
5 0.00770 1.243038
6 0.01090 1.395035
7 0.01520 1.574031
8 0.02220 1.714809
9 0.03180 1.668231
10 0.04320 1.655745
11 0.05580 1.661303
12 0.06980 1.677109
13 0.08700 1.671883
14 0.10630 1.732059
15 0.12990 1.731470
16 0.15600 1.736131
17 0.18290 1.763254
18 0.20900 1.771298
19 0.23840 1.795402
20 0.27250 1.807643
21 0.30290 1.818589
22 0.33700 1.819712
23 0.37090 1.843525
24 0.40780 1.852945
25 0.44450 1.849103
26 0.47850 1.837616
27 0.51390 1.856206
28 0.54850 1.870086
29 0.57940 1.874640
30 0.61120 1.886095
31 0.64260 1.894469
32 0.67210 1.899932
33 0.69790 1.903708
34 0.72180 1.913340
35 0.74460 1.915777
36 0.76590 1.920010
37 0.78570 1.923866
38 0.80690 1.930247
39 0.82510 1.934153
40 0.84330 1.937353
41 0.85710 1.944071
42 0.87210 1.947608
43 0.88320 1.947796
44 0.89380 1.950563
45 0.90350 1.955014
46 0.91380 1.958005
47 0.92240 1.959980
48 0.93000 1.963565
49 0.93600 1.965915
