0 0.00020 0.963296
1 0.00030 0.963296
2 0.00080 0.155056
3 0.00160 0.000000
4 0.00240 0.747943
5 0.00380 0.442569
6 0.00730 0.684526
7 0.01020 0.349285
8 0.01500 0.542189
9 0.02080 0.554719
10 0.02950 0.707775
11 0.04020 0.866455
12 0.05720 0.938890
13 0.07360 1.027959
14 0.09190 1.064400
15 0.11490 1.039769
16 0.14010 1.208420
17 0.16500 1.235851
18 0.19410 1.271367
19 0.22510 1.320213
20 0.25690 1.365326
21 0.29200 1.435534
22 0.32820 1.475292
23 0.37090 1.552147
24 0.40920 1.635837
25 0.44730 1.658717
26 0.48620 1.702197
27 0.52230 1.744041
28 0.55990 1.773114
29 0.59400 1.792045
30 0.62530 1.830327
31 0.65690 1.847033
32 0.68490 1.875642
33 0.71100 1.897929
34 0.73650 1.902036
35 0.76040 1.917692
36 0.78050 1.916187
37 0.79770 1.924528
38 0.81400 1.929373
39 0.83240 1.943212
40 0.84760 1.954472
41 0.86270 1.956647
42 0.87550 1.958266
43 0.88650 1.973039
44 0.89800 1.976419
45 0.90640 1.979937
46 0.91470 1.985422
47 0.92330 1.988703
48 0.92970 1.985055
49 0.93670 1.985485
