0 0.00020 nan
1 0.00030 nan
2 0.00080 inf
3 0.00160 1.113943
4 0.00240 1.041393
5 0.00380 1.217484
6 0.00730 1.481920
7 0.01020 1.721536
8 0.01500 1.683047
9 0.02080 1.624540
10 0.02950 1.604558
11 0.04020 1.660984
12 0.05720 1.686115
13 0.07360 1.667320
14 0.09190 1.720058
15 0.11490 1.700795
16 0.14010 1.718817
17 0.16500 1.726775
18 0.19410 1.738247
19 0.22510 1.765695
20 0.25690 1.787984
21 0.29200 1.805238
22 0.32820 1.811479
23 0.37090 1.818825
24 0.40920 1.821034
25 0.44730 1.821489
26 0.48620 1.814842
27 0.52230 1.826251
28 0.55990 1.843902
29 0.59400 1.851559
30 0.62530 1.865966
31 0.65690 1.874854
32 0.68490 1.884128
33 0.71100 1.887864
34 0.73650 1.889891
35 0.76040 1.896357
36 0.78050 1.900436
37 0.79770 1.905315
38 0.81400 1.911627
39 0.83240 1.919331
40 0.84760 1.925457
41 0.86270 1.929566
42 0.87550 1.932222
43 0.88650 1.932808
44 0.89800 1.936838
45 0.90640 1.939393
46 0.91470 1.943213
47 0.92330 1.946088
48 0.92970 1.946785
49 0.93670 1.949015
