0 0.00082 0.168665
1 0.00257 0.189712
2 0.00520 0.223955
3 0.00919 0.302618
4 0.01388 0.446830
5 0.01958 0.543126
6 0.02643 0.611583
7 0.03501 0.677255
8 0.04416 0.753772
9 0.05458 0.852638
10 0.06514 0.907582
11 0.07665 0.992164
12 0.08963 1.037972
13 0.10281 1.117978
14 0.11629 1.195808
15 0.13001 1.263053
16 0.14469 1.316473
17 0.16011 1.365207
18 0.17643 1.426739
19 0.19220 1.470776
20 0.20834 1.517594
21 0.22467 1.575925
22 0.24078 1.622304
23 0.25764 1.659981
24 0.27396 1.698679
25 0.29091 1.727571
26 0.30758 1.751570
27 0.32370 1.776063
28 0.34008 1.797725
29 0.35569 1.825561
30 0.37188 1.845735
31 0.38799 1.860436
32 0.40343 1.874030
33 0.41897 1.882191
34 0.43420 1.891710
35 0.44932 1.902518
36 0.46379 1.909403
37 0.47793 1.914687
38 0.49220 1.926104
39 0.50663 1.930129
40 0.52095 1.939308
41 0.53424 1.943670
42 0.54788 1.950355
43 0.56079 1.954266
44 0.57335 1.959039
45 0.58617 1.962073
46 0.59850 1.965104
47 0.61002 1.968636
48 0.62095 1.970365
49 0.63320 1.973026
0 0.00082 0.075949
1 0.00257 0.249120
2 0.00520 0.309544
3 0.00919 0.449347
4 0.01388 0.556130
5 0.01958 0.683353
6 0.02643 0.786573
7 0.03501 0.921482
8 0.04416 1.039065
9 0.05458 1.145922
10 0.06514 1.223734
11 0.07665 1.324213
12 0.08963 1.404365
13 0.10281 1.475290
14 0.11629 1.545033
15 0.13001 1.605920
16 0.14469 1.653667
17 0.16011 1.702066
18 0.17643 1.740865
19 0.19220 1.779845
20 0.20834 1.809912
21 0.22467 1.844949
22 0.24078 1.866784
23 0.25764 1.890285
24 0.27396 1.908646
25 0.29091 1.922056
26 0.30758 1.935618
27 0.32370 1.946322
28 0.34008 1.955589
29 0.35569 1.962907
30 0.37188 1.968841
31 0.38799 1.973679
32 0.40343 1.978501
33 0.41897 1.982773
34 0.43420 1.985703
35 0.44932 1.988095
36 0.46379 1.989423
37 0.47793 1.990749
38 0.49220 1.991810
39 0.50663 1.993134
40 0.52095 1.993663
41 0.53424 1.993928
42 0.54788 1.995514
43 0.56079 1.996043
44 0.57335 1.996043
45 0.58617 1.996043
46 0.59850 1.996571
47 0.61002 1.997099
48 0.62095 1.997099
49 0.63320 1.997891
