0 0.00030 0.000000
1 0.00060 0.155056
2 0.00150 0.228268
3 0.00350 0.478977
4 0.00660 0.435638
5 0.01110 0.704092
6 0.01730 0.648911
7 0.02480 0.653945
8 0.03420 0.795213
9 0.04700 0.941757
10 0.06200 1.018343
11 0.07870 1.103077
12 0.09800 1.123446
13 0.12110 1.119369
14 0.14640 1.224379
15 0.17220 1.295232
16 0.20020 1.277310
17 0.23350 1.311160
18 0.26870 1.380902
19 0.30610 1.446728
20 0.34440 1.495799
21 0.38190 1.570494
22 0.41840 1.604929
23 0.45640 1.657795
24 0.49420 1.664342
25 0.52850 1.693303
26 0.56590 1.728874
27 0.60310 1.769932
28 0.63790 1.811013
29 0.67070 1.833691
30 0.70030 1.865769
31 0.72710 1.881209
32 0.75190 1.904405
33 0.77610 1.926141
34 0.79940 1.944038
35 0.82150 1.952131
36 0.83900 1.965220
37 0.85290 1.971138
38 0.86400 1.979083
39 0.87590 1.982419
40 0.88800 1.983354
41 0.89870 1.986314
42 0.90810 1.987288
43 0.91760 1.988379
44 0.92560 1.991289
45 0.93250 1.989628
46 0.93810 1.991638
47 0.94350 1.993451
48 0.94790 1.994178
49 0.95230 1.995098
