0 0.00030 nan
1 0.00060 inf
2 0.00150 inf
3 0.00350 1.249198
4 0.00660 1.462398
5 0.01110 1.630936
6 0.01730 1.848189
7 0.02480 1.886491
8 0.03420 1.804821
9 0.04700 1.714609
10 0.06200 1.673745
11 0.07870 1.652469
12 0.09800 1.701981
13 0.12110 1.699549
14 0.14640 1.709637
15 0.17220 1.751526
16 0.20020 1.780797
17 0.23350 1.784590
18 0.26870 1.799736
19 0.30610 1.836568
20 0.34440 1.853732
21 0.38190 1.847964
22 0.41840 1.864673
23 0.45640 1.883178
24 0.49420 1.906767
25 0.52850 1.902310
26 0.56590 1.910810
27 0.60310 1.906981
28 0.63790 1.916595
29 0.67070 1.916332
30 0.70030 1.925468
31 0.72710 1.930146
32 0.75190 1.938659
33 0.77610 1.939613
34 0.79940 1.944513
35 0.82150 1.956808
36 0.83900 1.963872
37 0.85290 1.968661
38 0.86400 1.971590
39 0.87590 1.977444
40 0.88800 1.978102
41 0.89870 1.982220
42 0.90810 1.983887
43 0.91760 1.984972
44 0.92560 1.985831
45 0.93250 1.987534
46 0.93810 1.990714
47 0.94350 1.993703
48 0.94790 1.995094
49 0.95230 1.996282
