0 0.00020 0.000000
1 0.00100 1.667970
2 0.00180 1.766015
3 0.00370 1.457542
4 0.00610 1.318473
5 0.00910 1.398308
6 0.01450 1.251157
7 0.01990 1.385250
8 0.02650 1.397455
9 0.03440 1.504089
10 0.04300 1.509075
11 0.05590 1.503268
12 0.07310 1.430497
13 0.09270 1.539728
14 0.11660 1.544091
15 0.14350 1.601501
16 0.17220 1.611216
17 0.20310 1.619490
18 0.23860 1.620393
19 0.27710 1.643245
20 0.31810 1.661947
21 0.36110 1.681094
22 0.40940 1.669880
23 0.45440 1.693380
24 0.50090 1.737163
25 0.54730 1.734875
26 0.59040 1.790845
27 0.63670 1.794859
28 0.67570 1.815703
29 0.71410 1.864103
30 0.74480 1.856498
31 0.77430 1.875429
32 0.80490 1.884436
33 0.83210 1.920296
34 0.85440 1.898170
35 0.87050 1.891736
36 0.88800 1.890961
37 0.90050 1.894411
38 0.91350 1.915993
39 0.92440 1.932833
40 0.93580 1.942660
41 0.94400 1.945069
42 0.95150 1.944627
43 0.95740 1.947819
44 0.96290 1.950528
45 0.96840 1.934406
46 0.97350 1.925943
47 0.97710 1.929774
48 0.97980 1.927977
49 0.98210 1.927880
