0 0.00020 nan
1 0.00100 inf
2 0.00180 inf
3 0.00370 inf
4 0.00610 inf
5 0.00910 inf
6 0.01450 2.006466
7 0.01990 2.183270
8 0.02650 1.930440
9 0.03440 1.872156
10 0.04300 1.896526
11 0.05590 1.902672
12 0.07310 1.989153
13 0.09270 2.023938
14 0.11660 1.991580
15 0.14350 1.991088
16 0.17220 1.971806
17 0.20310 1.969854
18 0.23860 1.960101
19 0.27710 1.943231
20 0.31810 1.961341
21 0.36110 1.973354
22 0.40940 1.952878
23 0.45440 1.972176
24 0.50090 1.971737
25 0.54730 1.951294
26 0.59040 1.948280
27 0.63670 1.931955
28 0.67570 1.938817
29 0.71410 1.948394
30 0.74480 1.942414
31 0.77430 1.951280
32 0.80490 1.960065
33 0.83210 1.964758
34 0.85440 1.971851
35 0.87050 1.974811
36 0.88800 1.974830
37 0.90050 1.980110
38 0.91350 1.984116
39 0.92440 1.989883
40 0.93580 1.993191
41 0.94400 1.991871
42 0.95150 1.991569
43 0.95740 1.992245
44 0.96290 1.994318
45 0.96840 1.992523
46 0.97350 1.995659
47 0.97710 1.994876
48 0.97980 1.995752
49 0.98210 1.995380
