0 0.00140 0.000000
1 0.00690 0.320212
2 0.01770 0.460218
3 0.03270 0.592777
4 0.05430 0.716626
5 0.08090 0.874855
6 0.11380 1.082973
7 0.15440 1.212815
8 0.19080 1.323885
9 0.23480 1.436174
10 0.27840 1.553513
11 0.32590 1.648134
12 0.36960 1.721011
13 0.41250 1.771341
14 0.45390 1.818821
15 0.49420 1.855625
16 0.53370 1.879698
17 0.56800 1.899976
18 0.60310 1.921891
19 0.63420 1.939518
20 0.66240 1.947450
21 0.69000 1.953389
22 0.71100 1.963375
23 0.73330 1.970962
24 0.75590 1.970497
25 0.77480 1.973278
26 0.79180 1.974376
27 0.80820 1.977666
28 0.82370 1.978608
29 0.83710 1.978457
30 0.84990 1.980640
31 0.86020 1.982459
32 0.87240 1.987545
33 0.88200 1.992616
34 0.89100 1.992616
35 0.89950 1.994467
36 0.90790 1.993230
37 0.91410 1.993230
38 0.92090 1.991842
39 0.92700 1.991842
40 0.93200 1.991842
41 0.93640 1.990611
42 0.94100 1.990611
43 0.94580 1.991692
44 0.94990 1.991692
45 0.95350 1.990463
46 0.95760 1.992266
47 0.95970 1.992118
48 0.96320 1.992118
49 0.96480 1.992118
