0 0.00140 inf
1 0.00690 inf
2 0.01770 1.447158
3 0.03270 1.247155
4 0.05430 1.435367
5 0.08090 1.339006
6 0.11380 1.411379
7 0.15440 1.446665
8 0.19080 1.462574
9 0.23480 1.487077
10 0.27840 1.517196
11 0.32590 1.540056
12 0.36960 1.575425
13 0.41250 1.622618
14 0.45390 1.653213
15 0.49420 1.692577
16 0.53370 1.711146
17 0.56800 1.741331
18 0.60310 1.757814
19 0.63420 1.767061
20 0.66240 1.782743
21 0.69000 1.797168
22 0.71100 1.809461
23 0.73330 1.823101
24 0.75590 1.834284
25 0.77480 1.846731
26 0.79180 1.856859
27 0.80820 1.865674
28 0.82370 1.872019
29 0.83710 1.880828
30 0.84990 1.888232
31 0.86020 1.895516
32 0.87240 1.902923
33 0.88200 1.909782
34 0.89100 1.912112
35 0.89950 1.917758
36 0.90790 1.924449
37 0.91410 1.927159
38 0.92090 1.931674
39 0.92700 1.936727
40 0.93200 1.939432
41 0.93640 1.941502
42 0.94100 1.945280
43 0.94580 1.949426
44 0.94990 1.952462
45 0.95350 1.955298
46 0.95760 1.958269
47 0.95970 1.959635
48 0.96320 1.960979
49 0.96480 1.961921
