0 0.00020 0.000000
1 0.00030 0.563492
2 0.00110 0.010943
3 0.00240 0.290950
4 0.00530 0.432333
5 0.00920 0.554407
6 0.01510 0.761345
7 0.02160 0.863295
8 0.03070 0.781643
9 0.04140 0.976797
10 0.05300 1.003700
11 0.06860 1.077332
12 0.08490 1.093648
13 0.10420 1.068060
14 0.12570 1.076075
15 0.15080 1.138391
16 0.18040 1.260071
17 0.20790 1.333379
18 0.23730 1.391356
19 0.26890 1.478529
20 0.29940 1.519479
21 0.33020 1.576251
22 0.36190 1.599263
23 0.39840 1.635939
24 0.43250 1.662130
25 0.46490 1.700563
26 0.49700 1.719041
27 0.52850 1.711170
28 0.56060 1.743659
29 0.59010 1.791170
30 0.61960 1.804355
31 0.64750 1.835016
32 0.67200 1.847512
33 0.69780 1.859954
34 0.72250 1.869246
35 0.74560 1.891099
36 0.77010 1.906360
37 0.79310 1.923670
38 0.81220 1.931776
39 0.82900 1.941107
40 0.84460 1.951863
41 0.85970 1.948695
42 0.87260 1.950881
43 0.88580 1.959253
44 0.89610 1.963525
45 0.90560 1.974943
46 0.91590 1.981539
47 0.92540 1.988109
48 0.93230 1.986684
49 0.93940 1.987612
