0 0.00020 inf
1 0.00030 inf
2 0.00110 inf
3 0.00240 inf
4 0.00530 1.414973
5 0.00920 1.579784
6 0.01510 1.876987
7 0.02160 1.663936
8 0.03070 1.678215
9 0.04140 1.671070
10 0.05300 1.743118
11 0.06860 1.778151
12 0.08490 1.724054
13 0.10420 1.713735
14 0.12570 1.716838
15 0.15080 1.744916
16 0.18040 1.775974
17 0.20790 1.792163
18 0.23730 1.804938
19 0.26890 1.806572
20 0.29940 1.800226
21 0.33020 1.796934
22 0.36190 1.812562
23 0.39840 1.810427
24 0.43250 1.833697
25 0.46490 1.840713
26 0.49700 1.859929
27 0.52850 1.868740
28 0.56060 1.876700
29 0.59010 1.892222
30 0.61960 1.897567
31 0.64750 1.902575
32 0.67200 1.899966
33 0.69780 1.901469
34 0.72250 1.909255
35 0.74560 1.910194
36 0.77010 1.913196
37 0.79310 1.915401
38 0.81220 1.919369
39 0.82900 1.914440
40 0.84460 1.918995
41 0.85970 1.922689
42 0.87260 1.927124
43 0.88580 1.931206
44 0.89610 1.931282
45 0.90560 1.936145
46 0.91590 1.939344
47 0.92540 1.943988
48 0.93230 1.945121
49 0.93940 1.945575
