0 0.04630 1.659652
1 0.09350 1.893934
2 0.13550 1.849565
3 0.17320 1.828495
4 0.20880 1.821355
5 0.24280 1.881842
6 0.27640 1.944484
7 0.30730 1.887622
8 0.33970 1.881301
9 0.36970 1.956750
10 0.39770 1.874991
11 0.42490 1.972805
12 0.45280 1.920075
13 0.48010 1.879792
14 0.50340 1.957386
15 0.52510 1.953890
16 0.54590 1.906013
17 0.56390 1.952237
18 0.58180 1.923238
19 0.60190 1.917207
20 0.62090 1.949332
21 0.63890 1.952091
22 0.65610 1.903565
23 0.67060 1.909963
24 0.68810 1.954413
25 0.70330 1.984210
26 0.71810 1.896665
27 0.72950 1.892515
28 0.74110 1.924084
29 0.75310 1.961055
30 0.76510 1.976734
31 0.77660 1.949680
32 0.78720 1.909006
33 0.79730 1.916919
34 0.80550 1.922733
35 0.81450 1.940216
36 0.82240 1.966516
37 0.83070 1.962706
38 0.83960 1.954413
39 0.84680 1.938126
40 0.85480 1.899677
41 0.86140 1.904319
42 0.86790 1.918648
43 0.87430 1.930642
44 0.88170 1.937117
45 0.88620 1.947901
46 0.89080 1.941367
47 0.89540 1.943715
48 0.90030 1.943190
49 0.90490 1.949857
