0 0.04630 1.908485
1 0.09350 2.539076
2 0.13550 2.166134
3 0.17320 1.990857
4 0.20880 2.000255
5 0.24280 2.053078
6 0.27640 2.088874
7 0.30730 2.128423
8 0.33970 2.117076
9 0.36970 2.145474
10 0.39770 2.127246
11 0.42490 2.098644
12 0.45280 2.085496
13 0.48010 2.052790
14 0.50340 2.049566
15 0.52510 2.060101
16 0.54590 2.076431
17 0.56390 2.071366
18 0.58180 2.078826
19 0.60190 2.078487
20 0.62090 2.074130
21 0.63890 2.073625
22 0.65610 2.052620
23 0.67060 2.060966
24 0.68810 2.057856
25 0.70330 2.056151
26 0.71810 2.053761
27 0.72950 2.059685
28 0.74110 2.066867
29 0.75310 2.066753
30 0.76510 2.074813
31 0.77660 2.079108
32 0.78720 2.065633
33 0.79730 2.058624
34 0.80550 2.057686
35 0.81450 2.056722
36 0.82240 2.055649
37 0.83070 2.057401
38 0.83960 2.050769
39 0.84680 2.049233
40 0.85480 2.052083
41 0.86140 2.055003
42 0.86790 2.057919
43 0.87430 2.056443
44 0.88170 2.061879
45 0.88620 2.059883
46 0.89080 2.064444
47 0.89540 2.065452
48 0.90030 2.069086
49 0.90490 2.069646
