0 0.00060 0.000000
1 0.00150 1.501955
2 0.00370 1.457542
3 0.00680 1.312514
4 0.01130 1.336794
5 0.01800 1.419043
6 0.02810 1.506906
7 0.03810 1.612969
8 0.05000 1.556383
9 0.06580 1.544111
10 0.08220 1.538792
11 0.09910 1.609339
12 0.12140 1.573084
13 0.14600 1.560426
14 0.17260 1.545046
15 0.20370 1.605311
16 0.24180 1.631140
17 0.28130 1.676376
18 0.32080 1.692518
19 0.36180 1.714037
20 0.40390 1.737926
21 0.44880 1.762106
22 0.49520 1.753949
23 0.54230 1.794317
24 0.58640 1.798277
25 0.62650 1.834641
26 0.66580 1.850693
27 0.70410 1.846494
28 0.73770 1.872066
29 0.76940 1.893261
30 0.79810 1.874926
31 0.82350 1.885681
32 0.84530 1.908503
33 0.86490 1.933774
34 0.88350 1.918888
35 0.89920 1.896874
36 0.91270 1.911038
37 0.92410 1.914235
38 0.93630 1.910665
39 0.94580 1.932959
40 0.95290 1.940097
41 0.95910 1.944774
42 0.96540 1.947326
43 0.97050 1.949432
44 0.97370 1.951828
45 0.97730 1.953400
46 0.97940 1.954203
47 0.98200 1.956902
48 0.98460 1.957376
49 0.98630 1.957376
