0 0.00060 inf
1 0.00150 inf
2 0.00370 inf
3 0.00680 inf
4 0.01130 2.209515
5 0.01800 2.399674
6 0.02810 2.160368
7 0.03810 1.956306
8 0.05000 1.846527
9 0.06580 1.860005
10 0.08220 1.872536
11 0.09910 1.918877
12 0.12140 1.944483
13 0.14600 1.953721
14 0.17260 1.967504
15 0.20370 1.954698
16 0.24180 1.969150
17 0.28130 1.975059
18 0.32080 1.974136
19 0.36180 1.984459
20 0.40390 1.990315
21 0.44880 1.969701
22 0.49520 1.977260
23 0.54230 1.964528
24 0.58640 1.953599
25 0.62650 1.958973
26 0.66580 1.963558
27 0.70410 1.969061
28 0.73770 1.966875
29 0.76940 1.974473
30 0.79810 1.980739
31 0.82350 1.972326
32 0.84530 1.973959
33 0.86490 1.980053
34 0.88350 1.980003
35 0.89920 1.985156
36 0.91270 1.984625
37 0.92410 1.987807
38 0.93630 1.991126
39 0.94580 1.989890
40 0.95290 1.993976
41 0.95910 1.990639
42 0.96540 1.990728
43 0.97050 1.994496
44 0.97370 1.997076
45 0.97730 1.997591
46 0.97940 1.997979
47 0.98200 1.999137
48 0.98460 2.000378
49 0.98630 2.001613
