0 0.04350 1.728681
1 0.08490 1.838959
2 0.12480 1.917707
3 0.16650 1.830930
4 0.20760 1.827460
5 0.24120 1.864604
6 0.27630 1.936858
7 0.31060 1.951363
8 0.34220 1.871781
9 0.37240 1.912967
10 0.40430 1.973505
11 0.43300 1.883449
12 0.45820 1.994294
13 0.48370 1.891926
14 0.50810 1.944709
15 0.53190 1.901087
16 0.55360 1.930984
17 0.57710 1.959300
18 0.59670 1.928119
19 0.61520 1.923374
20 0.63250 1.977616
21 0.64930 1.913444
22 0.66320 1.896536
23 0.67900 1.925540
24 0.69290 1.957574
25 0.70840 1.956323
26 0.72300 1.897831
27 0.73500 1.899953
28 0.74750 1.963948
29 0.75890 1.984290
30 0.77080 1.908931
31 0.78000 1.914788
32 0.78890 1.918124
33 0.80010 1.917325
34 0.80770 1.952049
35 0.81590 1.971198
36 0.82450 1.955235
37 0.83190 1.949885
38 0.83840 1.898074
39 0.84690 1.902557
40 0.85440 1.929043
41 0.86080 1.939358
42 0.86860 1.939247
43 0.87620 1.941613
44 0.88270 1.937327
45 0.88840 1.941696
46 0.89390 1.939677
47 0.89700 1.951596
48 0.90120 1.961074
49 0.90530 1.965665
