0 0.04350 1.409369
1 0.08490 1.584654
2 0.12480 1.810680
3 0.16650 1.874647
4 0.20760 1.976916
5 0.24120 2.066816
6 0.27630 2.116215
7 0.31060 2.086004
8 0.34220 2.070621
9 0.37240 2.044099
10 0.40430 2.042707
11 0.43300 2.044841
12 0.45820 2.032296
13 0.48370 2.005672
14 0.50810 2.007556
15 0.53190 2.010506
16 0.55360 2.020786
17 0.57710 2.020516
18 0.59670 2.010394
19 0.61520 2.009457
20 0.63250 2.016142
21 0.64930 2.004057
22 0.66320 1.998837
23 0.67900 2.008358
24 0.69290 2.008740
25 0.70840 2.011526
26 0.72300 2.013180
27 0.73500 2.010052
28 0.74750 2.008982
29 0.75890 2.010140
30 0.77080 2.008789
31 0.78000 2.005648
32 0.78890 2.010257
33 0.80010 2.012558
34 0.80770 2.012291
35 0.81590 2.010916
36 0.82450 2.008174
37 0.83190 2.011151
38 0.83840 2.009584
39 0.84690 2.007593
40 0.85440 2.012350
41 0.86080 2.006413
42 0.86860 2.001952
43 0.87620 2.004771
44 0.88270 2.004207
45 0.88840 2.002434
46 0.89390 2.004754
47 0.89700 2.001012
48 0.90120 2.002104
49 0.90530 2.001622
