0 0.00200 0.075140
1 0.00740 0.208075
2 0.02190 0.459551
3 0.04410 0.546818
4 0.07240 0.771650
5 0.10720 1.008036
6 0.14090 1.189691
7 0.18230 1.318404
8 0.22070 1.449058
9 0.26320 1.552038
10 0.30450 1.619989
11 0.34730 1.698935
12 0.38840 1.757947
13 0.42970 1.801992
14 0.46880 1.839981
15 0.50690 1.872846
16 0.54200 1.896331
17 0.57420 1.916458
18 0.60600 1.930066
19 0.63480 1.951297
20 0.66550 1.954795
21 0.69010 1.961100
22 0.71510 1.961533
23 0.73610 1.973527
24 0.75610 1.978286
25 0.77380 1.979955
26 0.79060 1.986723
27 0.80730 1.990721
28 0.82340 1.996355
29 0.83860 2.002493
30 0.84970 2.003574
31 0.86150 2.002325
32 0.87170 2.002158
33 0.88280 2.002881
34 0.89290 2.003960
35 0.90000 2.003794
36 0.90660 2.002552
37 0.91210 2.002552
38 0.91900 2.002552
39 0.92510 2.002552
40 0.93050 2.002552
41 0.93510 2.002389
42 0.93970 2.002389
43 0.94500 2.002389
44 0.95050 2.002389
45 0.95390 2.002389
46 0.95720 2.002389
47 0.96090 2.001151
48 0.96290 2.001151
49 0.96530 2.001151
