0 0.00200 inf
1 0.00740 inf
2 0.02190 1.271067
3 0.04410 1.265211
4 0.07240 1.297676
5 0.10720 1.362167
6 0.14090 1.392752
7 0.18230 1.441415
8 0.22070 1.501046
9 0.26320 1.502246
10 0.30450 1.535349
11 0.34730 1.553845
12 0.38840 1.585225
13 0.42970 1.602912
14 0.46880 1.627289
15 0.50690 1.643589
16 0.54200 1.659142
17 0.57420 1.685644
18 0.60600 1.706830
19 0.63480 1.729240
20 0.66550 1.747007
21 0.69010 1.755234
22 0.71510 1.777066
23 0.73610 1.794640
24 0.75610 1.806056
25 0.77380 1.819527
26 0.79060 1.828137
27 0.80730 1.837324
28 0.82340 1.847151
29 0.83860 1.857527
30 0.84970 1.865116
31 0.86150 1.874203
32 0.87170 1.880884
33 0.88280 1.887744
34 0.89290 1.892783
35 0.90000 1.895662
36 0.90660 1.900091
37 0.91210 1.904419
38 0.91900 1.908549
39 0.92510 1.913382
40 0.93050 1.917444
41 0.93510 1.919791
42 0.93970 1.923400
43 0.94500 1.927704
44 0.95050 1.931869
45 0.95390 1.934317
46 0.95720 1.936704
47 0.96090 1.939603
48 0.96290 1.941343
49 0.96530 1.942992
