0 0.04430 1.662562
1 0.08930 1.877130
2 0.12830 1.967486
3 0.16620 1.900647
4 0.20750 1.825212
5 0.24220 1.865672
6 0.27850 1.858149
7 0.31370 1.965597
8 0.34670 1.878891
9 0.37980 1.935584
10 0.40620 1.946041
11 0.43600 1.883001
12 0.46300 1.982547
13 0.48850 1.891127
14 0.51440 1.970673
15 0.53500 1.974170
16 0.55660 1.912545
17 0.57780 1.950962
18 0.59880 1.916880
19 0.61480 1.920887
20 0.63290 1.954643
21 0.64810 1.981784
22 0.66370 1.920041
23 0.67840 1.909120
24 0.69440 1.924828
25 0.71070 1.960256
26 0.72490 1.994768
27 0.73500 1.914615
28 0.74950 1.906177
29 0.76020 1.914707
30 0.77190 1.973579
31 0.78320 1.987257
32 0.79410 1.948456
33 0.80260 1.910275
34 0.81220 1.923356
35 0.82000 1.917325
36 0.82880 1.918449
37 0.83680 1.948584
38 0.84570 1.973943
39 0.85440 1.960866
40 0.86140 1.959938
41 0.86720 1.956821
42 0.87440 1.920578
43 0.88040 1.908357
44 0.88640 1.920805
45 0.89170 1.928821
46 0.89590 1.937279
47 0.90120 1.943298
48 0.90540 1.944916
49 0.90980 1.952848
