0 0.04430 1.486667
1 0.08930 1.740363
2 0.12830 1.971806
3 0.16620 2.043362
4 0.20750 2.154576
5 0.24220 2.098836
6 0.27850 2.060116
7 0.31370 2.051153
8 0.34670 2.069020
9 0.37980 2.077020
10 0.40620 2.052404
11 0.43600 2.052204
12 0.46300 2.053338
13 0.48850 2.033330
14 0.51440 2.046373
15 0.53500 2.044276
16 0.55660 2.032417
17 0.57780 2.030456
18 0.59880 2.027925
19 0.61480 2.024184
20 0.63290 2.022055
21 0.64810 2.026236
22 0.66370 2.029232
23 0.67840 2.028995
24 0.69440 2.035500
25 0.71070 2.039204
26 0.72490 2.032145
27 0.73500 2.030319
28 0.74950 2.026384
29 0.76020 2.027050
30 0.77190 2.020871
31 0.78320 2.016161
32 0.79410 2.004693
33 0.80260 2.005118
34 0.81220 2.009124
35 0.82000 2.010575
36 0.82880 2.011543
37 0.83680 2.003639
38 0.84570 2.002244
39 0.85440 2.005403
40 0.86140 2.004023
41 0.86720 2.002910
42 0.87440 2.003626
43 0.88040 2.003664
44 0.88640 2.006501
45 0.89170 2.011988
46 0.89590 2.010192
47 0.90120 2.010090
48 0.90540 2.009711
49 0.90980 2.011367
