0 0.00050 0.465168
1 0.00160 0.480700
2 0.00370 0.746018
3 0.00750 1.066234
4 0.01190 0.762732
5 0.01610 0.816242
6 0.02260 0.774214
7 0.03060 0.829902
8 0.04030 0.980054
9 0.05100 1.013307
10 0.06330 0.898694
11 0.08020 0.924340
12 0.10010 0.995258
13 0.12340 1.064641
14 0.14770 1.116467
15 0.17660 1.211448
16 0.20840 1.290860
17 0.24050 1.356094
18 0.27820 1.422718
19 0.32030 1.451859
20 0.36260 1.495133
21 0.39950 1.531478
22 0.44230 1.613976
23 0.48250 1.658790
24 0.52050 1.718739
25 0.55580 1.760584
26 0.59470 1.802272
27 0.63100 1.833337
28 0.66670 1.855229
29 0.69930 1.880729
30 0.73050 1.893294
31 0.75560 1.908953
32 0.77860 1.928051
33 0.79990 1.941654
34 0.82050 1.959115
35 0.83770 1.966570
36 0.85380 1.972702
37 0.86860 1.976359
38 0.88260 1.975904
39 0.89530 1.979759
40 0.90600 1.984483
41 0.91540 1.987598
42 0.92270 1.987087
43 0.93180 1.991065
44 0.93860 1.993230
45 0.94510 1.994311
46 0.95100 1.996470
47 0.95460 1.997195
48 0.95880 1.998273
49 0.96210 1.999351
