0 0.00050 nan
1 0.00160 inf
2 0.00370 1.397940
3 0.00750 1.707570
4 0.01190 1.797037
5 0.01610 1.693727
6 0.02260 1.427903
7 0.03060 1.484674
8 0.04030 1.516403
9 0.05100 1.517716
10 0.06330 1.542825
11 0.08020 1.604946
12 0.10010 1.619541
13 0.12340 1.701758
14 0.14770 1.754921
15 0.17660 1.772109
16 0.20840 1.777435
17 0.24050 1.799876
18 0.27820 1.798549
19 0.32030 1.793839
20 0.36260 1.798468
21 0.39950 1.807180
22 0.44230 1.827278
23 0.48250 1.835952
24 0.52050 1.844358
25 0.55580 1.865187
26 0.59470 1.872483
27 0.63100 1.881460
28 0.66670 1.896371
29 0.69930 1.906924
30 0.73050 1.918291
31 0.75560 1.924984
32 0.77860 1.933285
33 0.79990 1.931479
34 0.82050 1.935498
35 0.83770 1.944525
36 0.85380 1.948861
37 0.86860 1.949662
38 0.88260 1.955617
39 0.89530 1.958298
40 0.90600 1.962979
41 0.91540 1.969054
42 0.92270 1.972514
43 0.93180 1.975809
44 0.93860 1.978816
45 0.94510 1.980161
46 0.95100 1.980383
47 0.95460 1.982475
48 0.95880 1.984820
49 0.96210 1.987045
