0 0.00060 1.808534
1 0.00120 0.952353
2 0.00190 1.118352
3 0.00320 0.396517
4 0.00550 0.438090
5 0.00820 0.610748
6 0.01210 0.732610
7 0.01790 0.962113
8 0.02530 0.957759
9 0.03490 0.917986
10 0.04810 0.885932
11 0.06140 0.971438
12 0.07790 1.006781
13 0.09700 1.037360
14 0.11990 1.114334
15 0.14610 1.094941
16 0.17390 1.185195
17 0.20070 1.204000
18 0.22980 1.267010
19 0.26340 1.320962
20 0.30020 1.360032
21 0.33730 1.440801
22 0.37390 1.492618
23 0.41040 1.536903
24 0.44630 1.591148
25 0.48250 1.639845
26 0.51910 1.691501
27 0.55450 1.709537
28 0.59520 1.772818
29 0.63170 1.809434
30 0.66480 1.837643
31 0.69250 1.865550
32 0.71970 1.892540
33 0.74410 1.915757
34 0.76740 1.921096
35 0.79030 1.929422
36 0.80940 1.942957
37 0.82720 1.951266
38 0.84470 1.957320
39 0.86110 1.967992
40 0.87640 1.971897
41 0.88870 1.975598
42 0.90060 1.984373
43 0.91170 1.989109
44 0.92290 1.994925
45 0.93110 1.991848
46 0.93890 1.994021
47 0.94460 1.996915
48 0.94990 1.995508
49 0.95440 1.995349
