0 0.00060 inf
1 0.00120 inf
2 0.00190 inf
3 0.00320 1.462398
4 0.00550 1.469822
5 0.00820 1.296665
6 0.01210 1.218944
7 0.01790 1.442480
8 0.02530 1.410033
9 0.03490 1.479184
10 0.04810 1.545902
11 0.06140 1.572540
12 0.07790 1.609321
13 0.09700 1.649602
14 0.11990 1.658085
15 0.14610 1.691690
16 0.17390 1.724000
17 0.20070 1.762725
18 0.22980 1.822037
19 0.26340 1.795630
20 0.30020 1.802941
21 0.33730 1.796211
22 0.37390 1.817345
23 0.41040 1.832640
24 0.44630 1.841585
25 0.48250 1.853638
26 0.51910 1.862116
27 0.55450 1.873267
28 0.59520 1.891366
29 0.63170 1.901077
30 0.66480 1.910782
31 0.69250 1.916445
32 0.71970 1.922717
33 0.74410 1.933618
34 0.76740 1.942677
35 0.79030 1.952868
36 0.80940 1.951361
37 0.82720 1.956057
38 0.84470 1.965067
39 0.86110 1.968673
40 0.87640 1.970997
41 0.88870 1.979470
42 0.90060 1.980867
43 0.91170 1.986369
44 0.92290 1.987565
45 0.93110 1.988278
46 0.93890 1.989150
47 0.94460 1.992753
48 0.94990 1.994826
49 0.95440 1.995174
