0 0.00050 0.465168
1 0.00110 0.312264
2 0.00210 0.340630
3 0.00350 0.449552
4 0.00730 0.442689
5 0.01160 0.543440
6 0.01760 0.792536
7 0.02450 0.910200
8 0.03390 0.857665
9 0.04480 0.988777
10 0.06110 0.976699
11 0.07950 1.081908
12 0.09910 1.092425
13 0.12070 1.107695
14 0.14390 1.195780
15 0.17250 1.284336
16 0.20410 1.310095
17 0.23580 1.317899
18 0.27070 1.371414
19 0.30430 1.452030
20 0.33750 1.484846
21 0.37360 1.562200
22 0.41160 1.614394
23 0.45160 1.639568
24 0.49150 1.703395
25 0.53060 1.751292
26 0.57030 1.801651
27 0.60640 1.829254
28 0.63740 1.854373
29 0.67050 1.870476
30 0.70020 1.886529
31 0.72660 1.892473
32 0.74960 1.910757
33 0.77290 1.926758
34 0.79440 1.926285
35 0.81560 1.940975
36 0.83490 1.952859
37 0.85100 1.960124
38 0.86590 1.970685
39 0.88130 1.977057
40 0.89350 1.980358
41 0.90250 1.983645
42 0.91110 1.986400
43 0.92170 1.992775
44 0.92960 1.994584
45 0.93480 1.995669
46 0.94120 1.998397
47 0.94750 1.999478
48 0.95210 1.998076
49 0.95580 1.996839
