0 0.00050 inf
1 0.00110 inf
2 0.00210 inf
3 0.00350 1.301030
4 0.00730 1.255273
5 0.01160 1.284431
6 0.01760 1.411926
7 0.02450 1.547869
8 0.03390 1.658965
9 0.04480 1.685742
10 0.06110 1.693036
11 0.07950 1.724958
12 0.09910 1.723054
13 0.12070 1.762863
14 0.14390 1.760125
15 0.17250 1.789299
16 0.20410 1.805176
17 0.23580 1.815500
18 0.27070 1.795174
19 0.30430 1.810299
20 0.33750 1.827344
21 0.37360 1.824536
22 0.41160 1.833285
23 0.45160 1.842833
24 0.49150 1.856026
25 0.53060 1.867868
26 0.57030 1.878426
27 0.60640 1.886996
28 0.63740 1.897469
29 0.67050 1.902181
30 0.70020 1.901312
31 0.72660 1.909566
32 0.74960 1.909815
33 0.77290 1.914918
34 0.79440 1.924354
35 0.81560 1.929607
36 0.83490 1.932578
37 0.85100 1.937414
38 0.86590 1.940149
39 0.88130 1.946243
40 0.89350 1.949995
41 0.90250 1.949695
42 0.91110 1.952828
43 0.92170 1.957291
44 0.92960 1.956545
45 0.93480 1.957395
46 0.94120 1.960874
47 0.94750 1.963084
48 0.95210 1.964702
49 0.95580 1.966845
