0 0.00020 0.000000
1 0.00070 0.155056
2 0.00230 0.276101
3 0.00430 0.224286
4 0.00650 0.477059
5 0.01020 0.526494
6 0.01480 0.516904
7 0.02080 0.539244
8 0.03130 0.746276
9 0.04400 0.721720
10 0.05970 0.825843
11 0.07750 0.900759
12 0.10090 1.172502
13 0.12950 1.168179
14 0.15890 1.227799
15 0.19250 1.303935
16 0.22850 1.370580
17 0.26480 1.443838
18 0.30230 1.468878
19 0.34240 1.523012
20 0.37870 1.590993
21 0.41480 1.650202
22 0.45150 1.671775
23 0.48910 1.696357
24 0.52520 1.739385
25 0.55920 1.762578
26 0.58980 1.783411
27 0.62230 1.807564
28 0.65350 1.821553
29 0.68080 1.851089
30 0.70570 1.874533
31 0.72980 1.882047
32 0.75030 1.888868
33 0.77070 1.903299
34 0.78910 1.926066
35 0.80930 1.944597
36 0.82590 1.957843
37 0.84290 1.965809
38 0.85530 1.967556
39 0.87060 1.971176
40 0.88380 1.974896
41 0.89590 1.982604
42 0.90640 1.984483
43 0.91670 1.990281
44 0.92450 1.992092
45 0.93230 1.994098
46 0.93820 1.995904
47 0.94440 1.997708
48 0.94980 1.999511
49 0.95490 2.000428
