0 0.00020 nan
1 0.00070 inf
2 0.00230 1.041393
3 0.00430 1.290035
4 0.00650 1.374137
5 0.01020 1.521792
6 0.01480 1.489356
7 0.02080 1.627110
8 0.03130 1.733197
9 0.04400 1.644548
10 0.05970 1.657820
11 0.07750 1.680675
12 0.10090 1.647342
13 0.12950 1.643598
14 0.15890 1.662647
15 0.19250 1.711895
16 0.22850 1.719907
17 0.26480 1.724691
18 0.30230 1.753160
19 0.34240 1.778324
20 0.37870 1.783128
21 0.41480 1.801905
22 0.45150 1.809437
23 0.48910 1.804992
24 0.52520 1.816772
25 0.55920 1.839152
26 0.58980 1.853329
27 0.62230 1.856966
28 0.65350 1.869673
29 0.68080 1.880015
30 0.70570 1.882170
31 0.72980 1.891396
32 0.75030 1.892625
33 0.77070 1.898825
34 0.78910 1.906981
35 0.80930 1.914530
36 0.82590 1.920733
37 0.84290 1.926309
38 0.85530 1.923993
39 0.87060 1.928487
40 0.88380 1.932720
41 0.89590 1.939107
42 0.90640 1.939824
43 0.91670 1.942177
44 0.92450 1.944668
45 0.93230 1.945929
46 0.93820 1.948347
47 0.94440 1.946594
48 0.94980 1.946196
49 0.95490 1.948002
