0 0.04750 1.679629
1 0.09150 1.851309
2 0.12950 1.946792
3 0.16890 1.826916
4 0.20670 1.807736
5 0.24120 1.885873
6 0.27650 1.933211
7 0.30970 1.962380
8 0.34090 1.898811
9 0.37190 1.927495
10 0.40010 1.971913
11 0.42600 1.892876
12 0.45070 1.981003
13 0.47760 1.884380
14 0.49970 1.962752
15 0.52290 1.918619
16 0.54540 1.907904
17 0.56530 1.950539
18 0.58720 1.915707
19 0.60510 1.924961
20 0.62180 1.915631
21 0.64020 1.974909
22 0.65760 1.918521
23 0.67450 1.903648
24 0.69000 1.929883
25 0.70260 1.962572
26 0.71790 1.999013
27 0.73170 1.902029
28 0.74530 1.901223
29 0.75840 1.951448
30 0.77070 1.974241
31 0.78160 1.965307
32 0.79120 1.932018
33 0.80020 1.910470
34 0.80900 1.919960
35 0.81690 1.918489
36 0.82660 1.927936
37 0.83490 1.971362
38 0.84260 1.981619
39 0.85020 1.965506
40 0.85660 1.961802
41 0.86370 1.932694
42 0.86910 1.909203
43 0.87540 1.908105
44 0.88200 1.927398
45 0.88580 1.928383
46 0.89020 1.934022
47 0.89570 1.940478
48 0.89960 1.936391
49 0.90410 1.952140
