0 0.04750 inf
1 0.09150 2.246745
2 0.12950 2.359835
3 0.16890 2.218611
4 0.20670 2.150501
5 0.24120 2.133351
6 0.27650 2.082067
7 0.30970 2.046816
8 0.34090 1.958468
9 0.37190 1.991145
10 0.40010 1.997719
11 0.42600 1.993007
12 0.45070 1.990952
13 0.47760 1.992897
14 0.49970 1.994155
15 0.52290 2.000950
16 0.54540 1.983676
17 0.56530 1.994757
18 0.58720 2.003343
19 0.60510 2.007435
20 0.62180 2.001019
21 0.64020 2.015173
22 0.65760 2.014603
23 0.67450 2.006097
24 0.69000 2.013332
25 0.70260 2.010146
26 0.71790 2.014777
27 0.73170 2.019536
28 0.74530 2.014718
29 0.75840 2.008971
30 0.77070 2.018984
31 0.78160 2.018454
32 0.79120 2.017483
33 0.80020 2.012767
34 0.80900 2.012837
35 0.81690 2.010513
36 0.82660 2.003893
37 0.83490 2.005177
38 0.84260 2.006609
39 0.85020 2.002523
40 0.85660 1.999572
41 0.86370 1.995982
42 0.86910 1.998099
43 0.87540 2.000073
44 0.88200 2.005868
45 0.88580 2.002281
46 0.89020 2.007103
47 0.89570 2.011192
48 0.89960 2.014351
49 0.90410 2.014433
