0 0.00050 0.000000
1 0.00100 1.200000
2 0.00190 1.586314
3 0.00370 1.712514
4 0.00590 1.548146
5 0.00950 1.544721
6 0.01320 1.273633
7 0.01890 1.555394
8 0.02830 1.541959
9 0.03700 1.403259
10 0.04800 1.441250
11 0.06190 1.556160
12 0.07900 1.546324
13 0.09760 1.581123
14 0.11830 1.522763
15 0.14250 1.561992
16 0.16810 1.552583
17 0.19630 1.556379
18 0.22830 1.574878
19 0.26410 1.622845
20 0.30310 1.695845
21 0.34180 1.708618
22 0.38050 1.715769
23 0.42280 1.724577
24 0.46580 1.760613
25 0.50900 1.766726
26 0.54980 1.754738
27 0.58860 1.809577
28 0.62850 1.801877
29 0.66730 1.824168
30 0.70360 1.853002
31 0.73870 1.868256
32 0.77030 1.853078
33 0.79860 1.872679
34 0.82230 1.883868
35 0.84390 1.923834
36 0.86440 1.897288
37 0.88020 1.902322
38 0.89500 1.905920
39 0.90840 1.897413
40 0.92020 1.907395
41 0.93080 1.914148
42 0.94100 1.925777
43 0.94910 1.930238
44 0.95570 1.935905
45 0.96250 1.942991
46 0.96770 1.948590
47 0.97220 1.949706
48 0.97650 1.954309
49 0.97920 1.957150
