0 0.00050 inf
1 0.00100 inf
2 0.00190 inf
3 0.00370 inf
4 0.00590 inf
5 0.00950 2.133539
6 0.01320 1.801632
7 0.01890 1.863323
8 0.02830 1.771771
9 0.03700 1.741677
10 0.04800 1.759668
11 0.06190 1.800373
12 0.07900 1.808782
13 0.09760 1.879587
14 0.11830 1.885523
15 0.14250 1.888323
16 0.16810 1.899711
17 0.19630 1.887414
18 0.22830 1.864557
19 0.26410 1.879252
20 0.30310 1.900757
21 0.34180 1.873563
22 0.38050 1.886363
23 0.42280 1.871432
24 0.46580 1.875460
25 0.50900 1.899416
26 0.54980 1.902418
27 0.58860 1.909916
28 0.62850 1.910854
29 0.66730 1.914641
30 0.70360 1.929765
31 0.73870 1.928421
32 0.77030 1.931781
33 0.79860 1.931694
34 0.82230 1.940910
35 0.84390 1.947531
36 0.86440 1.944199
37 0.88020 1.944483
38 0.89500 1.948786
39 0.90840 1.948646
40 0.92020 1.948021
41 0.93080 1.948033
42 0.94100 1.952627
43 0.94910 1.957801
44 0.95570 1.957107
45 0.96250 1.959971
46 0.96770 1.961338
47 0.97220 1.962032
48 0.97650 1.964289
49 0.97920 1.966113
