0 0.00010 0.000000
1 0.00030 0.000000
2 0.00090 0.000000
3 0.00250 0.557837
4 0.00430 0.419430
5 0.00600 0.548833
6 0.00930 0.491941
7 0.01280 0.438786
8 0.01740 0.559528
9 0.02280 0.538511
10 0.02890 0.554652
11 0.03730 0.597025
12 0.04640 0.665753
13 0.05790 0.726480
14 0.07070 0.686351
15 0.08640 0.745604
16 0.10320 0.799906
17 0.12250 0.791854
18 0.14240 0.815783
19 0.16330 0.802641
20 0.18510 0.798964
21 0.20880 0.827141
22 0.23290 0.844509
23 0.25990 0.865375
24 0.28790 0.874796
25 0.31660 0.897214
26 0.34550 0.944544
27 0.37360 0.937815
28 0.40290 0.987921
29 0.43300 0.963495
30 0.46760 0.979508
31 0.49880 1.013001
32 0.52760 1.025094
33 0.55380 1.042886
34 0.58180 1.060057
35 0.60910 1.080404
36 0.63460 1.087872
37 0.66270 1.103874
38 0.68750 1.107693
39 0.71120 1.110485
40 0.73470 1.116309
41 0.75350 1.126963
42 0.77250 1.129871
43 0.79270 1.141629
44 0.80880 1.154392
45 0.82440 1.159207
46 0.84140 1.169334
47 0.85490 1.177329
48 0.86680 1.179790
49 0.87860 1.186031
