0 0.00020 0.000000
1 0.00130 2.000000
2 0.00280 1.396741
3 0.00500 1.087345
4 0.00850 1.251136
5 0.01300 1.332765
6 0.01840 1.493026
7 0.02650 1.382977
8 0.03700 1.395790
9 0.04960 1.461074
10 0.06330 1.593169
11 0.07960 1.567778
12 0.09760 1.520435
13 0.11770 1.552550
14 0.14460 1.596600
15 0.17480 1.615464
16 0.20690 1.642922
17 0.24000 1.648597
18 0.27860 1.658212
19 0.31880 1.708410
20 0.35970 1.726507
21 0.40450 1.764753
22 0.44700 1.776457
23 0.49030 1.783470
24 0.53330 1.790844
25 0.57350 1.827364
26 0.61320 1.826107
27 0.65000 1.813158
28 0.68650 1.849187
29 0.71920 1.862706
30 0.74920 1.835932
31 0.77840 1.876248
32 0.80250 1.881311
33 0.82660 1.897619
34 0.84870 1.925115
35 0.86610 1.905457
36 0.88280 1.900827
37 0.89850 1.901469
38 0.91070 1.908261
39 0.92270 1.910443
40 0.93150 1.909841
41 0.94110 1.925694
42 0.94860 1.937917
43 0.95490 1.945217
44 0.96020 1.947133
45 0.96560 1.946803
46 0.97100 1.950969
47 0.97410 1.951607
48 0.97790 1.959858
49 0.98100 1.960330
