0 0.00020 nan
1 0.00130 inf
2 0.00280 1.278754
3 0.00500 1.290035
4 0.00850 1.374137
5 0.01300 1.643453
6 0.01840 1.579784
7 0.02650 1.701136
8 0.03700 1.733063
9 0.04960 1.771342
10 0.06330 1.725763
11 0.07960 1.710963
12 0.09760 1.731306
13 0.11770 1.773893
14 0.14460 1.802704
15 0.17480 1.796664
16 0.20690 1.788694
17 0.24000 1.828129
18 0.27860 1.844464
19 0.31880 1.843558
20 0.35970 1.862728
21 0.40450 1.871802
22 0.44700 1.866704
23 0.49030 1.883600
24 0.53330 1.885550
25 0.57350 1.896194
26 0.61320 1.897604
27 0.65000 1.905562
28 0.68650 1.906150
29 0.71920 1.905463
30 0.74920 1.900630
31 0.77840 1.909248
32 0.80250 1.911865
33 0.82660 1.917760
34 0.84870 1.928588
35 0.86610 1.931704
36 0.88280 1.937037
37 0.89850 1.942611
38 0.91070 1.944470
39 0.92270 1.946751
40 0.93150 1.949808
41 0.94110 1.951923
42 0.94860 1.951841
43 0.95490 1.951107
44 0.96020 1.955134
45 0.96560 1.957150
46 0.97100 1.958062
47 0.97410 1.960359
48 0.97790 1.961089
49 0.98100 1.963417
