0 0.00050 0.000000
1 0.00150 2.400000
2 0.00330 1.291527
3 0.00600 1.665399
4 0.00880 1.333369
5 0.01280 1.367616
6 0.01790 1.404569
7 0.02400 1.417962
8 0.03060 1.453287
9 0.03950 1.481433
10 0.05110 1.496736
11 0.06560 1.518927
12 0.08360 1.444589
13 0.10570 1.542587
14 0.12760 1.536324
15 0.15440 1.569219
16 0.18380 1.574753
17 0.21670 1.645905
18 0.25440 1.650478
19 0.29570 1.725331
20 0.33520 1.703302
21 0.38090 1.717051
22 0.42040 1.713670
23 0.46430 1.726936
24 0.50900 1.724051
25 0.55000 1.785058
26 0.59010 1.810434
27 0.63270 1.819014
28 0.67190 1.824821
29 0.70860 1.869588
30 0.74470 1.891116
31 0.77570 1.858073
32 0.80180 1.888472
33 0.82900 1.908961
34 0.85190 1.911122
35 0.86950 1.907205
36 0.88460 1.905589
37 0.89820 1.899104
38 0.91190 1.903283
39 0.92270 1.910761
40 0.93260 1.932441
41 0.94160 1.939494
42 0.94800 1.941388
43 0.95500 1.953818
44 0.96050 1.955544
45 0.96470 1.959484
46 0.96860 1.957006
47 0.97190 1.960943
48 0.97480 1.963156
49 0.97870 1.962215
