0 0.00050 inf
1 0.00150 inf
2 0.00330 1.361728
3 0.00600 1.875061
4 0.00880 1.605664
5 0.01280 1.462398
6 0.01790 1.595221
7 0.02400 1.710399
8 0.03060 1.728723
9 0.03950 1.720986
10 0.05110 1.788252
11 0.06560 1.807104
12 0.08360 1.885785
13 0.10570 1.928140
14 0.12760 1.907441
15 0.15440 1.935219
16 0.18380 1.916603
17 0.21670 1.943645
18 0.25440 1.972848
19 0.29570 1.978777
20 0.33520 1.991880
21 0.38090 1.960148
22 0.42040 1.963975
23 0.46430 1.962475
24 0.50900 1.968016
25 0.55000 1.962996
26 0.59010 1.977264
27 0.63270 1.968394
28 0.67190 1.965345
29 0.70860 1.962725
30 0.74470 1.978219
31 0.77570 1.982204
32 0.80180 1.982636
33 0.82900 1.976568
34 0.85190 1.973777
35 0.86950 1.974006
36 0.88460 1.972817
37 0.89820 1.977579
38 0.91190 1.979245
39 0.92270 1.982069
40 0.93260 1.988042
41 0.94160 1.990517
42 0.94800 1.993019
43 0.95500 1.996689
44 0.96050 1.997059
45 0.96470 1.997947
46 0.96860 2.000854
47 0.97190 2.001899
48 0.97480 2.001507
49 0.97870 2.004413
