0 0.00030 0.000000
1 0.00080 0.800000
2 0.00260 1.132030
3 0.00520 1.394171
4 0.00920 1.181525
5 0.01380 1.484488
6 0.01980 1.402986
7 0.02770 1.532047
8 0.03760 1.523186
9 0.04940 1.541641
10 0.06280 1.498853
11 0.07720 1.510088
12 0.09460 1.503969
13 0.11380 1.564105
14 0.13490 1.628083
15 0.15870 1.612298
16 0.18610 1.653742
17 0.22000 1.679804
18 0.25210 1.631763
19 0.28940 1.704505
20 0.32840 1.695378
21 0.36790 1.670786
22 0.40850 1.707870
23 0.44830 1.743391
24 0.49370 1.782916
25 0.53650 1.793617
26 0.57950 1.808697
27 0.61920 1.830012
28 0.65730 1.834406
29 0.69420 1.864197
30 0.72710 1.883365
31 0.75520 1.865476
32 0.78310 1.873515
33 0.80800 1.890408
34 0.83250 1.899273
35 0.85310 1.923992
36 0.86990 1.898751
37 0.88510 1.897694
38 0.90030 1.908856
39 0.91380 1.897832
40 0.92580 1.918404
41 0.93610 1.933373
42 0.94270 1.937698
43 0.95080 1.944625
44 0.95690 1.948313
45 0.96390 1.954639
46 0.96820 1.956060
47 0.97230 1.957496
48 0.97580 1.960614
49 0.97830 1.962498
