0 0.00030 inf
1 0.00080 inf
2 0.00260 inf
3 0.00520 1.778151
4 0.00920 1.795880
5 0.01380 2.019116
6 0.01980 2.178977
7 0.02770 1.950365
8 0.03760 1.987411
9 0.04940 1.938156
10 0.06280 1.945469
11 0.07720 1.935003
12 0.09460 1.886692
13 0.11380 1.895520
14 0.13490 1.880282
15 0.15870 1.919634
16 0.18610 1.907930
17 0.22000 1.932383
18 0.25210 1.927449
19 0.28940 1.946633
20 0.32840 1.941424
21 0.36790 1.942580
22 0.40850 1.962399
23 0.44830 1.960292
24 0.49370 1.963394
25 0.53650 1.982764
26 0.57950 1.988395
27 0.61920 1.989005
28 0.65730 1.993625
29 0.69420 1.999123
30 0.72710 2.001231
31 0.75520 2.003089
32 0.78310 2.000874
33 0.80800 1.995950
34 0.83250 2.001511
35 0.85310 2.000859
36 0.86990 1.998715
37 0.88510 1.998325
38 0.90030 2.001992
39 0.91380 2.002435
40 0.92580 2.002218
41 0.93610 2.001024
42 0.94270 2.005998
43 0.95080 2.010042
44 0.95690 2.009539
45 0.96390 2.012236
46 0.96820 2.015090
47 0.97230 2.017176
48 0.97580 2.019765
49 0.97830 2.020133
