0 0.00100 0.000000
1 0.00340 0.099887
2 0.00640 0.054557
3 0.01110 0.031981
4 0.01650 0.043572
5 0.02410 0.109516
6 0.03110 0.134508
7 0.04210 0.193440
8 0.05090 0.240559
9 0.06140 0.262983
10 0.07250 0.294784
11 0.08390 0.353561
12 0.09490 0.338717
13 0.10860 0.351161
14 0.12160 0.359658
15 0.13540 0.376637
16 0.15060 0.354361
17 0.16550 0.342576
18 0.18230 0.374097
19 0.19800 0.365845
20 0.21450 0.381047
21 0.22960 0.413901
22 0.24470 0.448920
23 0.26140 0.490343
24 0.27640 0.506421
25 0.29290 0.541983
26 0.30940 0.569107
27 0.32580 0.588090
28 0.34280 0.604257
29 0.35660 0.628337
30 0.37360 0.650536
31 0.38900 0.676680
32 0.40460 0.695569
33 0.42140 0.719673
34 0.43550 0.734302
35 0.45080 0.742897
36 0.46430 0.755209
37 0.47800 0.776043
38 0.49310 0.802511
39 0.50600 0.817071
40 0.51890 0.833689
41 0.53480 0.841748
42 0.54790 0.860809
43 0.55920 0.866808
44 0.57230 0.865544
45 0.58410 0.877225
46 0.59730 0.883652
47 0.61030 0.894407
48 0.62190 0.908046
49 0.62880 0.917196
