0 0.00180 0.126379
1 0.00780 0.263760
2 0.01900 0.374262
3 0.03490 0.600200
4 0.05830 0.686886
5 0.09090 0.920608
6 0.12620 1.123083
7 0.16510 1.265817
8 0.20620 1.398343
9 0.24790 1.465150
10 0.28970 1.557039
11 0.33350 1.650874
12 0.37520 1.725857
13 0.41660 1.779640
14 0.45710 1.839366
15 0.49480 1.878587
16 0.53300 1.910581
17 0.56760 1.927050
18 0.59890 1.935482
19 0.63180 1.949937
20 0.66220 1.961155
21 0.68810 1.969115
22 0.71690 1.972849
23 0.73770 1.977605
24 0.76090 1.981989
25 0.77860 1.985631
26 0.79740 1.989832
27 0.81490 1.990920
28 0.82910 1.990920
29 0.84270 1.992930
30 0.85360 1.994740
31 0.86510 1.998715
32 0.87560 1.996788
33 0.88480 1.997353
34 0.89370 1.999156
35 0.90300 1.997761
36 0.90840 1.997761
37 0.91480 1.998839
38 0.92120 1.999916
39 0.92650 1.999916
40 0.93130 1.999916
41 0.93500 1.999916
42 0.93900 1.999759
43 0.94310 1.999759
44 0.94630 1.999759
45 0.95090 1.999759
46 0.95450 1.999759
47 0.95790 1.999759
48 0.96060 2.000834
49 0.96380 2.000834
