0 0.00180 inf
1 0.00780 1.301030
2 0.01900 1.152288
3 0.03490 1.213880
4 0.05830 1.329772
5 0.09090 1.424337
6 0.12620 1.397618
7 0.16510 1.474174
8 0.20620 1.522429
9 0.24790 1.556193
10 0.28970 1.597026
11 0.33350 1.611388
12 0.37520 1.659426
13 0.41660 1.682844
14 0.45710 1.704292
15 0.49480 1.725633
16 0.53300 1.752680
17 0.56760 1.762527
18 0.59890 1.770905
19 0.63180 1.793586
20 0.66220 1.794720
21 0.68810 1.806138
22 0.71690 1.819682
23 0.73770 1.834876
24 0.76090 1.844849
25 0.77860 1.853384
26 0.79740 1.863766
27 0.81490 1.869596
28 0.82910 1.880199
29 0.84270 1.884268
30 0.85360 1.890547
31 0.86510 1.900967
32 0.87560 1.909956
33 0.88480 1.913855
34 0.89370 1.921747
35 0.90300 1.929445
36 0.90840 1.932440
37 0.91480 1.935214
38 0.92120 1.940701
39 0.92650 1.944940
40 0.93130 1.948748
41 0.93500 1.951548
42 0.93900 1.953659
43 0.94310 1.957136
44 0.94630 1.959385
45 0.95090 1.962852
46 0.95450 1.964381
47 0.95790 1.966887
48 0.96060 1.968615
49 0.96380 1.969949
