0 0.00030 0.000000
1 0.00070 0.800000
2 0.00190 0.966015
3 0.00410 1.170833
4 0.00800 1.383242
5 0.01260 1.469500
6 0.01870 1.424178
7 0.02640 1.476487
8 0.03600 1.618768
9 0.04580 1.523541
10 0.05730 1.542754
11 0.07150 1.620011
12 0.08680 1.590008
13 0.10230 1.534521
14 0.11840 1.529141
15 0.13890 1.565388
16 0.16710 1.575960
17 0.19950 1.587951
18 0.23100 1.641963
19 0.26580 1.660941
20 0.30320 1.697999
21 0.34320 1.692114
22 0.38050 1.727693
23 0.41930 1.745071
24 0.45910 1.758804
25 0.50020 1.777085
26 0.54050 1.787425
27 0.57560 1.798910
28 0.61130 1.854205
29 0.64680 1.855078
30 0.68150 1.833358
31 0.71520 1.850767
32 0.74590 1.889187
33 0.77440 1.889593
34 0.80330 1.877286
35 0.82750 1.904516
36 0.85120 1.909012
37 0.87140 1.923715
38 0.88770 1.956110
39 0.90010 1.964617
40 0.91230 1.929010
41 0.92430 1.916842
42 0.93320 1.920017
43 0.94120 1.921354
44 0.94820 1.923056
45 0.95500 1.918811
46 0.96130 1.912234
47 0.96600 1.914076
48 0.97110 1.928433
49 0.97480 1.939167
