0 0.00030 inf
1 0.00070 inf
2 0.00190 inf
3 0.00410 inf
4 0.00800 1.897627
5 0.01260 2.146128
6 0.01870 1.761552
7 0.02640 1.980003
8 0.03600 2.013539
9 0.04580 2.083810
10 0.05730 1.887617
11 0.07150 1.895015
12 0.08680 1.925626
13 0.10230 1.916908
14 0.11840 1.944483
15 0.13890 1.919993
16 0.16710 1.905688
17 0.19950 1.903446
18 0.23100 1.888292
19 0.26580 1.927142
20 0.30320 1.920656
21 0.34320 1.925031
22 0.38050 1.927086
23 0.41930 1.926745
24 0.45910 1.923118
25 0.50020 1.928761
26 0.54050 1.920873
27 0.57560 1.905834
28 0.61130 1.897975
29 0.64680 1.916928
30 0.68150 1.922110
31 0.71520 1.925433
32 0.74590 1.921366
33 0.77440 1.928997
34 0.80330 1.937916
35 0.82750 1.937622
36 0.85120 1.934808
37 0.87140 1.925914
38 0.88770 1.929006
39 0.90010 1.937070
40 0.91230 1.943283
41 0.92430 1.943270
42 0.93320 1.943784
43 0.94120 1.946755
44 0.94820 1.948760
45 0.95500 1.952086
46 0.96130 1.951292
47 0.96600 1.950806
48 0.97110 1.952738
49 0.97480 1.953489
