0 0.04640 1.669791
1 0.08620 1.745552
2 0.12620 1.926541
3 0.16580 1.849733
4 0.19880 1.995265
5 0.23680 1.920741
6 0.26930 1.955098
7 0.30050 1.910265
8 0.33170 1.916959
9 0.36340 1.944388
10 0.39220 1.875380
11 0.42300 1.986053
12 0.44980 1.906488
13 0.47600 1.962506
14 0.50190 1.915364
15 0.52780 1.941366
16 0.54850 1.908367
17 0.56980 1.941021
18 0.58970 1.961243
19 0.60970 1.923561
20 0.62730 1.901075
21 0.64320 1.968891
22 0.66010 1.941964
23 0.67590 1.915855
24 0.69180 1.939432
25 0.70500 1.965131
26 0.71820 1.991843
27 0.73220 1.899603
28 0.74380 1.895903
29 0.75600 1.930121
30 0.76710 1.978700
31 0.77770 1.984650
32 0.78780 1.959020
33 0.79710 1.908881
34 0.80760 1.910883
35 0.81550 1.919387
36 0.82250 1.919789
37 0.83130 1.939985
38 0.83800 1.970913
39 0.84490 1.980927
40 0.85160 1.964793
41 0.85830 1.960740
42 0.86600 1.917730
43 0.87110 1.909026
44 0.87700 1.920337
45 0.88230 1.930018
46 0.88760 1.934741
47 0.89320 1.933916
48 0.89850 1.949960
49 0.90310 1.939995
