0 0.04640 1.568202
1 0.08620 1.834103
2 0.12620 1.861833
3 0.16580 2.014521
4 0.19880 1.991521
5 0.23680 2.021396
6 0.26930 2.019436
7 0.30050 2.065490
8 0.33170 2.136192
9 0.36340 2.080415
10 0.39220 2.061000
11 0.42300 2.084089
12 0.44980 2.064285
13 0.47600 2.029589
14 0.50190 2.031133
15 0.52780 2.037011
16 0.54850 2.023887
17 0.56980 2.015083
18 0.58970 2.029186
19 0.60970 2.039245
20 0.62730 2.028745
21 0.64320 2.022769
22 0.66010 2.024807
23 0.67590 2.028012
24 0.69180 2.020856
25 0.70500 2.008875
26 0.71820 2.018709
27 0.73220 2.018388
28 0.74380 2.022171
29 0.75600 2.026954
30 0.76710 2.021132
31 0.77770 2.023346
32 0.78780 2.025288
33 0.79710 2.022258
34 0.80760 2.026121
35 0.81550 2.024017
36 0.82250 2.020321
37 0.83130 2.024325
38 0.83800 2.024952
39 0.84490 2.026970
40 0.85160 2.021922
41 0.85830 2.024464
42 0.86600 2.019222
43 0.87110 2.024444
44 0.87700 2.022952
45 0.88230 2.028343
46 0.88760 2.033653
47 0.89320 2.035035
48 0.89850 2.032700
49 0.90310 2.034087
