0 0.00040 0.000000
1 0.00120 0.966015
2 0.00170 0.755587
3 0.00370 1.356927
4 0.00590 1.501955
5 0.00880 1.351405
6 0.01360 1.430560
7 0.02050 1.365883
8 0.02880 1.221557
9 0.04110 1.428091
10 0.05430 1.535358
11 0.06960 1.577548
12 0.08800 1.585730
13 0.11030 1.560715
14 0.13680 1.604929
15 0.16620 1.616028
16 0.19590 1.568128
17 0.22870 1.592648
18 0.26620 1.604022
19 0.31050 1.628328
20 0.35190 1.648003
21 0.39730 1.696873
22 0.44450 1.714341
23 0.48940 1.727446
24 0.53470 1.801877
25 0.57910 1.788083
26 0.62390 1.815960
27 0.66710 1.823463
28 0.70490 1.846660
29 0.73990 1.884402
30 0.77090 1.859755
31 0.79810 1.894733
32 0.82270 1.897630
33 0.84680 1.922779
34 0.86540 1.916200
35 0.88250 1.902785
36 0.89920 1.906949
37 0.91250 1.902651
38 0.92450 1.913913
39 0.93500 1.929232
40 0.94380 1.936223
41 0.95170 1.940269
42 0.95810 1.943618
43 0.96350 1.945399
44 0.96840 1.948112
45 0.97390 1.951004
46 0.97670 1.951333
47 0.97980 1.946750
48 0.98230 1.952172
49 0.98460 1.954219
