0 0.00040 nan
1 0.00120 inf
2 0.00170 inf
3 0.00370 inf
4 0.00590 inf
5 0.00880 inf
6 0.01360 2.133539
7 0.02050 1.788875
8 0.02880 1.740363
9 0.04110 1.890002
10 0.05430 1.915256
11 0.06960 1.818079
12 0.08800 1.875061
13 0.11030 1.861679
14 0.13680 1.874909
15 0.16620 1.837302
16 0.19590 1.831841
17 0.22870 1.855981
18 0.26620 1.881278
19 0.31050 1.892873
20 0.35190 1.881294
21 0.39730 1.859297
22 0.44450 1.880850
23 0.48940 1.901255
24 0.53470 1.902112
25 0.57910 1.926857
26 0.62390 1.933843
27 0.66710 1.935116
28 0.70490 1.942834
29 0.73990 1.957594
30 0.77090 1.945296
31 0.79810 1.935399
32 0.82270 1.938770
33 0.84680 1.938759
34 0.86540 1.943262
35 0.88250 1.950702
36 0.89920 1.950703
37 0.91250 1.951427
38 0.92450 1.955418
39 0.93500 1.960144
40 0.94380 1.959154
41 0.95170 1.964193
42 0.95810 1.965383
43 0.96350 1.967028
44 0.96840 1.965068
45 0.97390 1.967207
46 0.97670 1.966802
47 0.97980 1.967909
48 0.98230 1.968693
49 0.98460 1.969530
