0 0.05060 1.937171
1 0.09560 1.856812
2 0.13910 1.829815
3 0.18000 1.918324
4 0.21660 1.957209
5 0.25180 1.938517
6 0.28350 1.895108
7 0.31480 1.917666
8 0.34410 1.939891
9 0.37250 1.864600
10 0.40180 1.969598
11 0.42860 1.886323
12 0.45310 1.981200
13 0.47940 1.886272
14 0.50510 1.961180
15 0.52660 1.895004
16 0.54860 1.920077
17 0.56800 1.950216
18 0.58940 1.918640
19 0.60610 1.914001
20 0.62460 1.939945
21 0.64150 1.974676
22 0.65770 1.909768
23 0.67390 1.912297
24 0.68720 1.946245
25 0.70200 1.967757
26 0.71750 1.921157
27 0.73120 1.903156
28 0.74290 1.897339
29 0.75330 1.935762
30 0.76700 1.978515
31 0.77650 1.963303
32 0.78520 1.909917
33 0.79280 1.909882
34 0.80100 1.911416
35 0.81130 1.918047
36 0.82160 1.929665
37 0.82930 1.962173
38 0.83740 1.982280
39 0.84390 1.970260
40 0.85080 1.964586
41 0.85840 1.960708
42 0.86510 1.912957
43 0.87070 1.905042
44 0.87580 1.909118
45 0.88070 1.923455
46 0.88630 1.936140
47 0.89190 1.940783
48 0.89620 1.941009
49 0.90120 1.954769
