0 0.05060 inf
1 0.09560 1.698970
2 0.13910 1.811697
3 0.18000 1.907053
4 0.21660 1.934017
5 0.25180 1.961333
6 0.28350 1.987890
7 0.31480 2.012837
8 0.34410 1.983137
9 0.37250 1.988922
10 0.40180 1.976949
11 0.42860 1.986772
12 0.45310 1.989394
13 0.47940 1.991276
14 0.50510 1.993592
15 0.52660 1.984854
16 0.54860 1.997447
17 0.56800 1.994229
18 0.58940 1.989888
19 0.60610 1.986710
20 0.62460 1.973534
21 0.64150 1.963211
22 0.65770 1.967517
23 0.67390 1.969107
24 0.68720 1.965950
25 0.70200 1.971110
26 0.71750 1.974474
27 0.73120 1.983713
28 0.74290 1.981759
29 0.75330 1.986095
30 0.76700 1.986695
31 0.77650 1.979001
32 0.78520 1.987578
33 0.79280 1.992377
34 0.80100 1.997119
35 0.81130 2.000517
36 0.82160 2.003935
37 0.82930 2.002331
38 0.83740 1.996767
39 0.84390 1.994017
40 0.85080 1.996371
41 0.85840 1.995159
42 0.86510 1.994246
43 0.87070 1.995486
44 0.87580 1.994515
45 0.88070 1.996716
46 0.88630 1.997254
47 0.89190 1.995136
48 0.89620 1.996385
49 0.90120 1.998634
