0 0.00200 0.192145
1 0.00940 0.230453
2 0.02250 0.419317
3 0.04390 0.629914
4 0.07170 0.875571
5 0.10500 1.061257
6 0.14070 1.183529
7 0.18550 1.301422
8 0.23070 1.446925
9 0.27150 1.528714
10 0.31870 1.633410
11 0.36180 1.707866
12 0.40630 1.790115
13 0.44780 1.820935
14 0.48970 1.859336
15 0.52630 1.889671
16 0.56230 1.917964
17 0.59710 1.930944
18 0.62630 1.939431
19 0.65600 1.952228
20 0.68180 1.961954
21 0.70690 1.966098
22 0.73020 1.970048
23 0.75280 1.976641
24 0.77120 1.981237
25 0.78880 1.981083
26 0.80560 1.985094
27 0.82320 1.988373
28 0.83790 1.990555
29 0.84960 1.993457
30 0.86120 1.996718
31 0.87070 1.997803
32 0.88090 1.997639
33 0.88850 1.996232
34 0.89590 1.996232
35 0.90490 1.996232
36 0.91290 1.994990
37 0.92050 1.994990
38 0.92740 1.993750
39 0.93390 1.993595
40 0.93840 1.993595
41 0.94280 1.994677
42 0.94860 1.996839
43 0.95220 1.998997
44 0.95490 1.997761
45 0.95830 1.996528
46 0.96210 1.996528
47 0.96530 1.996528
48 0.96820 1.996528
49 0.97060 1.996528
