0 0.00200 inf
1 0.00940 0.954243
2 0.02250 1.052529
3 0.04390 1.383815
4 0.07170 1.466538
5 0.10500 1.453226
6 0.14070 1.486667
7 0.18550 1.507005
8 0.23070 1.523051
9 0.27150 1.551411
10 0.31870 1.597620
11 0.36180 1.613584
12 0.40630 1.637601
13 0.44780 1.661765
14 0.48970 1.685443
15 0.52630 1.707438
16 0.56230 1.733283
17 0.59710 1.763348
18 0.62630 1.777607
19 0.65600 1.789150
20 0.68180 1.804421
21 0.70690 1.820639
22 0.73020 1.837761
23 0.75280 1.850768
24 0.77120 1.865965
25 0.78880 1.875514
26 0.80560 1.884941
27 0.82320 1.894216
28 0.83790 1.904256
29 0.84960 1.907361
30 0.86120 1.911818
31 0.87070 1.915381
32 0.88090 1.921219
33 0.88850 1.926774
34 0.89590 1.931770
35 0.90490 1.935579
36 0.91290 1.940071
37 0.92050 1.945207
38 0.92740 1.948408
39 0.93390 1.952139
40 0.93840 1.955573
41 0.94280 1.957775
42 0.94860 1.959916
43 0.95220 1.962456
44 0.95490 1.964227
45 0.95830 1.966863
46 0.96210 1.969604
47 0.96530 1.971621
48 0.96820 1.973450
49 0.97060 1.974986
