0 0.00150 0.000000
1 0.00830 0.171883
2 0.02090 0.464871
3 0.04060 0.582367
4 0.06430 0.752269
5 0.09260 0.895604
6 0.12550 1.073705
7 0.16290 1.205014
8 0.20620 1.356369
9 0.24760 1.523056
10 0.28660 1.593624
11 0.32990 1.674887
12 0.37660 1.745561
13 0.41630 1.812357
14 0.45500 1.849808
15 0.49150 1.872213
16 0.52820 1.896217
17 0.56190 1.915184
18 0.59450 1.928867
19 0.62150 1.946960
20 0.65130 1.960394
21 0.68260 1.965797
22 0.71110 1.972889
23 0.73500 1.976247
24 0.75280 1.977199
25 0.77460 1.981576
26 0.79400 1.982006
27 0.81190 1.985275
28 0.82640 1.987300
29 0.84310 1.990554
30 0.85610 1.992719
31 0.86800 1.993139
32 0.88040 1.993139
33 0.89070 1.991911
34 0.89720 1.991911
35 0.90440 1.994068
36 0.91170 1.994068
37 0.91870 1.994068
38 0.92640 1.997299
39 0.93100 1.997299
40 0.93540 1.996073
41 0.93980 1.996073
42 0.94320 1.996073
43 0.94710 1.996073
44 0.95080 1.996073
45 0.95450 1.996073
46 0.95780 1.994848
47 0.96020 1.994848
48 0.96350 1.994848
49 0.96610 1.994848
