0 0.00150 nan
1 0.00830 inf
2 0.02090 1.505150
3 0.04060 1.408664
4 0.06430 1.386202
5 0.09260 1.382335
6 0.12550 1.410308
7 0.16290 1.482956
8 0.20620 1.520556
9 0.24760 1.558687
10 0.28660 1.573387
11 0.32990 1.615562
12 0.37660 1.644573
13 0.41630 1.662331
14 0.45500 1.689174
15 0.49150 1.702401
16 0.52820 1.725182
17 0.56190 1.755351
18 0.59450 1.778337
19 0.62150 1.794646
20 0.65130 1.809388
21 0.68260 1.831602
22 0.71110 1.853042
23 0.73500 1.859413
24 0.75280 1.871609
25 0.77460 1.885858
26 0.79400 1.896444
27 0.81190 1.906826
28 0.82640 1.912492
29 0.84310 1.923774
30 0.85610 1.932720
31 0.86800 1.941647
32 0.88040 1.948797
33 0.89070 1.956331
34 0.89720 1.960567
35 0.90440 1.965016
36 0.91170 1.970584
37 0.91870 1.974789
38 0.92640 1.980854
39 0.93100 1.983039
40 0.93540 1.986485
41 0.93980 1.988955
42 0.94320 1.990329
43 0.94710 1.993589
44 0.95080 1.995296
45 0.95450 1.996746
46 0.95780 1.999126
47 0.96020 2.000717
48 0.96350 2.003444
49 0.96610 2.005351
