0 0.00160 0.089692
1 0.00750 0.281721
2 0.02150 0.444203
3 0.04050 0.526811
4 0.06940 0.767978
5 0.10120 0.940856
6 0.13510 1.163378
7 0.17390 1.300037
8 0.21420 1.413185
9 0.25530 1.523939
10 0.30160 1.634162
11 0.34730 1.704494
12 0.39450 1.789495
13 0.43970 1.827181
14 0.48020 1.869321
15 0.51790 1.902477
16 0.55100 1.925034
17 0.58640 1.940044
18 0.62050 1.953914
19 0.65160 1.965011
20 0.67530 1.974053
21 0.70130 1.982295
22 0.72480 1.983959
23 0.74530 1.985990
24 0.76460 1.989266
25 0.78320 1.992372
26 0.79950 1.995466
27 0.81670 1.996386
28 0.82980 1.999274
29 0.84260 2.002512
30 0.85490 2.001268
31 0.86550 2.003070
32 0.87510 2.002552
33 0.88330 2.002552
34 0.89260 2.000074
35 0.90180 1.998839
36 0.90940 2.000992
37 0.91460 2.000992
38 0.92170 1.999759
39 0.92790 1.999759
40 0.93530 1.999759
41 0.93890 1.999759
42 0.94350 1.999759
43 0.94740 1.999759
44 0.95140 2.000834
45 0.95520 2.000834
46 0.95790 2.000834
47 0.96040 2.000834
48 0.96280 2.000834
49 0.96590 2.000834
