0 0.00160 nan
1 0.00750 inf
2 0.02150 1.308209
3 0.04050 1.537819
4 0.06940 1.450591
5 0.10120 1.395648
6 0.13510 1.448619
7 0.17390 1.474216
8 0.21420 1.494850
9 0.25530 1.549217
10 0.30160 1.586312
11 0.34730 1.614769
12 0.39450 1.651454
13 0.43970 1.676911
14 0.48020 1.698820
15 0.51790 1.722786
16 0.55100 1.739225
17 0.58640 1.750089
18 0.62050 1.774295
19 0.65160 1.791620
20 0.67530 1.807014
21 0.70130 1.825171
22 0.72480 1.836214
23 0.74530 1.835173
24 0.76460 1.847963
25 0.78320 1.859511
26 0.79950 1.871922
27 0.81670 1.878915
28 0.82980 1.886597
29 0.84260 1.894929
30 0.85490 1.902283
31 0.86550 1.910839
32 0.87510 1.915483
33 0.88330 1.920586
34 0.89260 1.924925
35 0.90180 1.930228
36 0.90940 1.933558
37 0.91460 1.937451
38 0.92170 1.942770
39 0.92790 1.943079
40 0.93530 1.949003
41 0.93890 1.948100
42 0.94350 1.950377
43 0.94740 1.953142
44 0.95140 1.955876
45 0.95520 1.959053
46 0.95790 1.960910
47 0.96040 1.962627
48 0.96280 1.964421
49 0.96590 1.966825
