0 0.04930 1.706970
1 0.09040 1.817106
2 0.13030 1.956556
3 0.17120 1.808406
4 0.20810 1.847061
5 0.24310 1.869609
6 0.27950 1.859913
7 0.30990 1.977141
8 0.33900 1.902148
9 0.37010 1.899314
10 0.39780 1.958987
11 0.42470 1.895448
12 0.45050 1.951793
13 0.47590 1.877898
14 0.50100 1.958811
15 0.52370 1.918155
16 0.54290 1.918629
17 0.56440 1.949965
18 0.58440 1.912053
19 0.60190 1.916583
20 0.61870 1.920244
21 0.63380 1.970870
22 0.65160 1.933107
23 0.66770 1.899661
24 0.68420 1.930334
25 0.69750 1.962183
26 0.70940 1.973398
27 0.72280 1.941405
28 0.73530 1.896374
29 0.74730 1.895711
30 0.75890 1.922009
31 0.76960 1.969379
32 0.78030 1.985496
33 0.78930 1.955995
34 0.79850 1.924835
35 0.80970 1.911944
36 0.81920 1.914153
37 0.82620 1.915539
38 0.83410 1.931042
39 0.84110 1.959291
40 0.84860 1.982550
41 0.85680 1.968096
42 0.86310 1.958444
43 0.86920 1.957022
44 0.87480 1.918712
45 0.88010 1.901103
46 0.88510 1.917408
47 0.89040 1.931451
48 0.89530 1.940783
49 0.89940 1.938158
