0 0.04930 inf
1 0.09040 2.488551
2 0.13030 2.047924
3 0.17120 2.021189
4 0.20810 1.989136
5 0.24310 1.995254
6 0.27950 2.060407
7 0.30990 2.032832
8 0.33900 2.075054
9 0.37010 2.047813
10 0.39780 2.058555
11 0.42470 2.092357
12 0.45050 2.070150
13 0.47590 2.045874
14 0.50100 2.050793
15 0.52370 2.041393
16 0.54290 2.026338
17 0.56440 2.039485
18 0.58440 2.027565
19 0.60190 2.039648
20 0.61870 2.034605
21 0.63380 2.016893
22 0.65160 2.026236
23 0.66770 2.017033
24 0.68420 2.019128
25 0.69750 2.011568
26 0.70940 2.007618
27 0.72280 2.010735
28 0.73530 2.002996
29 0.74730 1.994592
30 0.75890 1.998076
31 0.76960 1.996508
32 0.78030 2.001936
33 0.78930 1.999461
34 0.79850 1.995758
35 0.80970 1.997704
36 0.81920 2.002841
37 0.82620 2.004584
38 0.83410 1.999743
39 0.84110 1.996268
40 0.84860 1.997893
41 0.85680 1.997572
42 0.86310 1.994346
43 0.86920 1.991922
44 0.87480 1.994731
45 0.88010 1.997369
46 0.88510 1.996306
47 0.89040 1.999142
48 0.89530 1.999568
49 0.89940 2.000898
