0 0.00040 0.563492
1 0.00060 0.310112
2 0.00130 0.399804
3 0.00270 0.533838
4 0.00370 0.713802
5 0.00540 0.897509
6 0.00890 0.602500
7 0.01360 0.721643
8 0.01970 0.785664
9 0.02670 0.826242
10 0.03370 0.826313
11 0.04360 0.961144
12 0.05570 1.027722
13 0.06960 1.035191
14 0.08790 1.043030
15 0.10900 1.065835
16 0.13120 1.154003
17 0.15470 1.253461
18 0.18140 1.288282
19 0.20830 1.277957
20 0.23880 1.381400
21 0.27260 1.423283
22 0.30530 1.447407
23 0.34070 1.483141
24 0.37970 1.575820
25 0.42010 1.600805
26 0.45950 1.655196
27 0.49580 1.662477
28 0.52970 1.697445
29 0.56310 1.746259
30 0.59510 1.781927
31 0.62700 1.822230
32 0.65850 1.855059
33 0.68820 1.877592
34 0.71590 1.900921
35 0.74130 1.909853
36 0.76720 1.923829
37 0.79070 1.932581
38 0.81300 1.953368
39 0.83260 1.955904
40 0.84880 1.972244
41 0.86350 1.980234
42 0.87890 1.982324
43 0.89220 1.981144
44 0.90180 1.980641
45 0.91300 1.987907
46 0.92210 1.986512
47 0.93020 1.988531
48 0.93630 1.994311
49 0.94120 1.994311
