0 0.00040 inf
1 0.00060 inf
2 0.00130 0.778151
3 0.00270 0.829304
4 0.00370 0.989005
5 0.00540 1.086360
6 0.00890 1.278754
7 0.01360 1.501744
8 0.01970 1.559308
9 0.02670 1.649057
10 0.03370 1.696793
11 0.04360 1.758828
12 0.05570 1.681241
13 0.06960 1.745026
14 0.08790 1.768453
15 0.10900 1.792829
16 0.13120 1.789413
17 0.15470 1.791898
18 0.18140 1.809067
19 0.20830 1.806251
20 0.23880 1.803174
21 0.27260 1.809798
22 0.30530 1.822775
23 0.34070 1.824719
24 0.37970 1.839140
25 0.42010 1.853692
26 0.45950 1.846267
27 0.49580 1.852352
28 0.52970 1.855129
29 0.56310 1.860964
30 0.59510 1.867890
31 0.62700 1.874279
32 0.65850 1.889302
33 0.68820 1.893619
34 0.71590 1.904351
35 0.74130 1.907932
36 0.76720 1.916182
37 0.79070 1.924802
38 0.81300 1.928627
39 0.83260 1.929769
40 0.84880 1.938727
41 0.86350 1.944322
42 0.87890 1.950713
43 0.89220 1.952704
44 0.90180 1.951069
45 0.91300 1.954605
46 0.92210 1.959473
47 0.93020 1.962110
48 0.93630 1.964332
49 0.94120 1.967236
