0 0.00040 0.000000
1 0.00110 0.107115
2 0.00270 0.477689
3 0.00440 0.234629
4 0.00790 0.191270
5 0.01180 0.501674
6 0.01870 0.673161
7 0.02680 0.771808
8 0.03840 0.872455
9 0.05300 0.906730
10 0.06970 1.014537
11 0.08920 1.094228
12 0.11020 1.105916
13 0.13370 1.156889
14 0.16040 1.141923
15 0.18800 1.238445
16 0.21920 1.269709
17 0.25210 1.327081
18 0.28870 1.412340
19 0.32820 1.462979
20 0.36890 1.528975
21 0.40700 1.581676
22 0.44670 1.621032
23 0.48790 1.662111
24 0.52750 1.710837
25 0.56870 1.753434
26 0.60420 1.793548
27 0.63510 1.808523
28 0.66750 1.837242
29 0.69750 1.871145
30 0.72610 1.895881
31 0.75220 1.919110
32 0.77630 1.925584
33 0.79770 1.929421
34 0.81730 1.942755
35 0.83380 1.945319
36 0.85000 1.954077
37 0.86440 1.957485
38 0.87780 1.961539
39 0.89130 1.970350
40 0.90170 1.972908
41 0.91010 1.972760
42 0.91750 1.971372
43 0.92540 1.975245
44 0.93240 1.981069
45 0.93770 1.985063
46 0.94400 1.986937
47 0.94900 1.988746
48 0.95400 1.988597
49 0.95740 1.987366
