0 0.00040 inf
1 0.00110 inf
2 0.00270 1.591065
3 0.00440 1.217484
4 0.00790 1.434036
5 0.01180 1.351304
6 0.01870 1.471047
7 0.02680 1.570710
8 0.03840 1.604908
9 0.05300 1.706407
10 0.06970 1.726249
11 0.08920 1.786376
12 0.11020 1.792232
13 0.13370 1.775476
14 0.16040 1.808947
15 0.18800 1.774811
16 0.21920 1.795705
17 0.25210 1.813034
18 0.28870 1.800163
19 0.32820 1.803351
20 0.36890 1.834517
21 0.40700 1.840575
22 0.44670 1.859998
23 0.48790 1.869536
24 0.52750 1.879489
25 0.56870 1.891592
26 0.60420 1.900082
27 0.63510 1.904083
28 0.66750 1.906414
29 0.69750 1.919309
30 0.72610 1.924735
31 0.75220 1.929048
32 0.77630 1.939333
33 0.79770 1.942016
34 0.81730 1.950219
35 0.83380 1.960162
36 0.85000 1.968124
37 0.86440 1.973588
38 0.87780 1.977392
39 0.89130 1.983482
40 0.90170 1.987822
41 0.91010 1.988203
42 0.91750 1.990339
43 0.92540 1.995536
44 0.93240 1.998080
45 0.93770 1.998688
46 0.94400 2.002359
47 0.94900 2.004862
48 0.95400 2.007779
49 0.95740 2.006045
