0 0.00190 0.119153
1 0.00810 0.141157
2 0.01890 0.352137
3 0.03730 0.620670
4 0.06280 0.763179
5 0.09330 0.894475
6 0.12950 1.084453
7 0.16460 1.239592
8 0.20830 1.374813
9 0.24480 1.476595
10 0.28980 1.577808
11 0.33150 1.658542
12 0.37500 1.733195
13 0.41940 1.809252
14 0.46100 1.838868
15 0.50270 1.876786
16 0.53470 1.898577
17 0.56760 1.919259
18 0.60140 1.929605
19 0.63350 1.948177
20 0.66170 1.958072
21 0.68780 1.968363
22 0.71290 1.977187
23 0.73840 1.986517
24 0.76010 1.987243
25 0.78070 1.989991
26 0.79800 1.992733
27 0.81370 1.992572
28 0.83060 1.995831
29 0.84520 1.994584
30 0.85710 1.995669
31 0.86970 1.996591
32 0.87940 1.996591
33 0.88860 1.996591
34 0.89780 1.997673
35 0.90490 1.996431
36 0.91250 1.998236
37 0.91910 1.998236
38 0.92570 1.998236
39 0.93030 1.999316
40 0.93600 1.999156
41 0.94190 1.997761
42 0.94610 1.997761
43 0.94970 1.998683
44 0.95230 1.998683
45 0.95520 1.998683
46 0.95760 1.998683
47 0.96050 1.998683
48 0.96330 1.999759
49 0.96620 1.999759
