0 0.00190 0.301030
1 0.00810 1.342423
2 0.01890 1.436693
3 0.03730 1.276462
4 0.06280 1.349278
5 0.09330 1.493856
6 0.12950 1.421152
7 0.16460 1.481207
8 0.20830 1.523659
9 0.24480 1.547215
10 0.28980 1.598256
11 0.33150 1.646594
12 0.37500 1.671369
13 0.41940 1.683331
14 0.46100 1.683720
15 0.50270 1.709536
16 0.53470 1.723929
17 0.56760 1.750699
18 0.60140 1.770594
19 0.63350 1.786756
20 0.66170 1.806113
21 0.68780 1.820002
22 0.71290 1.842034
23 0.73840 1.854574
24 0.76010 1.866612
25 0.78070 1.881871
26 0.79800 1.887866
27 0.81370 1.892829
28 0.83060 1.905127
29 0.84520 1.912137
30 0.85710 1.921651
31 0.86970 1.929322
32 0.87940 1.936328
33 0.88860 1.943947
34 0.89780 1.949759
35 0.90490 1.951634
36 0.91250 1.956495
37 0.91910 1.961662
38 0.92570 1.965296
39 0.93030 1.969006
40 0.93600 1.973177
41 0.94190 1.977614
42 0.94610 1.979592
43 0.94970 1.980829
44 0.95230 1.982871
45 0.95520 1.985189
46 0.95760 1.987045
47 0.96050 1.989164
48 0.96330 1.989758
49 0.96620 1.990700
