1 0.00010 0.000000
2 0.02010 1.434585
3 0.04010 1.601336
4 0.06010 1.479661
5 0.08010 1.505061
6 0.10010 1.464042
7 0.12010 1.516425
8 0.14010 1.441361
9 0.16010 1.417201
10 0.18010 1.472280
11 0.20010 1.485375
12 0.22010 1.513709
13 0.24010 1.504787
14 0.26010 1.478121
15 0.28010 1.460664
16 0.30010 1.472254
17 0.32010 1.523468
18 0.34010 1.505699
19 0.36010 1.475770
20 0.38010 1.469639
21 0.40010 1.467406
22 0.42010 1.499404
23 0.44010 1.501960
24 0.46010 1.517210
25 0.48010 1.469243
26 0.50010 1.482988
27 0.52010 1.488248
28 0.54010 1.489504
29 0.56010 1.494108
30 0.58010 1.489325
31 0.60010 1.480143
32 0.62010 1.451811
33 0.64010 1.478518
34 0.66010 1.468011
35 0.68010 1.472607
36 0.70010 1.453356
37 0.72010 1.467790
38 0.74010 1.476553
39 0.76010 1.499999
40 0.78010 1.469505
41 0.80010 1.492871
42 0.82010 1.498907
43 0.84010 1.484735
44 0.86010 1.497232
45 0.88010 1.490698
46 0.90010 1.478750
47 0.92010 1.471940
48 0.94010 1.486458
49 0.96010 1.521288
50 0.98010 1.488516
