1 0.00010 nan
2 0.02010 inf
3 0.04010 inf
4 0.06010 1.744293
5 0.08010 1.942008
6 0.10010 1.954243
7 0.12010 1.685742
8 0.14010 1.822005
9 0.16010 1.931119
10 0.18010 1.989895
11 0.20010 1.995635
12 0.22010 1.763740
13 0.24010 2.218798
14 0.26010 1.939519
15 0.28010 2.075750
16 0.30010 2.176602
17 0.32010 1.963197
18 0.34010 1.929553
19 0.36010 1.914167
20 0.38010 1.936856
21 0.40010 2.083069
22 0.42010 1.950188
23 0.44010 2.008048
24 0.46010 1.988467
25 0.48010 1.937626
26 0.50010 1.980495
27 0.52010 1.969649
28 0.54010 1.974189
29 0.56010 1.978258
30 0.58010 2.010473
31 0.60010 2.091307
32 0.62010 2.014505
33 0.64010 2.007976
34 0.66010 2.030216
35 0.68010 1.953202
36 0.70010 1.997950
37 0.72010 1.984857
38 0.74010 2.015315
39 0.76010 2.099916
40 0.78010 1.970612
41 0.80010 1.975174
42 0.82010 2.025797
43 0.84010 2.009442
44 0.86010 1.970163
45 0.88010 2.046214
46 0.90010 1.973584
47 0.92010 2.040592
48 0.94010 2.023801
49 0.96010 2.007497
50 0.98010 2.050396
