0 0.00040 0.845238
1 0.00120 0.399804
2 0.00260 0.064586
3 0.00420 0.561982
4 0.00710 0.523065
5 0.01290 0.676315
6 0.01980 0.959764
7 0.03020 0.828844
8 0.04270 0.872292
9 0.05700 0.990673
10 0.07480 0.980841
11 0.09260 1.066073
12 0.11350 1.168474
13 0.13760 1.289177
14 0.16410 1.295876
15 0.18730 1.324790
16 0.21620 1.380564
17 0.24400 1.425779
18 0.27300 1.519291
19 0.30420 1.541953
20 0.33750 1.561625
21 0.37640 1.595878
22 0.41280 1.624047
23 0.45030 1.655213
24 0.48610 1.677298
25 0.52160 1.711646
26 0.55480 1.736486
27 0.58770 1.760893
28 0.62010 1.814780
29 0.64940 1.843585
30 0.67810 1.872835
31 0.70620 1.882364
32 0.72810 1.888647
33 0.75100 1.901498
34 0.77080 1.919724
35 0.78950 1.925629
36 0.80920 1.935784
37 0.82350 1.943361
38 0.83740 1.948213
39 0.85100 1.944806
40 0.86320 1.946323
41 0.87610 1.945134
42 0.88730 1.951061
43 0.89510 1.956331
44 0.90460 1.964546
45 0.91200 1.967550
46 0.92030 1.972956
47 0.92670 1.973741
48 0.93260 1.977454
49 0.93970 1.976270
