0 0.00040 inf
1 0.00120 inf
2 0.00260 1.146128
3 0.00420 1.352183
4 0.00710 1.397940
5 0.01290 1.499687
6 0.01980 1.413452
7 0.03020 1.459895
8 0.04270 1.573203
9 0.05700 1.671358
10 0.07480 1.743914
11 0.09260 1.751472
12 0.11350 1.749795
13 0.13760 1.734114
14 0.16410 1.757433
15 0.18730 1.746618
16 0.21620 1.756405
17 0.24400 1.772659
18 0.27300 1.798104
19 0.30420 1.808987
20 0.33750 1.819832
21 0.37640 1.833122
22 0.41280 1.845033
23 0.45030 1.861042
24 0.48610 1.864607
25 0.52160 1.869823
26 0.55480 1.875610
27 0.58770 1.875254
28 0.62010 1.885449
29 0.64940 1.892569
30 0.67810 1.899964
31 0.70620 1.902324
32 0.72810 1.904967
33 0.75100 1.910422
34 0.77080 1.915504
35 0.78950 1.920987
36 0.80920 1.927650
37 0.82350 1.930406
38 0.83740 1.938266
39 0.85100 1.942434
40 0.86320 1.947756
41 0.87610 1.952963
42 0.88730 1.951044
43 0.89510 1.951657
44 0.90460 1.953726
45 0.91200 1.954717
46 0.92030 1.959350
47 0.92670 1.962016
48 0.93260 1.964554
49 0.93970 1.966743
