0 0.00030 0.000000
1 0.00060 0.000000
2 0.00140 0.360495
3 0.00220 0.449552
4 0.00320 0.877493
5 0.00510 1.059041
6 0.00810 0.635487
7 0.01250 0.775751
8 0.01770 0.716890
9 0.02550 0.793050
10 0.03410 0.786162
11 0.04640 0.865917
12 0.06000 0.874535
13 0.07620 1.090728
14 0.09500 1.155315
15 0.11630 1.178444
16 0.13830 1.254701
17 0.16330 1.253034
18 0.18830 1.291357
19 0.21760 1.375404
20 0.24580 1.413541
21 0.27630 1.476633
22 0.30900 1.542220
23 0.34100 1.579628
24 0.37420 1.611439
25 0.40670 1.670431
26 0.43810 1.678709
27 0.47220 1.701993
28 0.50560 1.715096
29 0.53880 1.746715
30 0.56970 1.764792
31 0.59500 1.782346
32 0.62440 1.811742
33 0.64990 1.819402
34 0.67490 1.841804
35 0.69990 1.873950
36 0.72110 1.873798
37 0.74340 1.891640
38 0.76350 1.900157
39 0.78250 1.914507
40 0.79840 1.919362
41 0.81660 1.920880
42 0.83420 1.928702
43 0.84770 1.935970
44 0.86220 1.946444
45 0.87680 1.958902
46 0.88790 1.975148
47 0.89910 1.973034
48 0.90810 1.981663
49 0.91600 1.986975
