0 0.00030 inf
1 0.00060 inf
2 0.00140 inf
3 0.00220 inf
4 0.00320 inf
5 0.00510 inf
6 0.00810 1.845098
7 0.01250 1.738384
8 0.01770 1.819544
9 0.02550 1.562293
10 0.03410 1.627486
11 0.04640 1.630936
12 0.06000 1.661813
13 0.07620 1.688756
14 0.09500 1.689087
15 0.11630 1.721102
16 0.13830 1.734191
17 0.16330 1.752000
18 0.18830 1.773162
19 0.21760 1.793292
20 0.24580 1.831074
21 0.27630 1.846867
22 0.30900 1.874065
23 0.34100 1.866669
24 0.37420 1.886312
25 0.40670 1.895371
26 0.43810 1.891767
27 0.47220 1.906177
28 0.50560 1.913964
29 0.53880 1.915848
30 0.56970 1.918183
31 0.59500 1.909875
32 0.62440 1.911619
33 0.64990 1.914977
34 0.67490 1.922743
35 0.69990 1.935219
36 0.72110 1.943156
37 0.74340 1.942257
38 0.76350 1.945058
39 0.78250 1.948350
40 0.79840 1.953226
41 0.81660 1.958797
42 0.83420 1.958103
43 0.84770 1.956972
44 0.86220 1.957685
45 0.87680 1.962827
46 0.88790 1.966876
47 0.89910 1.967832
48 0.90810 1.969986
49 0.91600 1.972168
