0 0.00050 0.000000
1 0.00100 1.200000
2 0.00240 0.966015
3 0.00390 0.966015
4 0.00740 1.326392
5 0.01350 1.030980
6 0.02210 1.249674
7 0.03180 1.445669
8 0.04490 1.387827
9 0.06480 1.614875
10 0.08480 1.619574
11 0.10870 1.555809
12 0.13460 1.628048
13 0.16320 1.622909
14 0.19610 1.611385
15 0.23170 1.613947
16 0.27300 1.660287
17 0.31720 1.658175
18 0.36040 1.692334
19 0.40860 1.739292
20 0.45670 1.782208
21 0.50510 1.780696
22 0.54610 1.796797
23 0.59100 1.803287
24 0.62970 1.827220
25 0.67000 1.850919
26 0.70730 1.857151
27 0.74180 1.896488
28 0.77040 1.861904
29 0.79590 1.888203
30 0.82110 1.898277
31 0.84200 1.929132
32 0.85980 1.892999
33 0.87550 1.893819
34 0.89090 1.899291
35 0.90350 1.898261
36 0.91440 1.898549
37 0.92600 1.922890
38 0.93490 1.935546
39 0.94380 1.940912
40 0.95150 1.947122
41 0.95820 1.948404
42 0.96390 1.951808
43 0.96900 1.957208
44 0.97420 1.960515
45 0.97740 1.959099
46 0.98010 1.962667
47 0.98220 1.966693
48 0.98390 1.962339
49 0.98630 1.968287
