0 0.00050 inf
1 0.00100 inf
2 0.00240 inf
3 0.00390 inf
4 0.00740 inf
5 0.01350 2.178977
6 0.02210 1.979245
7 0.03180 1.930440
8 0.04490 1.863983
9 0.06480 1.869623
10 0.08480 1.866990
11 0.10870 1.905173
12 0.13460 1.929109
13 0.16320 1.907020
14 0.19610 1.897241
15 0.23170 1.921803
16 0.27300 1.940159
17 0.31720 1.910197
18 0.36040 1.922689
19 0.40860 1.919825
20 0.45670 1.934771
21 0.50510 1.932822
22 0.54610 1.930256
23 0.59100 1.935157
24 0.62970 1.946519
25 0.67000 1.958712
26 0.70730 1.963426
27 0.74180 1.965091
28 0.77040 1.952878
29 0.79590 1.960040
30 0.82110 1.966004
31 0.84200 1.967373
32 0.85980 1.965420
33 0.87550 1.968761
34 0.89090 1.969659
35 0.90350 1.969355
36 0.91440 1.974113
37 0.92600 1.980904
38 0.93490 1.983548
39 0.94380 1.985137
40 0.95150 1.988683
41 0.95820 1.990087
42 0.96390 1.987462
43 0.96900 1.989087
44 0.97420 1.992277
45 0.97740 1.991481
46 0.98010 1.991157
47 0.98220 1.991399
48 0.98390 1.991433
49 0.98630 1.991237
