0 0.04720 1.681869
1 0.09010 1.783039
2 0.13240 1.931330
3 0.17250 1.819662
4 0.20940 1.873053
5 0.24690 1.857648
6 0.28140 1.896342
7 0.31290 1.974680
8 0.34570 1.908591
9 0.37870 1.870329
10 0.40950 1.971618
11 0.43660 1.896564
12 0.46170 1.951784
13 0.48430 1.915922
14 0.50680 1.936386
15 0.52810 1.908211
16 0.55050 1.916237
17 0.56870 1.961451
18 0.58880 1.904082
19 0.60760 1.909837
20 0.62700 1.931778
21 0.64240 1.976683
22 0.65800 1.903722
23 0.67650 1.915825
24 0.68900 1.954140
25 0.70170 1.977890
26 0.71770 1.948767
27 0.73120 1.896168
28 0.74200 1.903452
29 0.75260 1.938898
30 0.76330 1.975464
31 0.77480 1.985016
32 0.78310 1.952906
33 0.79160 1.912428
34 0.79930 1.918084
35 0.80880 1.927406
36 0.81820 1.935237
37 0.82630 1.956073
38 0.83460 1.974505
39 0.84260 1.966388
40 0.85060 1.959055
41 0.85750 1.921776
42 0.86480 1.916372
43 0.87160 1.913882
44 0.87770 1.927481
45 0.88270 1.928617
46 0.88740 1.936002
47 0.89180 1.939752
48 0.89680 1.955194
49 0.90100 1.945717
