0 0.04720 inf
1 0.09010 2.162863
2 0.13240 2.045975
3 0.17250 2.021565
4 0.20940 1.898875
5 0.24690 1.953885
6 0.28140 1.939935
7 0.31290 1.916622
8 0.34570 1.945413
9 0.37870 1.953853
10 0.40950 1.938253
11 0.43660 1.935021
12 0.46170 1.962437
13 0.48430 1.976118
14 0.50680 1.972220
15 0.52810 1.990027
16 0.55050 1.999374
17 0.56870 2.004910
18 0.58880 2.010966
19 0.60760 2.010694
20 0.62700 2.017232
21 0.64240 2.021378
22 0.65800 2.014747
23 0.67650 2.015793
24 0.68900 2.021189
25 0.70170 2.019536
26 0.71770 2.021059
27 0.73120 2.013508
28 0.74200 2.010928
29 0.75260 2.015178
30 0.76330 2.009927
31 0.77480 2.005684
32 0.78310 2.007434
33 0.79160 2.010733
34 0.79930 2.006694
35 0.80880 2.007487
36 0.81820 2.005948
37 0.82630 2.009733
38 0.83460 2.015334
39 0.84260 2.012034
40 0.85060 2.015474
41 0.85750 2.012959
42 0.86480 2.009903
43 0.87160 2.007277
44 0.87770 2.009925
45 0.88270 2.008055
46 0.88740 2.006956
47 0.89180 2.006719
48 0.89680 2.001436
49 0.90100 1.999628
