0 0.04520 1.982438
1 0.09110 1.856520
2 0.13100 1.954073
3 0.16830 1.833909
4 0.20900 1.841270
5 0.24420 1.873230
6 0.27990 1.890451
7 0.31480 1.958511
8 0.34730 1.895406
9 0.37420 1.912895
10 0.40220 1.946773
11 0.43050 1.894972
12 0.45590 1.973343
13 0.48020 1.880536
14 0.50340 1.930074
15 0.52890 1.962324
16 0.54950 1.903957
17 0.57100 1.949394
18 0.59070 1.928430
19 0.61160 1.905741
20 0.62750 1.941810
21 0.64530 1.954176
22 0.66440 1.904594
23 0.67950 1.918299
24 0.69490 1.957971
25 0.70870 1.989869
26 0.72110 1.894897
27 0.73440 1.906183
28 0.74590 1.954165
29 0.75690 1.974561
30 0.76940 1.952631
31 0.77970 1.909345
32 0.78960 1.906109
33 0.80010 1.909882
34 0.80790 1.919030
35 0.81800 1.935180
36 0.82710 1.970508
37 0.83480 1.966451
38 0.84150 1.960048
39 0.84930 1.956598
40 0.85610 1.914585
41 0.86360 1.910705
42 0.86930 1.924080
43 0.87410 1.924606
44 0.87930 1.931149
45 0.88590 1.939525
46 0.89150 1.950554
47 0.89720 1.938524
48 0.90240 1.945688
49 0.90720 1.944900
