0 0.04520 1.875061
1 0.09110 1.898999
2 0.13100 2.036096
3 0.16830 2.024486
4 0.20900 1.985717
5 0.24420 2.034571
6 0.27990 2.000289
7 0.31480 2.001369
8 0.34730 2.008230
9 0.37420 2.010204
10 0.40220 1.989978
11 0.43050 2.010300
12 0.45590 2.011809
13 0.48020 2.004956
14 0.50340 2.006511
15 0.52890 2.004362
16 0.54950 1.999145
17 0.57100 1.983582
18 0.59070 1.989585
19 0.61160 1.989095
20 0.62750 1.977581
21 0.64530 1.965142
22 0.66440 1.967619
23 0.67950 1.968507
24 0.69490 1.970393
25 0.70870 1.975588
26 0.72110 1.980789
27 0.73440 1.981981
28 0.74590 1.971244
29 0.75690 1.965411
30 0.76940 1.967163
31 0.77970 1.970582
32 0.78960 1.971054
33 0.80010 1.972674
34 0.80790 1.969580
35 0.81800 1.972143
36 0.82710 1.979212
37 0.83480 1.980606
38 0.84150 1.981087
39 0.84930 1.979167
40 0.85610 1.982989
41 0.86360 1.979030
42 0.86930 1.974715
43 0.87410 1.971595
44 0.87930 1.971325
45 0.88590 1.969510
46 0.89150 1.971023
47 0.89720 1.969930
48 0.90240 1.966334
49 0.90720 1.964712
