0 0.04580 1.704643
1 0.08990 1.843312
2 0.13100 1.959914
3 0.16950 1.873502
4 0.20800 1.838633
5 0.24680 1.873934
6 0.28060 1.887100
7 0.31230 1.969132
8 0.34390 1.885018
9 0.37190 1.925160
10 0.40170 1.959062
11 0.42760 1.888609
12 0.45530 1.966156
13 0.48020 1.884828
14 0.50190 1.942771
15 0.52320 1.933293
16 0.54570 1.907238
17 0.56530 1.935486
18 0.58190 1.954685
19 0.60150 1.921036
20 0.61880 1.901848
21 0.63520 1.947202
22 0.65380 1.977113
23 0.66800 1.917115
24 0.68220 1.904056
25 0.69700 1.941267
26 0.70960 1.955758
27 0.72310 1.987003
28 0.73570 1.901266
29 0.74710 1.905837
30 0.75830 1.931814
31 0.76960 1.964518
32 0.77890 1.979971
33 0.78860 1.947220
34 0.79720 1.912000
35 0.80500 1.916122
36 0.81430 1.919899
37 0.82100 1.922195
38 0.82920 1.923490
39 0.83750 1.949648
40 0.84500 1.971641
41 0.85300 1.968734
42 0.85960 1.964493
43 0.86690 1.963455
44 0.87280 1.961791
45 0.87780 1.916710
46 0.88350 1.909810
47 0.88810 1.924017
48 0.89380 1.930056
49 0.89820 1.931422
