0 0.04580 1.380211
1 0.08990 2.028029
2 0.13100 1.930057
3 0.16950 1.963000
4 0.20800 1.945002
5 0.24680 2.008600
6 0.28060 2.008884
7 0.31230 2.030889
8 0.34390 2.065800
9 0.37190 2.036938
10 0.40170 2.031269
11 0.42760 2.038834
12 0.45530 2.018441
13 0.48020 2.012110
14 0.50190 2.029963
15 0.52320 2.017818
16 0.54570 2.030709
17 0.56530 2.030477
18 0.58190 2.042486
19 0.60150 2.050179
20 0.61880 2.029705
21 0.63520 2.033673
22 0.65380 2.038996
23 0.66800 2.036155
24 0.68220 2.030511
25 0.69700 2.010873
26 0.70960 2.007805
27 0.72310 2.000914
28 0.73570 2.005205
29 0.74710 2.010296
30 0.75830 2.007385
31 0.76960 2.010330
32 0.77890 2.005752
33 0.78860 2.004769
34 0.79720 2.002105
35 0.80500 2.000034
36 0.81430 2.001881
37 0.82100 1.998319
38 0.82920 1.993582
39 0.83750 1.996798
40 0.84500 2.001315
41 0.85300 2.000215
42 0.85960 2.000242
43 0.86690 2.001579
44 0.87280 2.001367
45 0.87780 2.000189
46 0.88350 2.002137
47 0.88810 2.004024
48 0.89380 2.002257
49 0.89820 1.998079
