0 0.00210 0.071284
1 0.00880 0.278256
2 0.02190 0.474391
3 0.04060 0.671506
4 0.06430 0.858352
5 0.09690 1.001488
6 0.13340 1.170547
7 0.17180 1.316993
8 0.21310 1.411162
9 0.25860 1.530528
10 0.30000 1.635053
11 0.34350 1.697859
12 0.38880 1.758306
13 0.43040 1.809648
14 0.47030 1.853484
15 0.50780 1.890816
16 0.54580 1.914141
17 0.58060 1.931599
18 0.61230 1.947388
19 0.64160 1.962872
20 0.66900 1.970269
21 0.69450 1.976562
22 0.71780 1.988470
23 0.74010 1.993926
24 0.75910 1.995937
25 0.77790 1.999925
26 0.79380 1.999222
27 0.81040 2.000138
28 0.82600 1.998397
29 0.84140 2.001637
30 0.85580 2.001637
31 0.86560 2.001637
32 0.87640 2.001474
33 0.88530 2.000234
34 0.89400 2.001312
35 0.90190 2.002389
36 0.90860 2.002389
37 0.91480 2.001151
38 0.92170 1.999916
39 0.92820 1.999916
40 0.93400 1.999916
41 0.93850 2.000992
42 0.94360 2.000992
43 0.94680 2.000992
44 0.95130 2.000834
45 0.95490 2.000834
46 0.95810 2.000834
47 0.96080 2.000834
48 0.96330 1.999603
49 0.96610 2.000678
