0 0.00210 nan
1 0.00880 0.929419
2 0.02190 1.006160
3 0.04060 1.245101
4 0.06430 1.271067
5 0.09690 1.410394
6 0.13340 1.415580
7 0.17180 1.489802
8 0.21310 1.499855
9 0.25860 1.529447
10 0.30000 1.538100
11 0.34350 1.577811
12 0.38880 1.623146
13 0.43040 1.626288
14 0.47030 1.660003
15 0.50780 1.691581
16 0.54580 1.705331
17 0.58060 1.722737
18 0.61230 1.741330
19 0.64160 1.757414
20 0.66900 1.772870
21 0.69450 1.780860
22 0.71780 1.791990
23 0.74010 1.799505
24 0.75910 1.810085
25 0.77790 1.820555
26 0.79380 1.829703
27 0.81040 1.838975
28 0.82600 1.849006
29 0.84140 1.855885
30 0.85580 1.862978
31 0.86560 1.867893
32 0.87640 1.872966
33 0.88530 1.878103
34 0.89400 1.884821
35 0.90190 1.891700
36 0.90860 1.895886
37 0.91480 1.901204
38 0.92170 1.905967
39 0.92820 1.909327
40 0.93400 1.913441
41 0.93850 1.916837
42 0.94360 1.920721
43 0.94680 1.923405
44 0.95130 1.926808
45 0.95490 1.929227
46 0.95810 1.931584
47 0.96080 1.933513
48 0.96330 1.935327
49 0.96610 1.937016
