0 0.00020 0.000000
1 0.00090 1.267970
2 0.00330 0.994171
3 0.00570 1.258071
4 0.00870 1.229423
5 0.01380 1.216137
6 0.02110 1.301821
7 0.02870 1.501955
8 0.03700 1.350268
9 0.04940 1.371551
10 0.06520 1.464429
11 0.08250 1.493387
12 0.10250 1.547023
13 0.12600 1.558280
14 0.15250 1.593805
15 0.18620 1.622621
16 0.21850 1.688869
17 0.25340 1.633302
18 0.29120 1.645783
19 0.33230 1.668465
20 0.37490 1.693487
21 0.42270 1.733568
22 0.46900 1.737754
23 0.51270 1.764078
24 0.55680 1.761677
25 0.59510 1.834356
26 0.63490 1.847982
27 0.67310 1.840812
28 0.70630 1.890326
29 0.73740 1.889800
30 0.76550 1.873208
31 0.79140 1.883749
32 0.81720 1.902188
33 0.83800 1.904447
34 0.85980 1.921902
35 0.87740 1.905065
36 0.89370 1.907173
37 0.90900 1.908496
38 0.91880 1.912593
39 0.92970 1.913546
40 0.93800 1.924413
41 0.94610 1.933816
42 0.95220 1.940600
43 0.95850 1.942069
44 0.96410 1.943834
45 0.96930 1.947801
46 0.97250 1.948918
47 0.97650 1.952245
48 0.97900 1.953194
49 0.98110 1.954945
