0 0.00020 nan
1 0.00090 inf
2 0.00330 0.954243
3 0.00570 1.100371
4 0.00870 1.390935
5 0.01380 1.621176
6 0.02110 1.866878
7 0.02870 1.931966
8 0.03700 1.897016
9 0.04940 1.836143
10 0.06520 1.831836
11 0.08250 1.839101
12 0.10250 1.864906
13 0.12600 1.921923
14 0.15250 1.912425
15 0.18620 1.932215
16 0.21850 1.916329
17 0.25340 1.904849
18 0.29120 1.890215
19 0.33230 1.881264
20 0.37490 1.865013
21 0.42270 1.890147
22 0.46900 1.896546
23 0.51270 1.900191
24 0.55680 1.908299
25 0.59510 1.909993
26 0.63490 1.920501
27 0.67310 1.926683
28 0.70630 1.925465
29 0.73740 1.925283
30 0.76550 1.936405
31 0.79140 1.936604
32 0.81720 1.935411
33 0.83800 1.935707
34 0.85980 1.941156
35 0.87740 1.949251
36 0.89370 1.956662
37 0.90900 1.960603
38 0.91880 1.964265
39 0.92970 1.965662
40 0.93800 1.965359
41 0.94610 1.965952
42 0.95220 1.966305
43 0.95850 1.967944
44 0.96410 1.967842
45 0.96930 1.970700
46 0.97250 1.969526
47 0.97650 1.971271
48 0.97900 1.973139
49 0.98110 1.974677
