0 0.00040 0.000000
1 0.00080 2.000000
2 0.00120 1.033985
3 0.00270 1.249143
4 0.00520 1.182242
5 0.00860 1.319824
6 0.01380 1.413093
7 0.02160 1.546805
8 0.02930 1.547623
9 0.04030 1.509375
10 0.05460 1.450030
11 0.06980 1.475869
12 0.08770 1.556378
13 0.10740 1.587527
14 0.12980 1.640306
15 0.15320 1.626037
16 0.17710 1.636529
17 0.20590 1.616479
18 0.23160 1.644423
19 0.26500 1.709591
20 0.30210 1.697185
21 0.33990 1.702747
22 0.37760 1.744700
23 0.41900 1.731103
24 0.45750 1.760855
25 0.50150 1.778701
26 0.54210 1.765798
27 0.58570 1.803509
28 0.62380 1.823191
29 0.66290 1.858576
30 0.69890 1.856638
31 0.73160 1.871473
32 0.76340 1.896204
33 0.79460 1.878840
34 0.82060 1.899706
35 0.84200 1.904465
36 0.86180 1.933917
37 0.87950 1.927166
38 0.89300 1.911300
39 0.90770 1.907876
40 0.92060 1.908843
41 0.93070 1.919295
42 0.93930 1.928911
43 0.94940 1.938309
44 0.95650 1.945135
45 0.96250 1.953562
46 0.96750 1.958482
47 0.97240 1.961459
48 0.97700 1.959571
49 0.98170 1.963058
