0 0.00040 inf
1 0.00080 inf
2 0.00120 0.698970
3 0.00270 0.903090
4 0.00520 1.361728
5 0.00860 1.612784
6 0.01380 1.550228
7 0.02160 1.704151
8 0.02930 1.809560
9 0.04030 1.781429
10 0.05460 1.808436
11 0.06980 1.777493
12 0.08770 1.835934
13 0.10740 1.884040
14 0.12980 1.887825
15 0.15320 1.901671
16 0.17710 1.870721
17 0.20590 1.887485
18 0.23160 1.899216
19 0.26500 1.901669
20 0.30210 1.899544
21 0.33990 1.932595
22 0.37760 1.939110
23 0.41900 1.950004
24 0.45750 1.966044
25 0.50150 1.984410
26 0.54210 1.976241
27 0.58570 1.967495
28 0.62380 1.977924
29 0.66290 1.981858
30 0.69890 1.981558
31 0.73160 1.977815
32 0.76340 1.979045
33 0.79460 1.983766
34 0.82060 1.973546
35 0.84200 1.976743
36 0.86180 1.970252
37 0.87950 1.967927
38 0.89300 1.968429
39 0.90770 1.970363
40 0.92060 1.968754
41 0.93070 1.971762
42 0.93930 1.977125
43 0.94940 1.976647
44 0.95650 1.977300
45 0.96250 1.978766
46 0.96750 1.980437
47 0.97240 1.980851
48 0.97700 1.983089
49 0.98170 1.984533
