0 0.00010 0.000000
1 0.00010 0.000000
2 0.00010 0.000000
3 0.00030 0.000000
4 0.00070 0.599706
5 0.00190 1.002895
6 0.00370 0.943721
7 0.00570 0.466032
8 0.00760 0.495801
9 0.01090 0.657699
10 0.01610 0.735751
11 0.02170 0.807247
12 0.02960 0.687499
13 0.03880 0.737119
14 0.05220 0.923322
15 0.06600 1.043082
16 0.08260 1.091791
17 0.10230 1.018942
18 0.12450 1.053817
19 0.15100 1.135386
20 0.18070 1.204637
21 0.21150 1.314597
22 0.24320 1.342860
23 0.27540 1.378471
24 0.30680 1.436127
25 0.33980 1.490775
26 0.37180 1.539724
27 0.40610 1.586808
28 0.43840 1.632031
29 0.47160 1.676895
30 0.50620 1.697759
31 0.53900 1.745485
32 0.57400 1.773785
33 0.61000 1.794798
34 0.64370 1.815514
35 0.67410 1.853129
36 0.70640 1.887498
37 0.73680 1.903815
38 0.75770 1.917520
39 0.78040 1.937656
40 0.80350 1.951412
41 0.82150 1.961600
42 0.83920 1.968410
43 0.85800 1.976225
44 0.87210 1.977754
45 0.88530 1.979958
46 0.89890 1.981284
47 0.90900 1.983852
48 0.91790 1.986609
49 0.92640 1.991695
