0 0.00010 nan
1 0.00010 nan
2 0.00010 nan
3 0.00030 nan
4 0.00070 inf
5 0.00190 1.041393
6 0.00370 1.322219
7 0.00570 1.628389
8 0.00760 1.785330
9 0.01090 1.926857
10 0.01610 1.658011
11 0.02170 1.702215
12 0.02960 1.798651
13 0.03880 1.837799
14 0.05220 1.861833
15 0.06600 1.862472
16 0.08260 1.822822
17 0.10230 1.850067
18 0.12450 1.867042
19 0.15100 1.821841
20 0.18070 1.824516
21 0.21150 1.837057
22 0.24320 1.848431
23 0.27540 1.851467
24 0.30680 1.861580
25 0.33980 1.865013
26 0.37180 1.872954
27 0.40610 1.885722
28 0.43840 1.884259
29 0.47160 1.880197
30 0.50620 1.875397
31 0.53900 1.866155
32 0.57400 1.875422
33 0.61000 1.884245
34 0.64370 1.893920
35 0.67410 1.886064
36 0.70640 1.899824
37 0.73680 1.909032
38 0.75770 1.916606
39 0.78040 1.926164
40 0.80350 1.932271
41 0.82150 1.937669
42 0.83920 1.946365
43 0.85800 1.947335
44 0.87210 1.951601
45 0.88530 1.959213
46 0.89890 1.964305
47 0.90900 1.968012
48 0.91790 1.970095
49 0.92640 1.975606
