0 0.04590 1.650408
1 0.08840 1.778163
2 0.12890 1.936394
3 0.16590 1.990401
4 0.20390 1.874808
5 0.24520 1.868890
6 0.27760 1.940345
7 0.30660 1.881635
8 0.33920 1.896572
9 0.36990 1.989011
10 0.39720 1.948887
11 0.42560 1.878963
12 0.45220 1.945189
13 0.47590 1.872293
14 0.49850 1.918642
15 0.52150 1.962033
16 0.54400 1.906531
17 0.56400 1.953011
18 0.58370 1.902438
19 0.60150 1.925232
20 0.61940 1.929249
21 0.63530 1.975914
22 0.65010 1.915510
23 0.66650 1.910197
24 0.68370 1.956156
25 0.69970 1.983571
26 0.71240 1.910118
27 0.72740 1.893288
28 0.73980 1.887367
29 0.75120 1.953621
30 0.76340 1.982228
31 0.77430 1.983487
32 0.78550 1.913319
33 0.79610 1.918551
34 0.80410 1.919469
35 0.81430 1.917064
36 0.82070 1.961509
37 0.83020 1.965535
38 0.83890 1.956797
39 0.84590 1.959580
40 0.85350 1.918256
41 0.86200 1.898500
42 0.86770 1.910361
43 0.87300 1.924936
44 0.87810 1.935316
45 0.88320 1.934621
46 0.88830 1.936776
47 0.89400 1.946419
48 0.90020 1.937010
49 0.90380 1.939415
