0 0.04590 inf
1 0.08840 inf
2 0.12890 2.761176
3 0.16590 2.225309
4 0.20390 2.076668
5 0.24520 1.993915
6 0.27760 1.984977
7 0.30660 1.977476
8 0.33920 1.908783
9 0.36990 1.934912
10 0.39720 1.946552
11 0.42560 1.962806
12 0.45220 1.952939
13 0.47590 1.962130
14 0.49850 1.964057
15 0.52150 1.971448
16 0.54400 1.951503
17 0.56400 1.973513
18 0.58370 1.977201
19 0.60150 1.959349
20 0.61940 1.966739
21 0.63530 1.976262
22 0.65010 1.968034
23 0.66650 1.965576
24 0.68370 1.961266
25 0.69970 1.956387
26 0.71240 1.960118
27 0.72740 1.967728
28 0.73980 1.971004
29 0.75120 1.970221
30 0.76340 1.968635
31 0.77430 1.967411
32 0.78550 1.966690
33 0.79610 1.973548
34 0.80410 1.977004
35 0.81430 1.966879
36 0.82070 1.962833
37 0.83020 1.957496
38 0.83890 1.955317
39 0.84590 1.954149
40 0.85350 1.957305
41 0.86200 1.954587
42 0.86770 1.955947
43 0.87300 1.955882
44 0.87810 1.952829
45 0.88320 1.952688
46 0.88830 1.950576
47 0.89400 1.954884
48 0.90020 1.956292
49 0.90380 1.955880
