0 0.00240 0.059147
1 0.00950 0.156419
2 0.02110 0.429614
3 0.04110 0.597520
4 0.06910 0.816189
5 0.10050 0.980324
6 0.13580 1.172280
7 0.17610 1.283851
8 0.21930 1.422135
9 0.26360 1.546170
10 0.30580 1.656299
11 0.34960 1.714256
12 0.39360 1.782334
13 0.43440 1.832542
14 0.47520 1.878155
15 0.51820 1.907262
16 0.55160 1.928296
17 0.58840 1.943524
18 0.61990 1.952692
19 0.64900 1.963606
20 0.67880 1.973411
21 0.70520 1.979110
22 0.72680 1.980631
23 0.74960 1.983910
24 0.76940 1.990082
25 0.78760 1.992098
26 0.80280 1.992872
27 0.81600 1.992872
28 0.83150 1.990404
29 0.84340 1.992567
30 0.85630 1.992567
31 0.86810 1.991336
32 0.87850 1.993139
33 0.88910 1.995297
34 0.89660 1.995297
35 0.90450 1.995297
36 0.91080 1.995297
37 0.91780 1.996375
38 0.92430 1.997452
39 0.93070 1.998528
40 0.93550 1.999603
41 0.94090 1.999449
42 0.94560 1.999449
43 0.95060 1.999449
44 0.95400 1.999449
45 0.95710 1.999449
46 0.95970 1.999449
47 0.96260 1.999449
48 0.96550 1.999449
49 0.96750 1.999449
