0 0.00240 nan
1 0.00950 inf
2 0.02110 1.322219
3 0.04110 1.286307
4 0.06910 1.298416
5 0.10050 1.370318
6 0.13580 1.403090
7 0.17610 1.454845
8 0.21930 1.511883
9 0.26360 1.568825
10 0.30580 1.617195
11 0.34960 1.650353
12 0.39360 1.668525
13 0.43440 1.675016
14 0.47520 1.690941
15 0.51820 1.733783
16 0.55160 1.758723
17 0.58840 1.775476
18 0.61990 1.799693
19 0.64900 1.812750
20 0.67880 1.835658
21 0.70520 1.844715
22 0.72680 1.855452
23 0.74960 1.869415
24 0.76940 1.879592
25 0.78760 1.891037
26 0.80280 1.900994
27 0.81600 1.908295
28 0.83150 1.918266
29 0.84340 1.920279
30 0.85630 1.927961
31 0.86810 1.936311
32 0.87850 1.941157
33 0.88910 1.944031
34 0.89660 1.950065
35 0.90450 1.954681
36 0.91080 1.959725
37 0.91780 1.965773
38 0.92430 1.970818
39 0.93070 1.975830
40 0.93550 1.979333
41 0.94090 1.983242
42 0.94560 1.986883
43 0.95060 1.990970
44 0.95400 1.993685
45 0.95710 1.995937
46 0.95970 1.997067
47 0.96260 1.999272
48 0.96550 2.001417
49 0.96750 2.002712
