0 0.04900 1.681738
1 0.09210 1.901685
2 0.13550 1.893550
3 0.17450 1.831690
4 0.21320 1.869358
5 0.24950 1.872238
6 0.28450 1.881386
7 0.31300 1.961107
8 0.34340 1.882368
9 0.37310 1.925456
10 0.40290 1.976174
11 0.42900 1.881769
12 0.45450 1.974680
13 0.47680 1.882560
14 0.50300 1.947179
15 0.52420 1.957534
16 0.54680 1.912766
17 0.56910 1.940030
18 0.59010 1.964242
19 0.60890 1.929849
20 0.62600 1.907430
21 0.64250 1.973628
22 0.65870 1.952182
23 0.67470 1.903487
24 0.68830 1.931043
25 0.70400 1.957971
26 0.71630 1.995406
27 0.72870 1.909877
28 0.74240 1.904019
29 0.75550 1.961628
30 0.76580 1.985496
31 0.77660 1.954374
32 0.78580 1.910982
33 0.79650 1.917682
34 0.80540 1.924068
35 0.81410 1.936154
36 0.82260 1.960581
37 0.83090 1.977940
38 0.83840 1.963862
39 0.84580 1.966845
40 0.85280 1.919587
41 0.85910 1.909590
42 0.86750 1.919296
43 0.87390 1.932350
44 0.87920 1.934573
45 0.88450 1.939088
46 0.88980 1.954012
47 0.89520 1.944292
48 0.90000 1.944900
49 0.90430 1.942478
