0 0.04900 inf
1 0.09210 2.511883
2 0.13550 2.258877
3 0.17450 2.167317
4 0.21320 2.098396
5 0.24950 2.035612
6 0.28450 1.981860
7 0.31300 1.982384
8 0.34340 1.991320
9 0.37310 2.009403
10 0.40290 2.021534
11 0.42900 2.005854
12 0.45450 2.009799
13 0.47680 2.025651
14 0.50300 2.042323
15 0.52420 2.054059
16 0.54680 2.039115
17 0.56910 2.046291
18 0.59010 2.044777
19 0.60890 2.040034
20 0.62600 2.041106
21 0.64250 2.039170
22 0.65870 2.045867
23 0.67470 2.028275
24 0.68830 2.019009
25 0.70400 2.021144
26 0.71630 2.020203
27 0.72870 2.021507
28 0.74240 2.009214
29 0.75550 2.010714
30 0.76580 2.001017
31 0.77660 2.003763
32 0.78580 1.999691
33 0.79650 2.008476
34 0.80540 2.009136
35 0.81410 2.010792
36 0.82260 2.015805
37 0.83090 2.015308
38 0.83840 2.014652
39 0.84580 2.016185
40 0.85280 2.008244
41 0.85910 2.011511
42 0.86750 2.011360
43 0.87390 2.015007
44 0.87920 2.016090
45 0.88450 2.015055
46 0.88980 2.010135
47 0.89520 2.012375
48 0.90000 2.011564
49 0.90430 2.011384
