0 0.00044 0.241008
1 0.00126 0.729352
2 0.00272 0.913288
3 0.00505 1.145677
4 0.00845 1.210897
5 0.01322 1.311202
6 0.01905 1.391509
7 0.02631 1.429843
8 0.03563 1.505235
9 0.04708 1.591720
10 0.05979 1.611516
11 0.07433 1.638973
12 0.09023 1.658211
13 0.10753 1.693380
14 0.12698 1.718709
15 0.14759 1.758564
16 0.16884 1.789226
17 0.19239 1.813729
18 0.21589 1.826480
19 0.24055 1.837753
20 0.26579 1.849207
21 0.29147 1.870986
22 0.31714 1.870130
23 0.34363 1.888436
24 0.36878 1.901018
25 0.39343 1.899609
26 0.41894 1.896140
27 0.44342 1.903811
28 0.46784 1.906691
29 0.49278 1.908435
30 0.51748 1.910718
31 0.54172 1.920591
32 0.56587 1.917811
33 0.58923 1.930246
34 0.61248 1.933646
35 0.63487 1.941381
36 0.65676 1.951197
37 0.67829 1.957469
38 0.69882 1.959910
39 0.71775 1.954846
40 0.73574 1.964589
41 0.75374 1.967916
42 0.77121 1.975772
43 0.78697 1.976879
44 0.80241 1.980785
45 0.81661 1.978087
46 0.83053 1.980471
47 0.84302 1.981994
48 0.85458 1.984049
49 0.86604 1.985814
