0 0.00040 0.563492
1 0.00070 0.554860
2 0.00140 0.597625
3 0.00290 0.443621
4 0.00440 0.483267
5 0.00740 0.613106
6 0.01070 0.670910
7 0.01690 0.749901
8 0.02550 0.827316
9 0.03640 0.848698
10 0.04840 0.915060
11 0.06380 0.991896
12 0.08190 1.113509
13 0.10360 1.245591
14 0.12680 1.294438
15 0.15230 1.287137
16 0.17940 1.300400
17 0.20720 1.337366
18 0.24110 1.346295
19 0.27490 1.407546
20 0.30870 1.530915
21 0.34580 1.562926
22 0.37670 1.558969
23 0.40870 1.613327
24 0.44100 1.616793
25 0.47390 1.649885
26 0.50890 1.678514
27 0.54090 1.711656
28 0.57550 1.767857
29 0.60770 1.791331
30 0.63730 1.823569
31 0.66570 1.847559
32 0.69510 1.874966
33 0.72010 1.886829
34 0.74430 1.908996
35 0.76670 1.917400
36 0.78500 1.915690
37 0.80230 1.917363
38 0.81940 1.930402
39 0.83450 1.935179
40 0.84970 1.948077
41 0.86260 1.953101
42 0.87380 1.959296
43 0.88340 1.966206
44 0.89320 1.967952
45 0.90290 1.972970
46 0.91140 1.975723
47 0.92000 1.982166
48 0.92760 1.985664
49 0.93450 1.992227
