0 0.00040 nan
1 0.00070 inf
2 0.00140 inf
3 0.00290 1.380211
4 0.00440 1.612784
5 0.00740 1.198657
6 0.01070 1.318759
7 0.01690 1.512837
8 0.02550 1.439333
9 0.03640 1.575316
10 0.04840 1.639573
11 0.06380 1.693545
12 0.08190 1.678291
13 0.10360 1.685742
14 0.12680 1.710308
15 0.15230 1.706915
16 0.17940 1.756229
17 0.20720 1.754319
18 0.24110 1.781136
19 0.27490 1.799866
20 0.30870 1.810159
21 0.34580 1.801111
22 0.37670 1.824704
23 0.40870 1.837412
24 0.44100 1.832269
25 0.47390 1.834040
26 0.50890 1.843896
27 0.54090 1.835094
28 0.57550 1.847923
29 0.60770 1.857125
30 0.63730 1.866659
31 0.66570 1.867790
32 0.69510 1.865412
33 0.72010 1.873227
34 0.74430 1.885723
35 0.76670 1.898383
36 0.78500 1.904951
37 0.80230 1.911428
38 0.81940 1.916803
39 0.83450 1.923875
40 0.84970 1.927116
41 0.86260 1.926850
42 0.87380 1.927849
43 0.88340 1.930988
44 0.89320 1.933199
45 0.90290 1.935619
46 0.91140 1.937167
47 0.92000 1.939643
48 0.92760 1.942382
49 0.93450 1.945029
