0 0.00040 0.000000
1 0.00100 1.200000
2 0.00180 0.977914
3 0.00250 0.800000
4 0.00370 1.115832
5 0.00620 1.306283
6 0.00950 1.301905
7 0.01290 1.313827
8 0.01900 1.287865
9 0.02760 1.541549
10 0.03680 1.539839
11 0.04840 1.634622
12 0.06050 1.534086
13 0.07580 1.597685
14 0.09410 1.571867
15 0.11670 1.598148
16 0.14270 1.578152
17 0.16970 1.560258
18 0.20200 1.601945
19 0.23870 1.631978
20 0.27960 1.649675
21 0.32350 1.707226
22 0.36710 1.706292
23 0.41030 1.745069
24 0.45410 1.746232
25 0.49670 1.779559
26 0.53730 1.782598
27 0.57990 1.799505
28 0.62390 1.785095
29 0.66180 1.823701
30 0.70010 1.856834
31 0.73300 1.833669
32 0.76550 1.858317
33 0.79210 1.882760
34 0.81430 1.914177
35 0.83530 1.878379
36 0.85530 1.877917
37 0.87550 1.890998
38 0.89210 1.919281
39 0.90640 1.938071
40 0.91990 1.946665
41 0.92980 1.949046
42 0.93930 1.951132
43 0.94850 1.955313
44 0.95560 1.962084
45 0.96190 1.963861
46 0.96650 1.948244
47 0.97170 1.946819
48 0.97560 1.948398
49 0.97940 1.939728
