0 0.00040 inf
1 0.00100 inf
2 0.00180 1.278754
3 0.00250 1.531479
4 0.00370 1.681241
5 0.00620 1.638489
6 0.00950 1.826075
7 0.01290 1.851258
8 0.01900 1.911158
9 0.02760 1.902184
10 0.03680 1.991226
11 0.04840 2.115848
12 0.06050 1.950140
13 0.07580 1.948528
14 0.09410 1.877947
15 0.11670 1.898314
16 0.14270 1.869368
17 0.16970 1.893318
18 0.20200 1.899547
19 0.23870 1.885964
20 0.27960 1.889364
21 0.32350 1.884624
22 0.36710 1.915679
23 0.41030 1.911158
24 0.45410 1.925931
25 0.49670 1.916285
26 0.53730 1.927331
27 0.57990 1.934222
28 0.62390 1.940872
29 0.66180 1.936109
30 0.70010 1.929149
31 0.73300 1.936148
32 0.76550 1.928960
33 0.79210 1.937901
34 0.81430 1.934607
35 0.83530 1.936054
36 0.85530 1.935842
37 0.87550 1.936703
38 0.89210 1.932506
39 0.90640 1.931874
40 0.91990 1.933510
41 0.92980 1.935851
42 0.93930 1.938552
43 0.94850 1.942945
44 0.95560 1.943734
45 0.96190 1.945619
46 0.96650 1.948574
47 0.97170 1.952205
48 0.97560 1.951928
49 0.97940 1.953884
