0 0.00050 0.000000
1 0.00100 0.414132
2 0.00190 0.481648
3 0.00290 0.370574
4 0.00460 0.505149
5 0.00750 0.713646
6 0.01190 0.458198
7 0.01900 0.563714
8 0.02830 0.613345
9 0.04080 0.690741
10 0.05350 0.827413
11 0.07020 0.898588
12 0.08850 1.013631
13 0.11090 1.048353
14 0.13850 1.161498
15 0.16500 1.238998
16 0.19300 1.283095
17 0.22580 1.315510
18 0.26030 1.407374
19 0.29610 1.449195
20 0.33130 1.511601
21 0.36770 1.541480
22 0.40480 1.593103
23 0.43990 1.612055
24 0.47280 1.644027
25 0.50990 1.702674
26 0.54520 1.750875
27 0.57810 1.788254
28 0.61630 1.826612
29 0.64900 1.844150
30 0.68060 1.858600
31 0.70720 1.875435
32 0.73380 1.886640
33 0.75400 1.900205
34 0.77370 1.906344
35 0.79450 1.929700
36 0.81270 1.936525
37 0.83130 1.944624
38 0.84820 1.948684
39 0.86310 1.954111
40 0.87660 1.961375
41 0.88900 1.960982
42 0.89930 1.964284
43 0.90950 1.968900
44 0.91730 1.969996
45 0.92490 1.974231
46 0.93210 1.980411
47 0.93730 1.983672
48 0.94400 1.984609
49 0.94880 1.986271
