0 0.00050 inf
1 0.00100 inf
2 0.00190 inf
3 0.00290 1.544068
4 0.00460 1.826075
5 0.00750 1.568202
6 0.01190 1.481920
7 0.01900 1.451018
8 0.02830 1.544068
9 0.04080 1.537545
10 0.05350 1.517739
11 0.07020 1.576506
12 0.08850 1.681442
13 0.11090 1.714741
14 0.13850 1.716617
15 0.16500 1.744936
16 0.19300 1.736602
17 0.22580 1.753487
18 0.26030 1.765801
19 0.29610 1.777754
20 0.33130 1.773657
21 0.36770 1.800740
22 0.40480 1.823039
23 0.43990 1.842591
24 0.47280 1.856308
25 0.50990 1.865472
26 0.54520 1.879323
27 0.57810 1.884503
28 0.61630 1.899148
29 0.64900 1.896241
30 0.68060 1.901531
31 0.70720 1.912639
32 0.73380 1.921430
33 0.75400 1.922937
34 0.77370 1.927950
35 0.79450 1.928072
36 0.81270 1.932141
37 0.83130 1.943704
38 0.84820 1.952258
39 0.86310 1.955555
40 0.87660 1.958645
41 0.88900 1.958156
42 0.89930 1.964662
43 0.90950 1.969952
44 0.91730 1.974519
45 0.92490 1.976635
46 0.93210 1.980446
47 0.93730 1.979717
48 0.94400 1.981293
49 0.94880 1.984101
