0 0.00050 0.199902
1 0.00110 0.214230
2 0.00250 0.526494
3 0.00450 0.724930
4 0.00880 0.501566
5 0.01280 0.779038
6 0.02080 0.804860
7 0.02920 0.821371
8 0.04050 0.779273
9 0.05570 0.860377
10 0.07340 0.934517
11 0.09110 1.059190
12 0.10900 1.101997
13 0.13470 1.176785
14 0.16140 1.205094
15 0.19170 1.269127
16 0.22170 1.368586
17 0.25230 1.420936
18 0.28760 1.495340
19 0.32760 1.533778
20 0.36610 1.568326
21 0.40210 1.593570
22 0.43500 1.644505
23 0.46550 1.687190
24 0.49780 1.714724
25 0.52680 1.733559
26 0.55750 1.736711
27 0.58470 1.756747
28 0.61040 1.777210
29 0.63910 1.808735
30 0.66640 1.812433
31 0.69110 1.838202
32 0.71420 1.857096
33 0.73610 1.862782
34 0.75800 1.888165
35 0.78110 1.903069
36 0.79870 1.919007
37 0.81440 1.925919
38 0.83250 1.934377
39 0.84610 1.945418
40 0.85940 1.951606
41 0.87390 1.956310
42 0.88650 1.965369
43 0.89580 1.972551
44 0.90540 1.974662
45 0.91500 1.979249
46 0.92510 1.983821
47 0.93270 1.991065
48 0.94090 1.992148
49 0.94590 1.993230
