0 0.00050 inf
1 0.00110 0.903090
2 0.00250 1.060698
3 0.00450 1.168792
4 0.00880 1.248324
5 0.01280 1.326791
6 0.02080 1.518514
7 0.02920 1.651725
8 0.04050 1.708102
9 0.05570 1.769799
10 0.07340 1.757143
11 0.09110 1.798946
12 0.10900 1.798378
13 0.13470 1.800938
14 0.16140 1.793890
15 0.19170 1.806098
16 0.22170 1.810795
17 0.25230 1.809973
18 0.28760 1.829380
19 0.32760 1.844884
20 0.36610 1.834770
21 0.40210 1.862687
22 0.43500 1.879474
23 0.46550 1.885507
24 0.49780 1.896102
25 0.52680 1.888963
26 0.55750 1.892502
27 0.58470 1.894572
28 0.61040 1.899760
29 0.63910 1.906008
30 0.66640 1.906493
31 0.69110 1.911631
32 0.71420 1.925376
33 0.73610 1.932445
34 0.75800 1.939316
35 0.78110 1.944242
36 0.79870 1.945978
37 0.81440 1.950408
38 0.83250 1.955569
39 0.84610 1.954708
40 0.85940 1.958223
41 0.87390 1.963275
42 0.88650 1.966161
43 0.89580 1.970595
44 0.90540 1.970188
45 0.91500 1.970818
46 0.92510 1.969517
47 0.93270 1.972617
48 0.94090 1.977675
49 0.94590 1.978286
