0 0.00100 0.000000
1 0.00640 0.130939
2 0.01920 0.371650
3 0.03980 0.586490
4 0.06550 0.847546
5 0.09880 0.969290
6 0.13520 1.152527
7 0.17330 1.320657
8 0.21250 1.432802
9 0.25930 1.559153
10 0.30330 1.632612
11 0.34440 1.706645
12 0.38730 1.764434
13 0.43120 1.804008
14 0.46930 1.841945
15 0.50850 1.881809
16 0.54830 1.910481
17 0.58420 1.930479
18 0.61550 1.940281
19 0.64690 1.952583
20 0.67800 1.959684
21 0.70370 1.969346
22 0.72690 1.974863
23 0.74850 1.978588
24 0.76620 1.981875
25 0.78540 1.985939
26 0.80270 1.986512
27 0.81610 1.988687
28 0.83040 1.991789
29 0.84450 1.993800
30 0.85750 1.993800
31 0.86850 1.994880
32 0.87710 1.993647
33 0.88820 1.994726
34 0.89760 1.994726
35 0.90530 1.994726
36 0.91270 1.995805
37 0.91980 1.995805
38 0.92370 1.996728
39 0.92920 1.997805
40 0.93560 1.997805
41 0.94190 1.997805
42 0.94590 1.998880
43 0.95010 2.000678
44 0.95400 2.000678
45 0.95660 2.000678
46 0.95890 2.000678
47 0.96250 2.000678
48 0.96570 1.999449
49 0.96810 1.999449
