0 0.00100 nan
1 0.00640 inf
2 0.01920 1.088136
3 0.03980 1.191603
4 0.06550 1.403020
5 0.09880 1.387390
6 0.13520 1.465197
7 0.17330 1.502469
8 0.21250 1.551163
9 0.25930 1.576433
10 0.30330 1.619125
11 0.34440 1.661463
12 0.38730 1.690787
13 0.43120 1.701796
14 0.46930 1.734819
15 0.50850 1.761005
16 0.54830 1.785330
17 0.58420 1.806262
18 0.61550 1.829441
19 0.64690 1.849022
20 0.67800 1.869253
21 0.70370 1.879287
22 0.72690 1.888958
23 0.74850 1.900877
24 0.76620 1.911236
25 0.78540 1.918141
26 0.80270 1.930275
27 0.81610 1.939739
28 0.83040 1.950182
29 0.84450 1.957828
30 0.85750 1.961169
31 0.86850 1.966262
32 0.87710 1.972491
33 0.88820 1.980607
34 0.89760 1.987091
35 0.90530 1.991292
36 0.91270 1.996050
37 0.91980 1.997727
38 0.92370 2.000827
39 0.92920 2.004725
40 0.93560 2.009909
41 0.94190 2.013071
42 0.94590 2.015749
43 0.95010 2.019019
44 0.95400 2.022132
45 0.95660 2.024010
46 0.95890 2.025952
47 0.96250 2.028552
48 0.96570 2.029715
49 0.96810 2.031509
