0 0.00020 0.000000
1 0.00090 0.408436
2 0.00180 0.256475
3 0.00320 0.793173
4 0.00620 0.259673
5 0.01100 0.465168
6 0.01770 0.582410
7 0.02670 0.677407
8 0.03740 0.894209
9 0.05140 0.968696
10 0.06890 1.063385
11 0.09130 1.112683
12 0.11210 1.169337
13 0.13610 1.218612
14 0.16520 1.298776
15 0.19750 1.308992
16 0.23200 1.400684
17 0.26830 1.478247
18 0.30730 1.515904
19 0.34520 1.560348
20 0.38250 1.613300
21 0.42180 1.666442
22 0.45840 1.717161
23 0.49430 1.717477
24 0.52970 1.753037
25 0.56500 1.775308
26 0.60100 1.813670
27 0.63480 1.846657
28 0.66660 1.865554
29 0.69690 1.866775
30 0.72130 1.876489
31 0.74190 1.885931
32 0.76370 1.897979
33 0.78660 1.906522
34 0.80600 1.922077
35 0.82250 1.933274
36 0.83820 1.944607
37 0.85480 1.948286
38 0.86990 1.953246
39 0.88560 1.968233
40 0.89920 1.974318
41 0.91040 1.974014
42 0.91890 1.976850
43 0.92680 1.980705
44 0.93240 1.983974
45 0.93850 1.985788
46 0.94370 1.985343
47 0.94980 1.988237
48 0.95510 1.989321
49 0.95940 1.990404
