0 0.00020 nan
1 0.00090 inf
2 0.00180 1.301030
3 0.00320 1.505150
4 0.00620 1.826075
5 0.01100 1.826075
6 0.01770 1.932812
7 0.02670 1.909556
8 0.03740 1.793092
9 0.05140 1.854072
10 0.06890 1.770852
11 0.09130 1.838849
12 0.11210 1.842332
13 0.13610 1.826615
14 0.16520 1.839391
15 0.19750 1.830606
16 0.23200 1.854884
17 0.26830 1.824752
18 0.30730 1.817227
19 0.34520 1.831160
20 0.38250 1.830146
21 0.42180 1.858678
22 0.45840 1.874850
23 0.49430 1.889702
24 0.52970 1.888038
25 0.56500 1.902320
26 0.60100 1.913468
27 0.63480 1.919058
28 0.66660 1.929324
29 0.69690 1.943127
30 0.72130 1.949697
31 0.74190 1.958040
32 0.76370 1.960233
33 0.78660 1.962995
34 0.80600 1.972537
35 0.82250 1.972681
36 0.83820 1.977597
37 0.85480 1.981942
38 0.86990 1.984768
39 0.88560 1.988554
40 0.89920 1.988480
41 0.91040 1.994616
42 0.91890 1.995063
43 0.92680 1.998562
44 0.93240 2.000636
45 0.93850 2.004442
46 0.94370 2.007098
47 0.94980 2.009329
48 0.95510 2.010155
49 0.95940 2.012460
