0 0.00030 0.000000
1 0.00070 0.000000
2 0.00170 0.495686
3 0.00340 0.543816
4 0.00670 0.471184
5 0.01160 0.787668
6 0.01510 0.664920
7 0.02050 0.959742
8 0.02720 0.946445
9 0.03430 0.875723
10 0.04380 0.913556
11 0.05730 0.922475
12 0.07290 0.994785
13 0.09020 1.063662
14 0.10760 1.071149
15 0.12860 1.128586
16 0.15020 1.172616
17 0.17510 1.242231
18 0.20440 1.283433
19 0.23900 1.348354
20 0.27260 1.392451
21 0.30920 1.454839
22 0.34790 1.496903
23 0.38670 1.556573
24 0.42470 1.601009
25 0.46400 1.649866
26 0.50230 1.703269
27 0.54080 1.733457
28 0.57900 1.766706
29 0.61220 1.806025
30 0.64500 1.853758
31 0.67550 1.865225
32 0.70560 1.879833
33 0.73100 1.901677
34 0.75950 1.918538
35 0.78140 1.934146
36 0.80140 1.946463
37 0.82100 1.950909
38 0.84040 1.951227
39 0.85660 1.957131
40 0.87120 1.964194
41 0.88580 1.975024
42 0.89650 1.976116
43 0.90790 1.977938
44 0.91670 1.982006
45 0.92490 1.985265
46 0.93190 1.987433
47 0.93840 1.987653
48 0.94440 1.989462
49 0.94910 1.990544
