0 0.00030 inf
1 0.00070 inf
2 0.00170 inf
3 0.00340 1.612784
4 0.00670 1.393575
5 0.01160 1.598426
6 0.01510 1.546817
7 0.02050 1.653213
8 0.02720 1.675637
9 0.03430 1.677835
10 0.04380 1.680789
11 0.05730 1.725258
12 0.07290 1.684166
13 0.09020 1.707014
14 0.10760 1.685820
15 0.12860 1.672098
16 0.15020 1.685851
17 0.17510 1.708310
18 0.20440 1.720750
19 0.23900 1.760095
20 0.27260 1.777246
21 0.30920 1.800707
22 0.34790 1.815646
23 0.38670 1.833628
24 0.42470 1.852293
25 0.46400 1.870983
26 0.50230 1.885696
27 0.54080 1.888267
28 0.57900 1.897696
29 0.61220 1.898033
30 0.64500 1.905276
31 0.67550 1.909620
32 0.70560 1.919899
33 0.73100 1.927231
34 0.75950 1.933659
35 0.78140 1.936277
36 0.80140 1.942930
37 0.82100 1.948483
38 0.84040 1.955777
39 0.85660 1.964022
40 0.87120 1.971877
41 0.88580 1.972825
42 0.89650 1.979803
43 0.90790 1.986110
44 0.91670 1.990623
45 0.92490 1.994096
46 0.93190 1.997140
47 0.93840 2.000220
48 0.94440 2.004056
49 0.94910 2.006935
