0 0.00160 0.000000
1 0.00660 0.118429
2 0.01800 0.463393
3 0.03470 0.580411
4 0.06000 0.775910
5 0.08960 0.890469
6 0.12430 1.101725
7 0.16320 1.296827
8 0.20240 1.410316
9 0.24390 1.527449
10 0.28610 1.606169
11 0.33070 1.689597
12 0.37240 1.778433
13 0.41460 1.821757
14 0.45430 1.862572
15 0.49420 1.881602
16 0.52850 1.899724
17 0.56190 1.925713
18 0.59290 1.945618
19 0.62370 1.947932
20 0.65220 1.957047
21 0.67970 1.963385
22 0.70450 1.969473
23 0.72850 1.975324
24 0.75140 1.977943
25 0.76910 1.980127
26 0.78880 1.983035
27 0.80540 1.986872
28 0.82330 1.989409
29 0.83990 1.988897
30 0.85380 1.987662
31 0.86580 1.989830
32 0.87390 1.989830
33 0.88270 1.990761
34 0.89110 1.991842
35 0.90030 1.991842
36 0.90870 1.990611
37 0.91630 1.992990
38 0.92220 1.992990
39 0.92880 1.992990
40 0.93460 1.990539
41 0.93880 1.990539
42 0.94300 1.990395
43 0.94700 1.990395
44 0.95000 1.990395
45 0.95300 1.990395
46 0.95630 1.990395
47 0.95910 1.990395
48 0.96120 1.990395
49 0.96420 1.990395
