0 0.00160 inf
1 0.00660 1.146128
2 0.01800 1.086360
3 0.03470 1.271067
4 0.06000 1.271741
5 0.08960 1.342423
6 0.12430 1.398274
7 0.16320 1.405593
8 0.20240 1.438224
9 0.24390 1.485766
10 0.28610 1.521615
11 0.33070 1.573223
12 0.37240 1.596920
13 0.41460 1.624375
14 0.45430 1.651826
15 0.49420 1.666481
16 0.52850 1.692880
17 0.56190 1.711469
18 0.59290 1.723388
19 0.62370 1.750708
20 0.65220 1.766893
21 0.67970 1.787490
22 0.70450 1.811149
23 0.72850 1.825337
24 0.75140 1.842541
25 0.76910 1.846689
26 0.78880 1.862761
27 0.80540 1.872668
28 0.82330 1.884581
29 0.83990 1.891111
30 0.85380 1.897613
31 0.86580 1.903826
32 0.87390 1.906332
33 0.88270 1.909170
34 0.89110 1.916541
35 0.90030 1.922667
36 0.90870 1.928130
37 0.91630 1.931638
38 0.92220 1.936094
39 0.92880 1.941675
40 0.93460 1.944197
41 0.93880 1.947357
42 0.94300 1.950200
43 0.94700 1.951982
44 0.95000 1.954412
45 0.95300 1.956359
46 0.95630 1.958814
47 0.95910 1.960908
48 0.96120 1.962303
49 0.96420 1.964653
