0 0.04590 1.684913
1 0.08990 1.920021
2 0.13120 1.936394
3 0.17230 1.833318
4 0.20810 1.864103
5 0.24720 1.877882
6 0.28270 1.956062
7 0.31440 1.943634
8 0.34450 1.880284
9 0.37270 1.998142
10 0.39980 1.952709
11 0.42280 1.902114
12 0.44890 1.906978
13 0.47400 1.955160
14 0.49980 1.931410
15 0.52210 1.971825
16 0.54340 1.910920
17 0.56600 1.950250
18 0.58440 1.965300
19 0.60310 1.933297
20 0.62020 1.930055
21 0.63920 1.981091
22 0.65400 1.928187
23 0.66830 1.907218
24 0.68340 1.917654
25 0.69790 1.959784
26 0.71160 1.985716
27 0.72370 1.916504
28 0.73520 1.905200
29 0.74560 1.906105
30 0.75600 1.925037
31 0.76830 1.984281
32 0.77860 1.981488
33 0.78830 1.921964
34 0.79650 1.907689
35 0.80560 1.913739
36 0.81380 1.924068
37 0.82220 1.925626
38 0.83000 1.954405
39 0.83760 1.992049
40 0.84460 1.966634
41 0.85250 1.964388
42 0.86070 1.920497
43 0.86730 1.907033
44 0.87430 1.923135
45 0.87980 1.925714
46 0.88490 1.936197
47 0.88970 1.939270
48 0.89400 1.951480
49 0.89900 1.948587
