0 0.04590 inf
1 0.08990 inf
2 0.13120 1.925570
3 0.17230 2.051153
4 0.20810 2.048183
5 0.24720 2.135600
6 0.28270 2.178833
7 0.31440 2.192893
8 0.34450 2.113848
9 0.37270 2.081887
10 0.39980 2.098608
11 0.42280 2.081082
12 0.44890 2.044316
13 0.47400 2.013339
14 0.49980 2.016764
15 0.52210 2.003214
16 0.54340 1.982651
17 0.56600 1.983742
18 0.58440 1.972406
19 0.60310 1.978865
20 0.62020 1.980644
21 0.63920 1.971128
22 0.65400 1.979201
23 0.66830 1.982574
24 0.68340 1.980946
25 0.69790 1.982758
26 0.71160 1.970834
27 0.72370 1.972545
28 0.73520 1.976344
29 0.74560 1.966611
30 0.75600 1.967909
31 0.76830 1.964440
32 0.77860 1.963993
33 0.78830 1.952953
34 0.79650 1.955331
35 0.80560 1.953894
36 0.81380 1.953389
37 0.82220 1.952057
38 0.83000 1.952719
39 0.83760 1.954839
40 0.84460 1.960772
41 0.85250 1.956470
42 0.86070 1.956306
43 0.86730 1.956379
44 0.87430 1.955499
45 0.87980 1.955804
46 0.88490 1.949491
47 0.88970 1.950316
48 0.89400 1.951851
49 0.89900 1.955750
