0 0.00040 0.000000
1 0.00150 1.033985
2 0.00270 0.935940
3 0.00520 1.122942
4 0.00780 1.470062
5 0.01160 1.565761
6 0.01520 1.422108
7 0.02130 1.604953
8 0.02870 1.401625
9 0.03860 1.402196
10 0.04970 1.412206
11 0.06550 1.459609
12 0.08220 1.499514
13 0.10290 1.547435
14 0.12710 1.653036
15 0.15240 1.646999
16 0.18140 1.641203
17 0.21140 1.631945
18 0.24180 1.660528
19 0.27450 1.694205
20 0.31350 1.720035
21 0.35240 1.718378
22 0.39210 1.759175
23 0.43020 1.756249
24 0.47190 1.772912
25 0.51050 1.771759
26 0.55020 1.817913
27 0.58620 1.851351
28 0.62040 1.854710
29 0.65520 1.820545
30 0.69050 1.819237
31 0.72240 1.876402
32 0.75570 1.889886
33 0.78410 1.855375
34 0.80950 1.876454
35 0.83200 1.897643
36 0.85200 1.900768
37 0.86950 1.928363
38 0.88700 1.912821
39 0.90000 1.909071
40 0.91230 1.910333
41 0.92560 1.911625
42 0.93470 1.917950
43 0.94360 1.923280
44 0.95130 1.922357
45 0.95630 1.921357
46 0.96160 1.922736
47 0.96640 1.933334
48 0.97020 1.939199
49 0.97420 1.942249
