0 0.00040 inf
1 0.00150 inf
2 0.00270 inf
3 0.00520 1.748188
4 0.00780 1.643453
5 0.01160 1.765917
6 0.01520 1.857332
7 0.02130 1.953034
8 0.02870 2.019532
9 0.03860 2.026475
10 0.04970 1.948946
11 0.06550 2.019276
12 0.08220 1.996366
13 0.10290 1.962653
14 0.12710 1.939519
15 0.15240 1.956095
16 0.18140 1.941451
17 0.21140 1.923091
18 0.24180 1.913814
19 0.27450 1.933375
20 0.31350 1.921633
21 0.35240 1.937109
22 0.39210 1.927322
23 0.43020 1.932200
24 0.47190 1.954785
25 0.51050 1.950025
26 0.55020 1.963866
27 0.58620 1.969229
28 0.62040 1.969933
29 0.65520 1.964162
30 0.69050 1.971411
31 0.72240 1.978470
32 0.75570 1.991604
33 0.78410 1.992826
34 0.80950 1.994005
35 0.83200 1.991989
36 0.85200 1.995880
37 0.86950 1.995384
38 0.88700 1.995907
39 0.90000 2.001197
40 0.91230 1.996600
41 0.92560 2.001492
42 0.93470 2.000452
43 0.94360 1.996922
44 0.95130 1.998030
45 0.95630 2.001695
46 0.96160 2.004393
47 0.96640 2.008327
48 0.97020 2.009817
49 0.97420 2.009362
