0 0.04600 1.787252
1 0.08840 1.905580
2 0.13120 1.810576
3 0.17080 1.861037
4 0.21100 1.913302
5 0.24870 1.926998
6 0.28610 1.892421
7 0.31600 1.976660
8 0.34520 1.934985
9 0.37420 1.866293
10 0.40090 1.969958
11 0.43040 1.894309
12 0.45490 1.972001
13 0.47830 1.879599
14 0.50310 1.943655
15 0.52450 1.951628
16 0.54610 1.908932
17 0.56760 1.923876
18 0.58780 1.956003
19 0.60700 1.918385
20 0.62270 1.901012
21 0.64110 1.972617
22 0.65660 1.921068
23 0.67110 1.897273
24 0.68380 1.917397
25 0.69820 1.955683
26 0.71210 1.983837
27 0.72610 1.932877
28 0.73860 1.917076
29 0.75030 1.899828
30 0.76110 1.954739
31 0.77360 1.980021
32 0.78300 1.959803
33 0.79330 1.916115
34 0.80390 1.918646
35 0.81230 1.918526
36 0.82130 1.921795
37 0.83020 1.945111
38 0.83740 1.974148
39 0.84400 1.967701
40 0.85220 1.968072
41 0.85970 1.959787
42 0.86650 1.914333
43 0.87250 1.907807
44 0.87870 1.925693
45 0.88450 1.929615
46 0.88900 1.932882
47 0.89500 1.940478
48 0.89930 1.953391
49 0.90260 1.944496
