0 0.04600 inf
1 0.08840 2.059437
2 0.13120 2.018819
3 0.17080 2.045323
4 0.21100 2.047031
5 0.24870 1.989983
6 0.28610 2.017168
7 0.31600 2.013170
8 0.34520 2.014427
9 0.37420 2.012917
10 0.40090 1.994729
11 0.43040 2.002683
12 0.45490 2.010941
13 0.47830 2.010231
14 0.50310 2.000179
15 0.52450 2.006384
16 0.54610 2.013596
17 0.56760 2.007517
18 0.58780 1.985439
19 0.60700 1.995635
20 0.62270 1.997375
21 0.64110 1.993518
22 0.65660 2.004425
23 0.67110 2.009540
24 0.68380 2.003037
25 0.69820 1.999428
26 0.71210 1.990564
27 0.72610 1.992099
28 0.73860 1.991597
29 0.75030 1.992967
30 0.76110 1.986190
31 0.77360 1.989033
32 0.78300 1.986294
33 0.79330 1.979788
34 0.80390 1.973407
35 0.81230 1.980687
36 0.82130 1.982522
37 0.83020 1.981944
38 0.83740 1.983413
39 0.84400 1.981403
40 0.85220 1.983839
41 0.85970 1.982073
42 0.86650 1.985037
43 0.87250 1.986284
44 0.87870 1.989654
45 0.88450 1.990967
46 0.88900 1.994398
47 0.89500 1.994822
48 0.89930 1.991018
49 0.90260 1.993161
