0 0.04660 1.717803
1 0.09110 1.839164
2 0.13650 1.916249
3 0.17840 1.840834
4 0.21450 1.870055
5 0.25100 1.874691
6 0.28520 1.881309
7 0.31830 1.945140
8 0.35500 1.950903
9 0.38470 1.861029
10 0.41110 1.986157
11 0.43960 1.917219
12 0.46550 1.956599
13 0.48770 1.915621
14 0.51000 1.945104
15 0.53350 1.914395
16 0.55550 1.925349
17 0.57490 1.958199
18 0.59110 1.916883
19 0.61030 1.935908
20 0.62770 1.940844
21 0.64490 1.985252
22 0.66280 1.909188
23 0.67730 1.908098
24 0.69210 1.951043
25 0.70560 1.978046
26 0.71770 1.931637
27 0.73180 1.904563
28 0.74300 1.913231
29 0.75530 1.954242
30 0.76730 1.983013
31 0.77750 1.968153
32 0.78760 1.926564
33 0.79730 1.912084
34 0.80560 1.918707
35 0.81520 1.921752
36 0.82330 1.943806
37 0.83040 1.982770
38 0.83920 1.973175
39 0.84590 1.963815
40 0.85340 1.962785
41 0.86090 1.920626
42 0.86640 1.912827
43 0.87150 1.910387
44 0.87730 1.928133
45 0.88260 1.937932
46 0.88840 1.939247
47 0.89270 1.951976
48 0.89780 1.949726
49 0.90190 1.953030
