0 0.04660 1.934498
1 0.09110 1.883661
2 0.13650 1.936388
3 0.17840 1.991964
4 0.21450 1.981768
5 0.25100 1.976075
6 0.28520 2.011429
7 0.31830 1.976384
8 0.35500 2.024771
9 0.38470 2.040633
10 0.41110 2.028451
11 0.43960 1.997852
12 0.46550 1.972556
13 0.48770 1.965249
14 0.51000 1.964431
15 0.53350 1.987909
16 0.55550 1.979498
17 0.57490 1.993184
18 0.59110 2.004130
19 0.61030 2.014551
20 0.62770 2.014713
21 0.64490 2.010348
22 0.66280 2.008651
23 0.67730 2.004566
24 0.69210 2.003854
25 0.70560 1.997350
26 0.71770 2.001177
27 0.73180 2.007032
28 0.74300 2.008255
29 0.75530 1.992347
30 0.76730 1.983034
31 0.77750 1.990762
32 0.78760 1.983070
33 0.79730 1.986772
34 0.80560 1.988614
35 0.81520 1.985943
36 0.82330 1.989503
37 0.83040 1.990394
38 0.83920 1.988933
39 0.84590 1.991509
40 0.85340 1.991689
41 0.86090 1.992287
42 0.86640 1.992168
43 0.87150 1.993045
44 0.87730 1.994574
45 0.88260 1.994185
46 0.88840 1.989780
47 0.89270 1.985718
48 0.89780 1.985675
49 0.90190 1.986965
