0 0.00020 0.000000
1 0.00030 0.000000
2 0.00100 0.000000
3 0.00220 0.395615
4 0.00410 0.442339
5 0.00700 0.378515
6 0.01070 0.545176
7 0.01560 0.764988
8 0.02340 0.856929
9 0.03320 0.810084
10 0.04630 0.942575
11 0.06160 0.942320
12 0.08060 1.109326
13 0.10210 1.186128
14 0.12570 1.190960
15 0.15020 1.199683
16 0.17750 1.236574
17 0.20800 1.284101
18 0.24160 1.336549
19 0.27810 1.381260
20 0.31380 1.468057
21 0.35450 1.509931
22 0.39470 1.568026
23 0.42990 1.598979
24 0.46580 1.630404
25 0.50310 1.677207
26 0.53790 1.719777
27 0.57100 1.762700
28 0.60290 1.778388
29 0.63460 1.807364
30 0.66100 1.839547
31 0.69090 1.860167
32 0.71670 1.872359
33 0.74100 1.885690
34 0.76300 1.911016
35 0.78340 1.918497
36 0.80220 1.934827
37 0.81820 1.931327
38 0.83650 1.937813
39 0.85090 1.941316
40 0.86480 1.948054
41 0.87620 1.956136
42 0.88730 1.961171
43 0.89840 1.961230
44 0.90770 1.965027
45 0.91580 1.970976
46 0.92340 1.971564
47 0.93020 1.974851
48 0.93610 1.975438
49 0.94120 1.980030
