0 0.00020 inf
1 0.00030 inf
2 0.00100 inf
3 0.00220 inf
4 0.00410 inf
5 0.00700 inf
6 0.01070 2.247973
7 0.01560 2.115611
8 0.02340 1.898725
9 0.03320 1.805425
10 0.04630 1.759920
11 0.06160 1.741080
12 0.08060 1.743661
13 0.10210 1.745038
14 0.12570 1.699255
15 0.15020 1.702201
16 0.17750 1.740177
17 0.20800 1.731627
18 0.24160 1.756319
19 0.27810 1.764782
20 0.31380 1.772630
21 0.35450 1.780932
22 0.39470 1.812808
23 0.42990 1.814273
24 0.46580 1.826132
25 0.50310 1.846901
26 0.53790 1.854582
27 0.57100 1.866509
28 0.60290 1.867534
29 0.63460 1.874770
30 0.66100 1.889302
31 0.69090 1.904160
32 0.71670 1.906014
33 0.74100 1.918564
34 0.76300 1.918117
35 0.78340 1.923619
36 0.80220 1.924921
37 0.81820 1.928780
38 0.83650 1.936077
39 0.85090 1.942916
40 0.86480 1.949576
41 0.87620 1.952331
42 0.88730 1.953538
43 0.89840 1.954331
44 0.90770 1.956131
45 0.91580 1.956420
46 0.92340 1.959592
47 0.93020 1.961506
48 0.93610 1.963560
49 0.94120 1.965968
