0 0.00080 0.800000
1 0.00190 1.586314
2 0.00320 0.994171
3 0.00580 1.172085
4 0.01020 1.477395
5 0.01680 1.366255
6 0.02380 1.316895
7 0.03570 1.502717
8 0.04690 1.564146
9 0.05850 1.508156
10 0.07480 1.440707
11 0.09600 1.477332
12 0.12140 1.571132
13 0.14830 1.538412
14 0.17820 1.568424
15 0.21390 1.613677
16 0.25090 1.636348
17 0.29370 1.671383
18 0.33760 1.675960
19 0.38410 1.730631
20 0.43280 1.726507
21 0.48020 1.756058
22 0.53170 1.772553
23 0.57810 1.805233
24 0.62400 1.824928
25 0.66670 1.844709
26 0.70480 1.855159
27 0.73900 1.898529
28 0.77210 1.909959
29 0.79870 1.879969
30 0.82200 1.906304
31 0.84510 1.918053
32 0.86490 1.938051
33 0.88370 1.920036
34 0.89840 1.916588
35 0.91220 1.909012
36 0.92390 1.919253
37 0.93430 1.913383
38 0.94160 1.914245
39 0.94900 1.917867
40 0.95540 1.937548
41 0.96090 1.952191
42 0.96570 1.959067
43 0.97000 1.957640
44 0.97240 1.958914
45 0.97590 1.961744
46 0.97900 1.963814
47 0.98150 1.964284
48 0.98420 1.965835
49 0.98610 1.966774
