0 0.00080 inf
1 0.00190 inf
2 0.00320 inf
3 0.00580 inf
4 0.01020 inf
5 0.01680 2.328380
6 0.02380 2.217484
7 0.03570 2.102948
8 0.04690 2.259474
9 0.05850 1.914696
10 0.07480 1.932917
11 0.09600 1.926155
12 0.12140 1.945187
13 0.14830 1.904896
14 0.17820 1.935283
15 0.21390 1.953795
16 0.25090 1.970437
17 0.29370 1.953995
18 0.33760 1.980134
19 0.38410 1.958640
20 0.43280 1.960041
21 0.48020 1.951103
22 0.53170 1.968249
23 0.57810 1.964076
24 0.62400 1.974925
25 0.66670 1.947596
26 0.70480 1.957881
27 0.73900 1.954371
28 0.77210 1.961129
29 0.79870 1.964848
30 0.82200 1.969637
31 0.84510 1.975596
32 0.86490 1.977308
33 0.88370 1.979706
34 0.89840 1.984581
35 0.91220 1.983729
36 0.92390 1.991855
37 0.93430 1.991981
38 0.94160 1.997037
39 0.94900 1.995342
40 0.95540 1.995526
41 0.96090 1.996665
42 0.96570 1.998037
43 0.97000 1.996707
44 0.97240 1.997677
45 0.97590 1.997701
46 0.97900 1.998901
47 0.98150 2.000796
48 0.98420 2.001782
49 0.98610 2.001731
