0 0.00020 0.000000
1 0.00040 0.000000
2 0.00060 0.000000
3 0.00110 1.200000
4 0.00180 1.033985
5 0.00310 1.462141
6 0.00510 1.159945
7 0.00860 1.194208
8 0.01400 1.620476
9 0.02010 1.504907
10 0.03050 1.510402
11 0.04200 1.560132
12 0.05480 1.517261
13 0.06970 1.608131
14 0.08890 1.552720
15 0.10930 1.583871
16 0.13400 1.605458
17 0.16110 1.586094
18 0.19390 1.640808
19 0.22890 1.618933
20 0.27020 1.675403
21 0.31160 1.688136
22 0.35270 1.679519
23 0.39470 1.707741
24 0.43940 1.699861
25 0.48730 1.745724
26 0.53440 1.784731
27 0.57880 1.770153
28 0.62120 1.827643
29 0.66060 1.855920
30 0.70030 1.837322
31 0.73440 1.860482
32 0.76630 1.897433
33 0.79350 1.870401
34 0.82070 1.895024
35 0.84580 1.914515
36 0.86260 1.917433
37 0.88060 1.932646
38 0.89630 1.922146
39 0.91060 1.916540
40 0.92320 1.910763
41 0.93460 1.918639
42 0.94550 1.911458
43 0.95150 1.915921
44 0.95760 1.923502
45 0.96230 1.929899
46 0.96590 1.930717
47 0.96970 1.932697
48 0.97310 1.936413
49 0.97720 1.935797
