0 0.00020 inf
1 0.00040 inf
2 0.00060 inf
3 0.00110 inf
4 0.00180 inf
5 0.00310 inf
6 0.00510 inf
7 0.00860 inf
8 0.01400 inf
9 0.02010 inf
10 0.03050 2.385606
11 0.04200 2.167317
12 0.05480 1.781544
13 0.06970 1.857650
14 0.08890 1.864694
15 0.10930 1.831569
16 0.13400 1.860338
17 0.16110 1.848008
18 0.19390 1.832992
19 0.22890 1.843664
20 0.27020 1.874528
21 0.31160 1.856280
22 0.35270 1.856810
23 0.39470 1.880073
24 0.43940 1.918934
25 0.48730 1.928195
26 0.53440 1.942499
27 0.57880 1.934423
28 0.62120 1.915164
29 0.66060 1.924617
30 0.70030 1.946593
31 0.73440 1.948825
32 0.76630 1.957859
33 0.79350 1.954307
34 0.82070 1.949158
35 0.84580 1.945001
36 0.86260 1.947727
37 0.88060 1.945499
38 0.89630 1.950662
39 0.91060 1.953571
40 0.92320 1.959414
41 0.93460 1.961201
42 0.94550 1.962924
43 0.95150 1.965574
44 0.95760 1.966795
45 0.96230 1.965962
46 0.96590 1.967686
47 0.96970 1.968743
48 0.97310 1.969540
49 0.97720 1.972953
