0 0.00180 0.205814
1 0.00830 0.351069
2 0.02200 0.538901
3 0.04220 0.589702
4 0.07310 0.793032
5 0.10560 0.932985
6 0.14530 1.129147
7 0.18860 1.316795
8 0.23190 1.443098
9 0.27580 1.553163
10 0.31920 1.662857
11 0.36030 1.734393
12 0.40330 1.801882
13 0.44380 1.856572
14 0.48310 1.891532
15 0.51810 1.910406
16 0.55410 1.925984
17 0.58710 1.944894
18 0.61870 1.956263
19 0.64800 1.962997
20 0.67710 1.969845
21 0.70150 1.971207
22 0.72740 1.975815
23 0.74950 1.980780
24 0.77100 1.984634
25 0.79030 1.984483
26 0.80710 1.986663
27 0.82180 1.990859
28 0.83690 1.994109
29 0.84970 1.994109
30 0.86250 1.995915
31 0.87540 1.995915
32 0.88520 1.994677
33 0.89450 1.994677
34 0.90230 1.995758
35 0.90940 1.997761
36 0.91560 1.998839
37 0.92250 1.998839
38 0.92760 1.998839
39 0.93120 1.998839
40 0.93750 1.997606
41 0.94260 1.997606
42 0.94620 1.997606
43 0.95020 1.997606
44 0.95420 1.997606
45 0.95780 1.998683
46 0.95990 1.998683
47 0.96400 1.998683
48 0.96570 1.998683
49 0.96830 1.997452
