0 0.00180 inf
1 0.00830 1.176091
2 0.02200 1.118690
3 0.04220 1.274158
4 0.07310 1.272814
5 0.10560 1.333356
6 0.14530 1.367707
7 0.18860 1.400215
8 0.23190 1.413982
9 0.27580 1.439054
10 0.31920 1.487404
11 0.36030 1.544923
12 0.40330 1.569267
13 0.44380 1.600842
14 0.48310 1.622229
15 0.51810 1.652977
16 0.55410 1.686132
17 0.58710 1.700365
18 0.61870 1.722539
19 0.64800 1.734045
20 0.67710 1.758159
21 0.70150 1.771814
22 0.72740 1.791113
23 0.74950 1.807399
24 0.77100 1.821481
25 0.79030 1.830725
26 0.80710 1.842334
27 0.82180 1.852320
28 0.83690 1.859646
29 0.84970 1.869464
30 0.86250 1.878230
31 0.87540 1.886339
32 0.88520 1.891202
33 0.89450 1.895729
34 0.90230 1.900669
35 0.90940 1.903830
36 0.91560 1.909139
37 0.92250 1.913751
38 0.92760 1.917439
39 0.93120 1.920076
40 0.93750 1.925511
41 0.94260 1.928298
42 0.94620 1.930913
43 0.95020 1.933656
44 0.95420 1.934558
45 0.95780 1.936969
46 0.95990 1.938406
47 0.96400 1.941667
48 0.96570 1.942948
49 0.96830 1.944249
