0 0.00060 0.000000
1 0.00240 0.966015
2 0.00450 1.538129
3 0.00980 1.199146
4 0.01500 1.222181
5 0.02170 1.462296
6 0.03170 1.395067
7 0.04230 1.554944
8 0.05490 1.529318
9 0.06900 1.546033
10 0.08770 1.555484
11 0.10940 1.599069
12 0.12950 1.640382
13 0.15330 1.633603
14 0.17970 1.674583
15 0.20710 1.678778
16 0.23900 1.663123
17 0.27210 1.664833
18 0.30630 1.684619
19 0.34410 1.682863
20 0.38420 1.732144
21 0.42400 1.743956
22 0.46640 1.772434
23 0.51150 1.759571
24 0.55390 1.803406
25 0.59290 1.813856
26 0.62930 1.823305
27 0.66020 1.850599
28 0.69310 1.863038
29 0.72230 1.867033
30 0.75260 1.842203
31 0.78040 1.864679
32 0.80690 1.889093
33 0.82810 1.899342
34 0.84920 1.920817
35 0.86700 1.921931
36 0.88160 1.890107
37 0.89710 1.905970
38 0.90970 1.914688
39 0.92050 1.921180
40 0.93030 1.911752
41 0.93960 1.932253
42 0.94720 1.933647
43 0.95540 1.942825
44 0.96100 1.948097
45 0.96610 1.952586
46 0.97030 1.957056
47 0.97360 1.957071
48 0.97750 1.960855
49 0.97980 1.958820
