0 0.00060 nan
1 0.00240 inf
2 0.00450 inf
3 0.00980 1.963788
4 0.01500 1.785330
5 0.02170 1.896251
6 0.03170 1.870069
7 0.04230 1.973705
8 0.05490 1.948502
9 0.06900 1.951129
10 0.08770 1.936884
11 0.10940 1.999012
12 0.12950 2.005911
13 0.15330 1.948233
14 0.17970 1.947830
15 0.20710 1.950608
16 0.23900 1.913741
17 0.27210 1.927858
18 0.30630 1.910559
19 0.34410 1.903185
20 0.38420 1.925077
21 0.42400 1.927601
22 0.46640 1.907233
23 0.51150 1.922631
24 0.55390 1.927322
25 0.59290 1.933769
26 0.62930 1.941284
27 0.66020 1.955890
28 0.69310 1.958440
29 0.72230 1.959465
30 0.75260 1.967323
31 0.78040 1.977740
32 0.80690 1.976171
33 0.82810 1.985059
34 0.84920 1.986625
35 0.86700 1.981917
36 0.88160 1.987741
37 0.89710 1.989274
38 0.90970 1.994989
39 0.92050 1.990347
40 0.93030 1.989552
41 0.93960 1.988905
42 0.94720 1.989561
43 0.95540 1.993546
44 0.96100 1.995044
45 0.96610 1.996725
46 0.97030 1.999786
47 0.97360 2.002497
48 0.97750 2.004357
49 0.97980 2.005877
