0 0.00060 0.000000
1 0.00150 0.206886
2 0.00260 0.173170
3 0.00420 0.214372
4 0.00710 0.331208
5 0.01150 0.539064
6 0.01660 0.727973
7 0.02600 0.763537
8 0.03810 0.764586
9 0.05160 0.866123
10 0.06880 0.955102
11 0.08940 1.113510
12 0.11210 1.226950
13 0.13430 1.278454
14 0.15990 1.282250
15 0.19040 1.340709
16 0.22280 1.374494
17 0.25600 1.422479
18 0.29240 1.460296
19 0.33120 1.525966
20 0.36950 1.564707
21 0.40850 1.592218
22 0.44390 1.628656
23 0.48310 1.647263
24 0.51990 1.714011
25 0.55650 1.760156
26 0.59250 1.798212
27 0.62330 1.825187
28 0.65500 1.857068
29 0.68490 1.880941
30 0.71280 1.906278
31 0.73930 1.925251
32 0.76430 1.927134
33 0.78910 1.937104
34 0.81080 1.949162
35 0.82850 1.960607
36 0.84530 1.966744
37 0.86000 1.970751
38 0.87430 1.966980
39 0.88490 1.973199
40 0.89670 1.979249
41 0.90630 1.979249
42 0.91550 1.985634
43 0.92480 1.986211
44 0.93300 1.990036
45 0.93980 1.991117
46 0.94520 1.994356
47 0.95020 1.995433
48 0.95400 1.996158
49 0.95790 1.994927
