0 0.00060 inf
1 0.00150 0.903090
2 0.00260 1.230449
3 0.00420 1.380211
4 0.00710 1.352183
5 0.01150 1.301030
6 0.01660 1.335792
7 0.02600 1.487524
8 0.03810 1.528463
9 0.05160 1.591065
10 0.06880 1.589424
11 0.08940 1.644626
12 0.11210 1.675677
13 0.13430 1.695077
14 0.15990 1.755439
15 0.19040 1.772092
16 0.22280 1.814074
17 0.25600 1.836275
18 0.29240 1.849388
19 0.33120 1.847440
20 0.36950 1.854460
21 0.40850 1.864850
22 0.44390 1.887753
23 0.48310 1.910315
24 0.51990 1.919634
25 0.55650 1.918147
26 0.59250 1.922042
27 0.62330 1.938855
28 0.65500 1.955911
29 0.68490 1.967233
30 0.71280 1.967327
31 0.73930 1.971553
32 0.76430 1.979917
33 0.78910 1.986652
34 0.81080 1.994780
35 0.82850 1.992400
36 0.84530 1.996256
37 0.86000 1.993861
38 0.87430 1.993898
39 0.88490 1.995635
40 0.89670 2.003149
41 0.90630 2.007959
42 0.91550 2.003739
43 0.92480 2.007097
44 0.93300 2.005873
45 0.93980 2.007702
46 0.94520 2.009256
47 0.95020 2.004392
48 0.95400 2.005371
49 0.95790 2.006179
