0 0.00020 0.000000
1 0.00050 0.000000
2 0.00100 1.045140
3 0.00160 0.487185
4 0.00220 0.073212
5 0.00400 0.376461
6 0.00610 0.687246
7 0.00920 0.629720
8 0.01400 0.610355
9 0.01930 0.839471
10 0.02530 0.767953
11 0.03510 0.754868
12 0.04610 0.904389
13 0.05960 0.870439
14 0.07720 1.016220
15 0.09390 1.070514
16 0.11530 1.219854
17 0.13840 1.292819
18 0.16440 1.317115
19 0.19550 1.350481
20 0.22860 1.404309
21 0.26270 1.440060
22 0.29660 1.504928
23 0.33190 1.549216
24 0.37180 1.581060
25 0.40920 1.633737
26 0.44520 1.663003
27 0.48060 1.703469
28 0.51550 1.705357
29 0.54740 1.729699
30 0.57990 1.778162
31 0.61290 1.804345
32 0.64380 1.836174
33 0.67450 1.851860
34 0.70220 1.878270
35 0.72820 1.893680
36 0.74840 1.901141
37 0.76950 1.923483
38 0.79100 1.930443
39 0.80950 1.949138
40 0.82670 1.953639
41 0.84360 1.956009
42 0.85760 1.964962
43 0.87070 1.972895
44 0.88470 1.981533
45 0.89690 1.985552
46 0.90660 1.987610
47 0.91550 1.989106
48 0.92420 1.993296
49 0.93070 1.994625
