0 0.00020 nan
1 0.00050 inf
2 0.00100 0.929419
3 0.00160 1.190332
4 0.00220 1.290035
5 0.00400 1.409369
6 0.00610 1.598426
7 0.00920 1.556303
8 0.01400 1.740363
9 0.01930 1.693507
10 0.02530 1.746461
11 0.03510 1.622031
12 0.04610 1.716882
13 0.05960 1.713323
14 0.07720 1.742087
15 0.09390 1.749156
16 0.11530 1.773604
17 0.13840 1.743982
18 0.16440 1.792292
19 0.19550 1.794365
20 0.22860 1.831148
21 0.26270 1.838445
22 0.29660 1.844341
23 0.33190 1.835779
24 0.37180 1.857332
25 0.40920 1.874112
26 0.44520 1.886157
27 0.48060 1.892731
28 0.51550 1.898009
29 0.54740 1.896185
30 0.57990 1.913770
31 0.61290 1.924964
32 0.64380 1.917136
33 0.67450 1.924925
34 0.70220 1.909612
35 0.72820 1.919212
36 0.74840 1.925024
37 0.76950 1.937774
38 0.79100 1.940713
39 0.80950 1.943823
40 0.82670 1.947394
41 0.84360 1.954312
42 0.85760 1.957720
43 0.87070 1.957639
44 0.88470 1.962076
45 0.89690 1.964662
46 0.90660 1.968078
47 0.91550 1.972678
48 0.92420 1.975987
49 0.93070 1.974955
