0 0.00030 0.000000
1 0.00090 1.200000
2 0.00210 1.352329
3 0.00350 1.532030
4 0.00680 1.611659
5 0.01070 1.367384
6 0.01670 1.460731
7 0.02410 1.418912
8 0.03220 1.302141
9 0.04220 1.531691
10 0.05390 1.550294
11 0.06850 1.520737
12 0.08780 1.614037
13 0.11120 1.660172
14 0.13050 1.639770
15 0.15220 1.649416
16 0.18030 1.609912
17 0.21180 1.624378
18 0.24600 1.636430
19 0.28290 1.668538
20 0.32370 1.676221
21 0.36650 1.710393
22 0.41110 1.729280
23 0.45410 1.760278
24 0.50120 1.790907
25 0.54310 1.770239
26 0.58600 1.771570
27 0.62610 1.806003
28 0.66540 1.877789
29 0.70300 1.846578
30 0.73760 1.903078
31 0.76830 1.896157
32 0.79220 1.869310
33 0.81510 1.900270
34 0.83850 1.908322
35 0.85890 1.912482
36 0.87680 1.940634
37 0.89410 1.905921
38 0.90530 1.905334
39 0.91790 1.911659
40 0.92740 1.911895
41 0.93710 1.910437
42 0.94530 1.908919
43 0.95210 1.922445
44 0.95910 1.928645
45 0.96520 1.933654
46 0.96960 1.939771
47 0.97310 1.939953
48 0.97640 1.940763
49 0.98060 1.949376
