0 0.00030 inf
1 0.00090 inf
2 0.00210 1.146128
3 0.00350 1.041393
4 0.00680 1.217484
5 0.01070 1.380211
6 0.01670 1.495346
7 0.02410 1.591065
8 0.03220 1.677109
9 0.04220 1.745795
10 0.05390 1.818666
11 0.06850 1.835524
12 0.08780 1.881806
13 0.11120 1.993620
14 0.13050 2.000150
15 0.15220 2.034177
16 0.18030 2.063850
17 0.21180 2.082117
18 0.24600 2.060769
19 0.28290 2.062703
20 0.32370 2.027910
21 0.36650 2.030705
22 0.41110 2.021151
23 0.45410 2.021838
24 0.50120 1.992701
25 0.54310 1.965748
26 0.58600 1.961816
27 0.62610 1.981184
28 0.66540 1.983693
29 0.70300 1.977434
30 0.73760 1.987496
31 0.76830 1.986789
32 0.79220 1.992239
33 0.81510 1.984168
34 0.83850 1.983442
35 0.85890 1.985821
36 0.87680 1.983600
37 0.89410 1.991876
38 0.90530 1.994100
39 0.91790 1.997454
40 0.92740 1.995622
41 0.93710 1.994133
42 0.94530 1.997359
43 0.95210 1.998729
44 0.95910 1.998288
45 0.96520 1.999881
46 0.96960 2.003115
47 0.97310 2.003428
48 0.97640 2.004556
49 0.98060 2.004170
