0 0.04880 1.653062
1 0.08920 1.837371
2 0.12700 1.911838
3 0.16840 1.830932
4 0.20820 1.856520
5 0.24380 1.867877
6 0.27410 1.947417
7 0.30640 1.909168
8 0.33850 1.900169
9 0.37000 1.959201
10 0.39800 1.882779
11 0.42770 1.884191
12 0.45500 1.950796
13 0.47860 1.883302
14 0.49960 1.923364
15 0.52260 1.954442
16 0.54370 1.909042
17 0.56490 1.939467
18 0.58370 1.960430
19 0.60400 1.919634
20 0.62350 1.914629
21 0.64310 1.970915
22 0.65630 1.953790
23 0.67200 1.903685
24 0.68650 1.915303
25 0.69980 1.957374
26 0.71230 1.997425
27 0.72520 1.903197
28 0.73780 1.903287
29 0.74740 1.908399
30 0.75760 1.935564
31 0.76960 1.974376
32 0.78080 1.984350
33 0.78980 1.949866
34 0.79860 1.911415
35 0.80810 1.922931
36 0.81450 1.923979
37 0.82310 1.924871
38 0.83110 1.943637
39 0.83880 1.981094
40 0.84570 1.976199
41 0.85270 1.957323
42 0.85850 1.958086
43 0.86500 1.920550
44 0.87140 1.907506
45 0.87660 1.917692
46 0.88320 1.937178
47 0.88920 1.944908
48 0.89270 1.947692
49 0.89770 1.946471
