0 0.04880 inf
1 0.08920 2.495544
2 0.12700 2.104487
3 0.16840 1.995635
4 0.20820 2.048183
5 0.24380 2.000566
6 0.27410 2.012234
7 0.30640 1.983004
8 0.33850 1.993837
9 0.37000 1.998745
10 0.39800 1.977869
11 0.42770 2.002510
12 0.45500 2.003659
13 0.47860 2.017878
14 0.49960 2.008056
15 0.52260 2.018313
16 0.54370 2.016578
17 0.56490 2.003227
18 0.58370 2.011385
19 0.60400 2.013612
20 0.62350 2.006451
21 0.64310 2.006098
22 0.65630 1.997876
23 0.67200 2.000978
24 0.68650 2.007235
25 0.69980 2.004783
26 0.71230 1.997377
27 0.72520 1.996666
28 0.73780 2.003804
29 0.74740 2.007212
30 0.75760 2.006976
31 0.76960 2.006495
32 0.78080 2.016793
33 0.78980 2.015374
34 0.79860 2.014217
35 0.80810 2.010052
36 0.81450 2.009451
37 0.82310 2.015456
38 0.83110 2.016854
39 0.83880 2.013446
40 0.84570 2.010212
41 0.85270 2.014313
42 0.85850 2.013909
43 0.86500 2.010017
44 0.87140 2.008689
45 0.87660 2.007619
46 0.88320 2.008037
47 0.88920 2.000885
48 0.89270 2.001233
49 0.89770 2.000518
