0 0.00060 0.963296
1 0.00130 0.909818
2 0.00200 0.656279
3 0.00350 0.665010
4 0.00530 0.656569
5 0.00770 0.793912
6 0.01110 0.871575
7 0.01630 0.863110
8 0.02240 0.934186
9 0.03020 1.165865
10 0.04040 0.964019
11 0.05160 1.064586
12 0.06460 1.113393
13 0.07900 1.145605
14 0.09450 1.198348
15 0.11270 1.203338
16 0.13340 1.264746
17 0.15340 1.303726
18 0.17730 1.358936
19 0.20400 1.444109
20 0.23250 1.449548
21 0.26080 1.465319
22 0.29080 1.471572
23 0.31970 1.490537
24 0.35090 1.502436
25 0.38470 1.571914
26 0.41680 1.610660
27 0.45100 1.635902
28 0.48270 1.692496
29 0.51910 1.732880
30 0.55070 1.768178
31 0.58280 1.799131
32 0.61430 1.811120
33 0.64560 1.830406
34 0.67350 1.840009
35 0.70010 1.862408
36 0.72620 1.878291
37 0.75000 1.889664
38 0.77580 1.895256
39 0.79920 1.915787
40 0.81810 1.920146
41 0.83730 1.926483
42 0.85350 1.932366
43 0.86620 1.944311
44 0.87990 1.951831
45 0.89150 1.962613
46 0.90150 1.965551
47 0.91180 1.974339
48 0.92170 1.980177
49 0.93040 1.979466
