0 0.00060 0.778151
1 0.00130 1.361728
2 0.00200 1.518514
3 0.00350 1.812913
4 0.00530 1.514105
5 0.00770 1.681241
6 0.01110 1.602060
7 0.01630 1.708785
8 0.02240 1.691081
9 0.03020 1.626280
10 0.04040 1.712029
11 0.05160 1.738053
12 0.06460 1.780986
13 0.07900 1.824451
14 0.09450 1.794947
15 0.11270 1.802564
16 0.13340 1.847961
17 0.15340 1.863422
18 0.17730 1.875657
19 0.20400 1.896526
20 0.23250 1.886364
21 0.26080 1.883272
22 0.29080 1.888465
23 0.31970 1.883639
24 0.35090 1.895764
25 0.38470 1.902590
26 0.41680 1.914169
27 0.45100 1.923397
28 0.48270 1.913950
29 0.51910 1.913839
30 0.55070 1.924722
31 0.58280 1.934368
32 0.61430 1.928685
33 0.64560 1.940248
34 0.67350 1.937810
35 0.70010 1.945823
36 0.72620 1.952736
37 0.75000 1.954722
38 0.77580 1.962018
39 0.79920 1.963420
40 0.81810 1.967954
41 0.83730 1.974725
42 0.85350 1.982798
43 0.86620 1.988178
44 0.87990 1.992969
45 0.89150 1.989912
46 0.90150 1.994666
47 0.91180 1.996107
48 0.92170 1.999976
49 0.93040 2.002982
