0 0.00020 0.000000
1 0.00050 0.000000
2 0.00100 1.901955
3 0.00220 0.645884
4 0.00360 1.462332
5 0.00600 1.468970
6 0.00870 1.165708
7 0.01140 1.252400
8 0.01620 1.257166
9 0.02140 1.386158
10 0.02930 1.443671
11 0.03780 1.455612
12 0.05180 1.468654
13 0.06620 1.536694
14 0.08310 1.559279
15 0.09970 1.584095
16 0.12080 1.599744
17 0.14150 1.581005
18 0.16660 1.615861
19 0.19140 1.597140
20 0.22060 1.601930
21 0.25400 1.641118
22 0.29170 1.684516
23 0.32800 1.692961
24 0.36770 1.716597
25 0.40820 1.770217
26 0.44790 1.785519
27 0.48510 1.810403
28 0.52310 1.795302
29 0.56180 1.793672
30 0.59990 1.804139
31 0.63710 1.833049
32 0.67110 1.825578
33 0.70680 1.826401
34 0.74050 1.879684
35 0.77330 1.875435
36 0.79870 1.859113
37 0.82460 1.888627
38 0.84520 1.918053
39 0.86620 1.920398
40 0.88370 1.946223
41 0.89980 1.913091
42 0.91400 1.905591
43 0.92420 1.914018
44 0.93450 1.919218
45 0.94310 1.913414
46 0.94910 1.911378
47 0.95540 1.917031
48 0.96240 1.931680
49 0.96680 1.937994
