0 0.00020 inf
1 0.00050 inf
2 0.00100 0.954243
3 0.00220 1.204120
4 0.00360 1.041393
5 0.00600 1.047924
6 0.00870 1.237687
7 0.01140 1.204120
8 0.01620 1.376909
9 0.02140 1.458638
10 0.02930 1.591920
11 0.03780 1.633468
12 0.05180 1.754528
13 0.06620 1.846475
14 0.08310 1.915927
15 0.09970 1.933023
16 0.12080 1.916947
17 0.14150 1.948862
18 0.16660 1.940820
19 0.19140 1.954150
20 0.22060 1.947497
21 0.25400 1.924145
22 0.29170 1.950823
23 0.32800 1.942885
24 0.36770 1.952936
25 0.40820 1.970946
26 0.44790 1.979290
27 0.48510 1.987974
28 0.52310 1.991115
29 0.56180 1.980846
30 0.59990 1.993155
31 0.63710 1.988646
32 0.67110 1.994313
33 0.70680 1.993789
34 0.74050 1.976611
35 0.77330 1.980936
36 0.79870 1.980561
37 0.82460 1.986772
38 0.84520 1.989860
39 0.86620 1.988309
40 0.88370 1.993819
41 0.89980 1.995892
42 0.91400 1.993403
43 0.92420 1.998554
44 0.93450 2.001183
45 0.94310 2.004134
46 0.94910 2.002692
47 0.95540 2.002723
48 0.96240 2.005978
49 0.96680 2.009451
