0 0.00160 0.134538
1 0.00860 0.310726
2 0.02110 0.477973
3 0.04160 0.600790
4 0.06550 0.775378
5 0.09420 0.936603
6 0.12950 1.156325
7 0.16400 1.272867
8 0.20720 1.393441
9 0.24940 1.480244
10 0.29190 1.571469
11 0.33260 1.647164
12 0.37390 1.737147
13 0.41610 1.792862
14 0.45770 1.829922
15 0.49600 1.859453
16 0.53500 1.894876
17 0.57180 1.923739
18 0.59870 1.938706
19 0.62820 1.951556
20 0.65480 1.960314
21 0.68200 1.966758
22 0.70690 1.973203
23 0.73110 1.975756
24 0.75120 1.980195
25 0.77060 1.982011
26 0.78980 1.983532
27 0.80730 1.983387
28 0.82130 1.985197
29 0.83390 1.987366
30 0.84700 1.987366
31 0.85860 1.988448
32 0.86950 1.990611
33 0.87880 1.994574
34 0.88880 1.994273
35 0.89670 1.994273
36 0.90400 1.993049
37 0.91250 1.994125
38 0.91800 1.994125
39 0.92470 1.994848
40 0.92980 1.994848
41 0.93440 1.995923
42 0.93920 1.995923
43 0.94360 1.995923
44 0.94690 1.994701
45 0.95170 1.994701
46 0.95510 1.995776
47 0.95770 1.995776
48 0.96110 1.995629
49 0.96340 1.995629
