0 0.00160 nan
1 0.00860 inf
2 0.02110 1.572097
3 0.04160 1.461034
4 0.06550 1.464639
5 0.09420 1.460052
6 0.12950 1.547892
7 0.16400 1.562998
8 0.20720 1.560821
9 0.24940 1.603113
10 0.29190 1.645177
11 0.33260 1.669118
12 0.37390 1.687529
13 0.41610 1.710493
14 0.45770 1.725491
15 0.49600 1.743070
16 0.53500 1.768922
17 0.57180 1.786931
18 0.59870 1.792834
19 0.62820 1.809826
20 0.65480 1.823999
21 0.68200 1.843032
22 0.70690 1.851915
23 0.73110 1.867790
24 0.75120 1.882159
25 0.77060 1.890498
26 0.78980 1.901541
27 0.80730 1.914276
28 0.82130 1.918179
29 0.83390 1.925475
30 0.84700 1.931369
31 0.85860 1.937636
32 0.86950 1.943706
33 0.87880 1.949404
34 0.88880 1.955789
35 0.89670 1.961549
36 0.90400 1.966274
37 0.91250 1.973089
38 0.91800 1.976240
39 0.92470 1.981263
40 0.92980 1.983553
41 0.93440 1.984653
42 0.93920 1.988594
43 0.94360 1.990757
44 0.94690 1.993320
45 0.95170 1.997075
46 0.95510 1.997835
47 0.95770 1.998566
48 0.96110 2.001033
49 0.96340 2.002914
