0 0.00200 0.119153
1 0.00910 0.193733
2 0.02180 0.423459
3 0.04000 0.659630
4 0.06610 0.875061
5 0.09570 0.976176
6 0.13240 1.115146
7 0.17500 1.281253
8 0.21610 1.403171
9 0.26100 1.498683
10 0.30450 1.588902
11 0.34640 1.668035
12 0.39110 1.749195
13 0.43260 1.803334
14 0.47340 1.844560
15 0.50810 1.868847
16 0.54210 1.893709
17 0.57560 1.912925
18 0.60850 1.940487
19 0.63830 1.956138
20 0.66640 1.962293
21 0.69210 1.970018
22 0.71810 1.975815
23 0.73830 1.977569
24 0.75940 1.979243
25 0.77810 1.982519
26 0.79770 1.982372
27 0.81200 1.985127
28 0.82820 1.985127
29 0.84150 1.986067
30 0.85360 1.986791
31 0.86370 1.984331
32 0.87480 1.985416
33 0.88530 1.986501
34 0.89290 1.986501
35 0.90260 1.988667
36 0.91030 1.990830
37 0.91780 1.991911
38 0.92330 1.991911
39 0.92840 1.992990
40 0.93500 1.994068
41 0.94070 1.993920
42 0.94490 1.994997
43 0.94910 1.994997
44 0.95320 1.996073
45 0.95680 1.996073
46 0.96040 1.996073
47 0.96300 1.996073
48 0.96530 1.997148
49 0.96810 1.997148
