0 0.00200 inf
1 0.00910 1.397940
2 0.02180 1.447158
3 0.04000 1.431364
4 0.06610 1.545616
5 0.09570 1.567262
6 0.13240 1.563886
7 0.17500 1.545944
8 0.21610 1.505955
9 0.26100 1.550930
10 0.30450 1.580405
11 0.34640 1.629448
12 0.39110 1.659512
13 0.43260 1.677902
14 0.47340 1.688659
15 0.50810 1.723349
16 0.54210 1.748839
17 0.57560 1.761019
18 0.60850 1.780668
19 0.63830 1.800523
20 0.66640 1.816847
21 0.69210 1.824384
22 0.71810 1.838480
23 0.73830 1.849499
24 0.75940 1.863411
25 0.77810 1.879744
26 0.79770 1.892111
27 0.81200 1.898038
28 0.82820 1.911501
29 0.84150 1.920373
30 0.85360 1.926081
31 0.86370 1.929575
32 0.87480 1.935530
33 0.88530 1.939533
34 0.89290 1.945047
35 0.90260 1.952166
36 0.91030 1.957495
37 0.91780 1.963903
38 0.92330 1.968267
39 0.92840 1.969668
40 0.93500 1.970942
41 0.94070 1.972770
42 0.94490 1.974857
43 0.94910 1.977821
44 0.95320 1.981332
45 0.95680 1.984024
46 0.96040 1.986379
47 0.96300 1.988210
48 0.96530 1.990022
49 0.96810 1.990909
