0 0.00280 0.026225
1 0.01060 0.194659
2 0.02620 0.475594
3 0.04720 0.626477
4 0.07530 0.830054
5 0.10840 1.021399
6 0.14250 1.162524
7 0.18190 1.288909
8 0.22440 1.425156
9 0.26800 1.539164
10 0.31030 1.630911
11 0.35320 1.703566
12 0.39870 1.754548
13 0.43960 1.813545
14 0.47760 1.850549
15 0.51700 1.876410
16 0.54860 1.893045
17 0.58240 1.914877
18 0.61700 1.926623
19 0.64640 1.936604
20 0.67230 1.948972
21 0.69890 1.961895
22 0.72440 1.973990
23 0.74660 1.977344
24 0.76740 1.979389
25 0.78370 1.984850
26 0.80240 1.989927
27 0.81940 1.993906
28 0.83260 1.994990
29 0.84330 1.993750
30 0.85470 1.995758
31 0.86390 1.995603
32 0.87630 1.996683
33 0.88680 1.996683
34 0.89670 1.996528
35 0.90470 1.997606
36 0.91150 1.997452
37 0.91870 1.996223
38 0.92540 1.996223
39 0.93050 1.996073
40 0.93560 1.996073
41 0.94020 1.996073
42 0.94460 1.996073
43 0.94940 1.997148
44 0.95280 1.995923
45 0.95600 1.993337
46 0.96090 1.993337
47 0.96350 1.993337
48 0.96580 1.993337
49 0.96850 1.993337
