0 0.00280 inf
1 0.01060 1.079181
2 0.02620 1.230449
3 0.04720 1.301030
4 0.07530 1.440122
5 0.10840 1.458961
6 0.14250 1.517416
7 0.18190 1.558559
8 0.22440 1.577519
9 0.26800 1.563461
10 0.31030 1.587232
11 0.35320 1.614746
12 0.39870 1.637923
13 0.43960 1.658011
14 0.47760 1.673996
15 0.51700 1.689184
16 0.54860 1.716065
17 0.58240 1.736299
18 0.61700 1.756177
19 0.64640 1.772834
20 0.67230 1.795062
21 0.69890 1.816405
22 0.72440 1.833781
23 0.74660 1.846195
24 0.76740 1.860504
25 0.78370 1.872055
26 0.80240 1.881544
27 0.81940 1.892439
28 0.83260 1.902938
29 0.84330 1.905826
30 0.85470 1.915377
31 0.86390 1.921608
32 0.87630 1.928217
33 0.88680 1.934485
34 0.89670 1.937650
35 0.90470 1.942773
36 0.91150 1.947620
37 0.91870 1.949727
38 0.92540 1.954935
39 0.93050 1.956496
40 0.93560 1.959494
41 0.94020 1.963314
42 0.94460 1.966878
43 0.94940 1.969122
44 0.95280 1.971581
45 0.95600 1.973832
46 0.96090 1.977543
47 0.96350 1.979093
48 0.96580 1.979783
49 0.96850 1.981665
