0 0.00040 0.000000
1 0.00080 0.800000
2 0.00190 1.352329
3 0.00380 1.710139
4 0.00630 1.447244
5 0.00960 1.070299
6 0.01550 1.392224
7 0.02360 1.415664
8 0.03430 1.424858
9 0.04700 1.505930
10 0.06100 1.491982
11 0.07740 1.499296
12 0.09920 1.471125
13 0.12370 1.514438
14 0.15240 1.561280
15 0.18170 1.593177
16 0.21480 1.633893
17 0.25090 1.625460
18 0.28510 1.629729
19 0.32580 1.673737
20 0.36430 1.675986
21 0.40740 1.703789
22 0.44970 1.748527
23 0.49570 1.762233
24 0.54030 1.751228
25 0.58400 1.810799
26 0.62510 1.841250
27 0.66650 1.817713
28 0.70350 1.864480
29 0.73830 1.869757
30 0.77110 1.848362
31 0.79750 1.875387
32 0.82060 1.901287
33 0.84280 1.921412
34 0.86390 1.940761
35 0.88170 1.902485
36 0.89690 1.902610
37 0.90970 1.908002
38 0.92090 1.909927
39 0.93190 1.925034
40 0.94100 1.932038
41 0.94890 1.949191
42 0.95600 1.952082
43 0.96140 1.960356
44 0.96600 1.961486
45 0.96980 1.959412
46 0.97370 1.962572
47 0.97740 1.964171
48 0.98040 1.962915
49 0.98300 1.963857
