0 0.00040 inf
1 0.00080 inf
2 0.00190 inf
3 0.00380 inf
4 0.00630 inf
5 0.00960 inf
6 0.01550 2.260071
7 0.02360 2.015639
8 0.03430 2.042969
9 0.04700 1.905256
10 0.06100 2.000362
11 0.07740 2.030465
12 0.09920 2.045323
13 0.12370 2.076458
14 0.15240 2.041273
15 0.18170 2.012052
16 0.21480 1.985141
17 0.25090 1.972516
18 0.28510 2.007357
19 0.32580 1.980693
20 0.36430 1.951400
21 0.40740 1.948847
22 0.44970 1.944414
23 0.49570 1.930488
24 0.54030 1.926337
25 0.58400 1.928703
26 0.62510 1.935720
27 0.66650 1.934976
28 0.70350 1.936649
29 0.73830 1.944176
30 0.77110 1.951747
31 0.79750 1.958606
32 0.82060 1.971956
33 0.84280 1.973424
34 0.86390 1.970179
35 0.88170 1.969725
36 0.89690 1.970417
37 0.90970 1.973272
38 0.92090 1.974964
39 0.93190 1.976331
40 0.94100 1.974501
41 0.94890 1.974860
42 0.95600 1.977772
43 0.96140 1.977807
44 0.96600 1.979237
45 0.96980 1.977630
46 0.97370 1.978562
47 0.97740 1.978882
48 0.98040 1.979314
49 0.98300 1.978802
