0 0.04220 1.941486
1 0.08850 1.805668
2 0.12610 1.921366
3 0.16430 1.982557
4 0.20640 1.848370
5 0.24190 1.865254
6 0.27540 1.880812
7 0.30680 1.978631
8 0.34040 1.929660
9 0.37030 1.873592
10 0.39820 1.979349
11 0.42600 1.896564
12 0.44950 1.990201
13 0.47500 1.874811
14 0.49820 1.952509
15 0.51880 1.952720
16 0.53930 1.913804
17 0.56290 1.943919
18 0.58110 1.954975
19 0.59980 1.932818
20 0.61880 1.910257
21 0.63690 1.981554
22 0.65380 1.919939
23 0.67100 1.905274
24 0.68610 1.948949
25 0.70150 1.978091
26 0.71680 1.938065
27 0.72900 1.896501
28 0.74170 1.908029
29 0.75330 1.965321
30 0.76650 1.973579
31 0.77890 1.920541
32 0.78870 1.903158
33 0.79920 1.918936
34 0.80770 1.916034
35 0.81720 1.950527
36 0.82570 1.976612
37 0.83210 1.963094
38 0.84070 1.961652
39 0.84760 1.929683
40 0.85270 1.912323
41 0.85840 1.899106
42 0.86510 1.920292
43 0.87040 1.929573
44 0.87580 1.938884
45 0.88180 1.952140
46 0.88730 1.943364
47 0.89270 1.944588
48 0.89710 1.945915
49 0.90140 1.945451
