0 0.04220 inf
1 0.08850 1.985277
2 0.12610 2.108565
3 0.16430 1.978554
4 0.20640 1.976452
5 0.24190 1.920011
6 0.27540 1.904408
7 0.30680 1.902500
8 0.34040 1.919949
9 0.37030 1.946288
10 0.39820 1.936769
11 0.42600 1.963420
12 0.44950 1.968538
13 0.47500 1.985392
14 0.49820 1.996403
15 0.51880 2.016371
16 0.53930 2.018962
17 0.56290 2.007226
18 0.58110 2.008303
19 0.59980 2.015856
20 0.61880 2.015814
21 0.63690 2.005423
22 0.65380 2.006518
23 0.67100 1.986277
24 0.68610 1.980074
25 0.70150 1.976772
26 0.71680 1.984864
27 0.72900 1.991520
28 0.74170 1.988377
29 0.75330 1.992072
30 0.76650 1.987075
31 0.77890 1.992145
32 0.78870 1.991333
33 0.79920 1.991958
34 0.80770 1.996130
35 0.81720 1.989830
36 0.82570 1.987425
37 0.83210 1.985953
38 0.84070 1.982571
39 0.84760 1.982473
40 0.85270 1.985961
41 0.85840 1.987014
42 0.86510 1.986340
43 0.87040 1.988953
44 0.87580 1.987585
45 0.88180 1.984900
46 0.88730 1.987960
47 0.89270 1.984793
48 0.89710 1.987644
49 0.90140 1.984096
