1 0.00010 0.000000
2 0.02010 1.403688
3 0.04010 1.484282
4 0.06010 1.452695
5 0.08010 1.510467
6 0.10010 1.496821
7 0.12010 1.446287
8 0.14010 1.428705
9 0.16010 1.486190
10 0.18010 1.448549
11 0.20010 1.448373
12 0.22010 1.494166
13 0.24010 1.528139
14 0.26010 1.477533
15 0.28010 1.514451
16 0.30010 1.475737
17 0.32010 1.534885
18 0.34010 1.453742
19 0.36010 1.473703
20 0.38010 1.475057
21 0.40010 1.509577
22 0.42010 1.483980
23 0.44010 1.496702
24 0.46010 1.511712
25 0.48010 1.478170
26 0.50010 1.485577
27 0.52010 1.484205
28 0.54010 1.472816
29 0.56010 1.519342
30 0.58010 1.479714
31 0.60010 1.506441
32 0.62010 1.460504
33 0.64010 1.478053
34 0.66010 1.474612
35 0.68010 1.486424
36 0.70010 1.505396
37 0.72010 1.497127
38 0.74010 1.493371
39 0.76010 1.487654
40 0.78010 1.491001
41 0.80010 1.500578
42 0.82010 1.501863
43 0.84010 1.515299
44 0.86010 1.493578
45 0.88010 1.501431
46 0.90010 1.497587
47 0.92010 1.491493
48 0.94010 1.494050
49 0.96010 1.477203
50 0.98010 1.494196
