1 0.00010 nan
2 0.02010 inf
3 0.04010 inf
4 0.06010 1.619789
5 0.08010 1.883661
6 0.10010 2.201397
7 0.12010 2.107210
8 0.14010 2.066699
9 0.16010 2.182415
10 0.18010 1.805695
11 0.20010 1.922206
12 0.22010 2.078852
13 0.24010 2.004590
14 0.26010 2.247973
15 0.28010 2.038753
16 0.30010 2.033074
17 0.32010 1.923147
18 0.34010 1.999078
19 0.36010 1.897508
20 0.38010 1.890235
21 0.40010 1.955976
22 0.42010 2.048355
23 0.44010 1.981936
24 0.46010 1.930658
25 0.48010 1.984726
26 0.50010 1.972326
27 0.52010 1.966542
28 0.54010 2.013599
29 0.56010 1.984503
30 0.58010 2.049356
31 0.60010 1.998967
32 0.62010 2.011483
33 0.64010 2.070641
34 0.66010 2.039275
35 0.68010 2.011329
36 0.70010 2.089621
37 0.72010 2.002240
38 0.74010 2.074180
39 0.76010 2.032731
40 0.78010 2.075422
41 0.80010 1.973934
42 0.82010 1.971146
43 0.84010 2.010415
44 0.86010 1.984380
45 0.88010 1.998717
46 0.90010 1.995826
47 0.92010 1.967424
48 0.94010 2.016997
49 0.96010 2.066091
50 0.98010 2.028890
