0 0.04650 1.746126
1 0.09260 1.833905
2 0.13370 1.869740
3 0.17610 1.852096
4 0.21280 1.860405
5 0.24950 1.884091
6 0.28470 1.907743
7 0.31990 1.977618
8 0.35120 1.947950
9 0.38030 1.869244
10 0.40970 1.985454
11 0.43630 1.892582
12 0.46270 1.957500
13 0.48600 1.910826
14 0.50790 1.939913
15 0.53350 1.909752
16 0.55390 1.949364
17 0.57610 1.957172
18 0.59850 1.921602
19 0.61630 1.918744
20 0.63390 1.974637
21 0.65170 1.918977
22 0.66740 1.910844
23 0.68310 1.958498
24 0.69840 1.979998
25 0.71380 1.985784
26 0.72490 1.893214
27 0.73790 1.914844
28 0.74840 1.948145
29 0.75960 1.976871
30 0.77320 1.971924
31 0.78340 1.925009
32 0.79260 1.913032
33 0.80160 1.916331
34 0.81040 1.923000
35 0.81740 1.924871
36 0.82620 1.945679
37 0.83330 1.975003
38 0.84130 1.968492
39 0.84970 1.960274
40 0.85650 1.931388
41 0.86360 1.905264
42 0.87090 1.912133
43 0.87700 1.923629
44 0.88200 1.932149
45 0.88760 1.937765
46 0.89330 1.938930
47 0.89740 1.957986
48 0.90110 1.948113
49 0.90480 1.944477
