0 0.04650 1.991226
1 0.09260 2.044017
2 0.13370 1.807412
3 0.17610 1.875423
4 0.21280 1.919078
5 0.24950 1.959592
6 0.28470 1.996483
7 0.31990 2.010724
8 0.35120 2.019532
9 0.38030 2.011194
10 0.40970 1.980309
11 0.43630 1.983401
12 0.46270 1.984871
13 0.48600 1.996887
14 0.50790 2.016506
15 0.53350 2.007644
16 0.55390 2.008230
17 0.57610 2.008394
18 0.59850 1.996556
19 0.61630 2.000299
20 0.63390 1.995437
21 0.65170 2.005609
22 0.66740 2.011260
23 0.68310 2.008162
24 0.69840 2.000373
25 0.71380 2.007976
26 0.72490 2.014767
27 0.73790 2.008997
28 0.74840 2.017114
29 0.75960 2.011069
30 0.77320 2.015254
31 0.78340 2.010733
32 0.79260 2.013488
33 0.80160 2.008900
34 0.81040 2.013010
35 0.81740 2.006517
36 0.82620 2.007539
37 0.83330 1.999788
38 0.84130 2.001686
39 0.84970 2.004196
40 0.85650 2.001394
41 0.86360 2.002729
42 0.87090 2.005638
43 0.87700 2.007041
44 0.88200 2.003769
45 0.88760 2.003274
46 0.89330 1.996217
47 0.89740 1.996380
48 0.90110 1.997559
49 0.90480 1.999917
