0 0.00040 0.000000
1 0.00090 0.467610
2 0.00230 0.507873
3 0.00350 1.008142
4 0.00520 0.297843
5 0.00830 0.844407
6 0.01290 0.527030
7 0.01780 0.764793
8 0.02470 0.922938
9 0.03390 0.955399
10 0.04400 1.012999
11 0.05630 0.903609
12 0.07300 1.040681
13 0.09130 1.095911
14 0.11300 1.165491
15 0.14010 1.183856
16 0.17060 1.250082
17 0.20290 1.370552
18 0.23570 1.468499
19 0.27110 1.503103
20 0.30600 1.522832
21 0.34160 1.557857
22 0.37800 1.573153
23 0.41620 1.610428
24 0.45360 1.620709
25 0.49170 1.663753
26 0.52610 1.710751
27 0.56090 1.753723
28 0.59510 1.774292
29 0.63000 1.825568
30 0.66370 1.841134
31 0.69360 1.865157
32 0.72400 1.885959
33 0.75110 1.899475
34 0.77530 1.918197
35 0.79670 1.931185
36 0.81740 1.942233
37 0.83660 1.954873
38 0.85300 1.963807
39 0.86680 1.972288
40 0.88100 1.975232
41 0.89330 1.986235
42 0.90560 1.982435
43 0.91390 1.986454
44 0.92100 1.990827
45 0.92790 1.994827
46 0.93430 1.999010
47 0.94100 1.999390
48 0.94820 2.000857
49 0.95430 2.000857
