0 0.00040 inf
1 0.00090 inf
2 0.00230 1.322219
3 0.00350 1.290035
4 0.00520 1.537819
5 0.00830 1.656418
6 0.01290 1.697229
7 0.01780 1.716003
8 0.02470 1.620056
9 0.03390 1.695701
10 0.04400 1.647723
11 0.05630 1.722305
12 0.07300 1.744782
13 0.09130 1.722940
14 0.11300 1.750663
15 0.14010 1.773858
16 0.17060 1.750412
17 0.20290 1.724276
18 0.23570 1.744196
19 0.27110 1.765296
20 0.30600 1.789798
21 0.34160 1.812583
22 0.37800 1.827876
23 0.41620 1.847697
24 0.45360 1.862261
25 0.49170 1.861540
26 0.52610 1.867958
27 0.56090 1.881818
28 0.59510 1.887664
29 0.63000 1.885813
30 0.66370 1.897253
31 0.69360 1.911104
32 0.72400 1.917903
33 0.75110 1.927846
34 0.77530 1.934468
35 0.79670 1.944901
36 0.81740 1.949853
37 0.83660 1.960489
38 0.85300 1.966641
39 0.86680 1.974496
40 0.88100 1.977488
41 0.89330 1.984283
42 0.90560 1.987988
43 0.91390 1.993318
44 0.92100 1.995425
45 0.92790 1.997389
46 0.93430 1.997350
47 0.94100 1.999964
48 0.94820 2.002345
49 0.95430 2.005091
