0 0.00050 0.000000
1 0.00110 1.267970
2 0.00230 1.433985
3 0.00440 1.242169
4 0.00630 1.600000
5 0.00890 1.168616
6 0.01410 1.414538
7 0.02120 1.441154
8 0.02840 1.447909
9 0.03740 1.585390
10 0.04860 1.456857
11 0.06510 1.483386
12 0.08340 1.479934
13 0.10480 1.551695
14 0.13150 1.593399
15 0.16090 1.604846
16 0.19200 1.607323
17 0.22870 1.649172
18 0.26410 1.647747
19 0.30320 1.649653
20 0.34390 1.683308
21 0.38690 1.667058
22 0.43030 1.733710
23 0.47620 1.723693
24 0.52130 1.766035
25 0.56600 1.730016
26 0.60840 1.797151
27 0.65170 1.797165
28 0.69390 1.815609
29 0.72750 1.874350
30 0.75970 1.846473
31 0.79040 1.884985
32 0.81640 1.893311
33 0.83990 1.921673
34 0.86230 1.903828
35 0.88010 1.910009
36 0.89630 1.903443
37 0.91040 1.903414
38 0.92270 1.923624
39 0.93460 1.939672
40 0.94350 1.946092
41 0.95060 1.948918
42 0.95800 1.954656
43 0.96450 1.961744
44 0.96860 1.961757
45 0.97200 1.958334
46 0.97630 1.951633
47 0.97920 1.936694
48 0.98260 1.937725
49 0.98540 1.937931
