0 0.00050 nan
1 0.00110 0.477121
2 0.00230 1.079181
3 0.00440 1.290035
4 0.00630 1.447158
5 0.00890 1.667453
6 0.01410 1.721536
7 0.02120 1.760422
8 0.02840 1.771902
9 0.03740 1.917581
10 0.04860 1.834633
11 0.06510 1.864808
12 0.08340 1.926992
13 0.10480 1.938061
14 0.13150 1.941287
15 0.16090 1.939394
16 0.19200 1.986772
17 0.22870 1.972317
18 0.26410 1.958837
19 0.30320 1.934154
20 0.34390 1.912930
21 0.38690 1.915463
22 0.43030 1.902240
23 0.47620 1.909569
24 0.52130 1.910123
25 0.56600 1.928417
26 0.60840 1.924568
27 0.65170 1.925773
28 0.69390 1.930639
29 0.72750 1.943196
30 0.75970 1.949144
31 0.79040 1.943969
32 0.81640 1.953645
33 0.83990 1.956280
34 0.86230 1.960721
35 0.88010 1.969600
36 0.89630 1.969175
37 0.91040 1.973776
38 0.92270 1.974773
39 0.93460 1.974026
40 0.94350 1.977450
41 0.95060 1.977896
42 0.95800 1.983340
43 0.96450 1.983821
44 0.96860 1.984956
45 0.97200 1.987576
46 0.97630 1.989750
47 0.97920 1.989711
48 0.98260 1.992214
49 0.98540 1.993298
