0 0.00060 0.000000
1 0.00180 1.833985
2 0.00380 1.410428
3 0.00510 1.211899
4 0.00860 1.181525
5 0.01220 1.375563
6 0.01690 1.534086
7 0.02300 1.635324
8 0.03080 1.481254
9 0.04170 1.605859
10 0.05420 1.510902
11 0.06880 1.463718
12 0.08770 1.403509
13 0.11290 1.533642
14 0.13890 1.531534
15 0.17240 1.567616
16 0.20700 1.627085
17 0.24170 1.605552
18 0.28230 1.645307
19 0.32600 1.662418
20 0.36720 1.722241
21 0.41210 1.716279
22 0.46030 1.726391
23 0.50560 1.749483
24 0.55300 1.786064
25 0.59670 1.798937
26 0.63880 1.855502
27 0.67750 1.834989
28 0.71400 1.862424
29 0.74730 1.901572
30 0.77700 1.875185
31 0.80540 1.890857
32 0.82710 1.906128
33 0.84760 1.923709
34 0.86760 1.945216
35 0.88400 1.910536
36 0.89820 1.918181
37 0.91350 1.915520
38 0.92320 1.909644
39 0.93240 1.920452
40 0.94120 1.935119
41 0.94930 1.950417
42 0.95530 1.954114
43 0.96140 1.955465
44 0.96620 1.956123
45 0.97080 1.956612
46 0.97460 1.953764
47 0.97790 1.954239
48 0.98090 1.954729
49 0.98380 1.957100
