0 0.00060 inf
1 0.00180 1.278754
2 0.00380 1.311754
3 0.00510 1.498311
4 0.00860 1.659599
5 0.01220 1.812913
6 0.01690 1.927712
7 0.02300 1.880814
8 0.03080 2.034227
9 0.04170 1.933937
10 0.05420 1.901416
11 0.06880 1.870209
12 0.08770 1.860458
13 0.11290 1.854950
14 0.13890 1.877135
15 0.17240 1.873088
16 0.20700 1.876956
17 0.24170 1.882398
18 0.28230 1.883001
19 0.32600 1.885065
20 0.36720 1.916572
21 0.41210 1.911608
22 0.46030 1.946360
23 0.50560 1.957260
24 0.55300 1.965303
25 0.59670 1.970998
26 0.63880 1.990819
27 0.67750 1.979993
28 0.71400 1.980196
29 0.74730 1.987583
30 0.77700 1.987707
31 0.80540 1.989214
32 0.82710 1.988148
33 0.84760 1.994757
34 0.86760 1.998626
35 0.88400 1.994788
36 0.89820 2.000651
37 0.91350 1.999631
38 0.92320 2.003326
39 0.93240 2.001696
40 0.94120 2.002473
41 0.94930 2.002968
42 0.95530 2.002898
43 0.96140 2.006388
44 0.96620 2.008672
45 0.97080 2.011003
46 0.97460 2.012590
47 0.97790 2.014718
48 0.98090 2.015717
49 0.98380 2.016790
