0 0.00200 0.035642
1 0.00840 0.322983
2 0.02100 0.520029
3 0.03930 0.623804
4 0.06400 0.838864
5 0.09630 0.989931
6 0.13240 1.192390
7 0.17020 1.303826
8 0.21360 1.439005
9 0.25290 1.529409
10 0.29280 1.622097
11 0.33540 1.710167
12 0.38070 1.768337
13 0.42290 1.824494
14 0.46140 1.845586
15 0.50140 1.873549
16 0.54000 1.914509
17 0.57960 1.932493
18 0.61210 1.944258
19 0.63980 1.954883
20 0.66810 1.960291
21 0.69420 1.968394
22 0.71720 1.973953
23 0.73940 1.973283
24 0.75880 1.975110
25 0.77670 1.979854
26 0.79280 1.981676
27 0.80840 1.982768
28 0.82310 1.984793
29 0.83630 1.985521
30 0.84840 1.990238
31 0.86030 1.990806
32 0.87140 1.990806
33 0.88260 1.995867
34 0.89260 1.995867
35 0.90060 1.996788
36 0.90740 1.996788
37 0.91440 1.997708
38 0.92020 1.996470
39 0.92770 1.996470
40 0.93200 1.997549
41 0.93850 1.996158
42 0.94260 1.996158
43 0.94690 1.996728
44 0.95030 1.995500
45 0.95440 1.995500
46 0.95750 1.994273
47 0.96090 1.994273
48 0.96390 1.994273
49 0.96560 1.994273
