0 0.00200 nan
1 0.00840 inf
2 0.02100 inf
3 0.03930 1.563481
4 0.06400 1.604226
5 0.09630 1.586266
6 0.13240 1.597382
7 0.17020 1.615682
8 0.21360 1.611528
9 0.25290 1.612996
10 0.29280 1.635568
11 0.33540 1.668304
12 0.38070 1.674485
13 0.42290 1.671629
14 0.46140 1.704370
15 0.50140 1.726975
16 0.54000 1.749673
17 0.57960 1.765494
18 0.61210 1.781988
19 0.63980 1.786890
20 0.66810 1.795469
21 0.69420 1.819939
22 0.71720 1.831151
23 0.73940 1.850753
24 0.75880 1.862608
25 0.77670 1.871212
26 0.79280 1.881726
27 0.80840 1.890080
28 0.82310 1.896663
29 0.83630 1.903817
30 0.84840 1.911892
31 0.86030 1.921354
32 0.87140 1.928557
33 0.88260 1.933654
34 0.89260 1.939031
35 0.90060 1.941546
36 0.90740 1.943174
37 0.91440 1.946173
38 0.92020 1.949882
39 0.92770 1.955814
40 0.93200 1.959358
41 0.93850 1.963401
42 0.94260 1.966651
43 0.94690 1.967499
44 0.95030 1.970261
45 0.95440 1.973638
46 0.95750 1.975088
47 0.96090 1.977580
48 0.96390 1.978740
49 0.96560 1.980051
