0 0.00040 0.845238
1 0.00140 0.278881
2 0.00320 0.216382
3 0.00560 0.764117
4 0.00850 0.888507
5 0.01230 0.505947
6 0.01840 0.800593
7 0.02680 0.891082
8 0.03550 0.935856
9 0.04610 1.024795
10 0.06090 1.045356
11 0.07660 1.079598
12 0.09680 1.180989
13 0.12020 1.220163
14 0.14430 1.274759
15 0.17350 1.342323
16 0.20860 1.391322
17 0.23990 1.427946
18 0.27300 1.480072
19 0.31010 1.521300
20 0.34360 1.569114
21 0.37890 1.629318
22 0.40990 1.672374
23 0.44120 1.695744
24 0.47540 1.706671
25 0.50640 1.741436
26 0.53940 1.757015
27 0.57240 1.770779
28 0.60510 1.813540
29 0.63560 1.839105
30 0.66510 1.866581
31 0.69250 1.863281
32 0.71770 1.878808
33 0.74350 1.903004
34 0.76710 1.914214
35 0.78850 1.931438
36 0.80780 1.934276
37 0.82420 1.948007
38 0.84200 1.960957
39 0.85620 1.968840
40 0.87090 1.970259
41 0.88390 1.978959
42 0.89460 1.978980
43 0.90430 1.983748
44 0.91320 1.987775
45 0.92000 1.994542
46 0.92630 1.997431
47 0.93270 1.995323
48 0.94010 1.989924
49 0.94680 1.991008
