0 0.00040 inf
1 0.00140 inf
2 0.00320 1.130334
3 0.00560 1.086360
4 0.00850 1.104292
5 0.01230 1.218944
6 0.01840 1.387390
7 0.02680 1.461398
8 0.03550 1.591719
9 0.04610 1.622757
10 0.06090 1.632771
11 0.07660 1.670776
12 0.09680 1.750021
13 0.12020 1.767708
14 0.14430 1.814675
15 0.17350 1.837470
16 0.20860 1.813379
17 0.23990 1.847183
18 0.27300 1.852646
19 0.31010 1.851070
20 0.34360 1.841633
21 0.37890 1.852840
22 0.40990 1.866438
23 0.44120 1.895984
24 0.47540 1.910306
25 0.50640 1.909106
26 0.53940 1.921962
27 0.57240 1.929956
28 0.60510 1.944566
29 0.63560 1.944011
30 0.66510 1.945357
31 0.69250 1.945954
32 0.71770 1.952501
33 0.74350 1.958280
34 0.76710 1.958636
35 0.78850 1.965696
36 0.80780 1.975271
37 0.82420 1.977481
38 0.84200 1.977751
39 0.85620 1.982135
40 0.87090 1.985891
41 0.88390 1.989655
42 0.89460 1.992481
43 0.90430 1.997498
44 0.91320 1.999297
45 0.92000 2.001147
46 0.92630 2.003594
47 0.93270 2.007072
48 0.94010 2.009815
49 0.94680 2.008360
