0 0.00050 0.000000
1 0.00070 1.200000
2 0.00140 1.501955
3 0.00290 1.620987
4 0.00470 1.667970
5 0.00770 1.172815
6 0.01180 1.406430
7 0.01670 1.438911
8 0.02540 1.367107
9 0.03630 1.432560
10 0.04800 1.598729
11 0.06200 1.469291
12 0.08150 1.532646
13 0.10320 1.576023
14 0.12690 1.581892
15 0.15200 1.563508
16 0.18260 1.640512
17 0.21550 1.669419
18 0.24850 1.655484
19 0.28640 1.709840
20 0.32310 1.687853
21 0.36380 1.698299
22 0.40630 1.729086
23 0.44840 1.725362
24 0.48980 1.765021
25 0.53560 1.754105
26 0.57680 1.812302
27 0.61640 1.803505
28 0.65160 1.815553
29 0.69060 1.871315
30 0.72570 1.863182
31 0.75420 1.837979
32 0.78340 1.850827
33 0.80950 1.889586
34 0.83190 1.890295
35 0.85350 1.918659
36 0.87280 1.898142
37 0.88990 1.895635
38 0.90100 1.902881
39 0.91460 1.904895
40 0.92470 1.908276
41 0.93620 1.928015
42 0.94440 1.931263
43 0.95270 1.935288
44 0.95830 1.941246
45 0.96300 1.946976
46 0.96870 1.948477
47 0.97250 1.952904
48 0.97600 1.954511
49 0.97830 1.954036
