0 0.00050 inf
1 0.00070 inf
2 0.00140 inf
3 0.00290 1.462398
4 0.00470 1.724276
5 0.00770 2.029384
6 0.01180 1.934498
7 0.01670 2.108903
8 0.02540 2.011782
9 0.03630 1.768167
10 0.04800 1.775732
11 0.06200 1.827872
12 0.08150 1.874798
13 0.10320 1.846297
14 0.12690 1.868328
15 0.15200 1.883908
16 0.18260 1.933706
17 0.21550 1.906286
18 0.24850 1.946286
19 0.28640 1.924456
20 0.32310 1.907117
21 0.36380 1.908661
22 0.40630 1.912469
23 0.44840 1.924211
24 0.48980 1.935206
25 0.53560 1.928790
26 0.57680 1.921151
27 0.61640 1.935118
28 0.65160 1.944568
29 0.69060 1.945170
30 0.72570 1.954206
31 0.75420 1.958020
32 0.78340 1.963261
33 0.80950 1.974639
34 0.83190 1.981048
35 0.85350 1.983158
36 0.87280 1.987291
37 0.88990 1.995635
38 0.90100 1.994624
39 0.91460 1.997843
40 0.92470 2.001923
41 0.93620 2.001909
42 0.94440 2.002277
43 0.95270 2.007349
44 0.95830 2.010206
45 0.96300 2.012574
46 0.96870 2.015698
47 0.97250 2.014746
48 0.97600 2.012522
49 0.97830 2.014132
