0 0.00170 0.126379
1 0.00830 0.318498
2 0.02060 0.371363
3 0.04300 0.647141
4 0.07040 0.806849
5 0.10230 0.966128
6 0.13950 1.160356
7 0.17730 1.300111
8 0.22070 1.438062
9 0.26240 1.540367
10 0.30800 1.634137
11 0.34960 1.696653
12 0.39360 1.750792
13 0.43520 1.803848
14 0.47540 1.860258
15 0.51270 1.878157
16 0.55180 1.905259
17 0.58320 1.927528
18 0.61420 1.937213
19 0.64440 1.944406
20 0.67330 1.956205
21 0.70080 1.962309
22 0.72530 1.970360
23 0.74680 1.974373
24 0.76680 1.979683
25 0.78560 1.980771
26 0.80340 1.987295
27 0.81750 1.991269
28 0.83380 1.991842
29 0.84640 1.992567
30 0.85810 1.993647
31 0.86900 1.993495
32 0.87950 1.993495
33 0.88900 1.995652
34 0.89660 1.996728
35 0.90500 1.996728
36 0.91280 1.999954
37 0.91950 1.999954
38 0.92520 1.999954
39 0.93100 1.999954
40 0.93680 1.999954
41 0.94200 1.999954
42 0.94520 1.998725
43 0.94880 1.998725
44 0.95210 1.998725
45 0.95570 1.998725
46 0.95930 1.999449
47 0.96220 1.999449
48 0.96470 1.999449
49 0.96730 2.000522
