0 0.00170 nan
1 0.00830 inf
2 0.02060 1.133539
3 0.04300 1.198264
4 0.07040 1.270768
5 0.10230 1.270096
6 0.13950 1.297653
7 0.17730 1.358336
8 0.22070 1.438345
9 0.26240 1.472693
10 0.30800 1.485153
11 0.34960 1.534628
12 0.39360 1.574084
13 0.43520 1.608091
14 0.47540 1.632760
15 0.51270 1.657908
16 0.55180 1.682900
17 0.58320 1.697045
18 0.61420 1.718189
19 0.64440 1.744128
20 0.67330 1.760226
21 0.70080 1.773251
22 0.72530 1.789192
23 0.74680 1.805558
24 0.76680 1.821400
25 0.78560 1.834186
26 0.80340 1.843133
27 0.81750 1.848880
28 0.83380 1.857863
29 0.84640 1.864712
30 0.85810 1.872560
31 0.86900 1.880912
32 0.87950 1.887943
33 0.88900 1.892543
34 0.89660 1.896478
35 0.90500 1.900816
36 0.91280 1.904809
37 0.91950 1.910067
38 0.92520 1.913178
39 0.93100 1.917746
40 0.93680 1.922503
41 0.94200 1.925749
42 0.94520 1.928183
43 0.94880 1.931139
44 0.95210 1.933361
45 0.95570 1.935053
46 0.95930 1.937621
47 0.96220 1.939805
48 0.96470 1.940505
49 0.96730 1.942233
