0 0.00020 0.000000
1 0.00070 0.310112
2 0.00200 0.690182
3 0.00360 0.864758
4 0.00530 1.156379
5 0.00820 0.937758
6 0.01190 0.656199
7 0.01820 0.710163
8 0.02480 1.002455
9 0.03310 1.034350
10 0.04050 1.101197
11 0.04980 1.129838
12 0.06080 1.224679
13 0.07290 1.255466
14 0.08920 1.193586
15 0.10530 1.259266
16 0.12290 1.302065
17 0.14230 1.287314
18 0.16520 1.277324
19 0.18770 1.369618
20 0.21350 1.383529
21 0.24080 1.440539
22 0.26860 1.473518
23 0.29940 1.495808
24 0.33440 1.547756
25 0.36820 1.607085
26 0.40140 1.657990
27 0.43360 1.671116
28 0.46440 1.651216
29 0.49750 1.686883
30 0.52880 1.745024
31 0.56110 1.750512
32 0.59150 1.787724
33 0.62080 1.798230
34 0.64790 1.817583
35 0.67610 1.844282
36 0.70580 1.850466
37 0.72730 1.871624
38 0.75070 1.888643
39 0.77520 1.900810
40 0.79850 1.917171
41 0.82020 1.929823
42 0.83710 1.941298
43 0.85260 1.952082
44 0.86760 1.962134
45 0.87920 1.970076
46 0.88990 1.979593
47 0.90080 1.980218
48 0.91010 1.984221
49 0.91910 1.989512
