0 0.00020 nan
1 0.00070 inf
2 0.00200 inf
3 0.00360 inf
4 0.00530 inf
5 0.00820 2.029384
6 0.01190 1.959041
7 0.01820 1.602060
8 0.02480 1.589577
9 0.03310 1.585729
10 0.04050 1.593122
11 0.04980 1.656858
12 0.06080 1.671041
13 0.07290 1.691276
14 0.08920 1.727168
15 0.10530 1.754603
16 0.12290 1.767874
17 0.14230 1.763327
18 0.16520 1.785417
19 0.18770 1.780052
20 0.21350 1.805658
21 0.24080 1.796024
22 0.26860 1.806129
23 0.29940 1.811676
24 0.33440 1.823166
25 0.36820 1.818885
26 0.40140 1.826141
27 0.43360 1.831933
28 0.46440 1.835073
29 0.49750 1.843433
30 0.52880 1.855083
31 0.56110 1.862759
32 0.59150 1.867264
33 0.62080 1.876005
34 0.64790 1.890400
35 0.67610 1.891296
36 0.70580 1.893958
37 0.72730 1.901553
38 0.75070 1.911245
39 0.77520 1.918879
40 0.79850 1.923262
41 0.82020 1.923064
42 0.83710 1.921966
43 0.85260 1.926904
44 0.86760 1.934658
45 0.87920 1.936846
46 0.88990 1.942465
47 0.90080 1.946709
48 0.91010 1.949352
49 0.91910 1.952021
