0 0.00050 1.808534
1 0.00120 0.777722
2 0.00160 1.126984
3 0.00210 0.349262
4 0.00280 0.577271
5 0.00390 0.084253
6 0.00580 0.402082
7 0.00900 0.651178
8 0.01350 0.672455
9 0.02100 0.948225
10 0.02990 0.912070
11 0.04160 1.007951
12 0.05540 1.074234
13 0.07220 1.025259
14 0.08950 1.016519
15 0.10870 1.120201
16 0.13270 1.195987
17 0.15900 1.187388
18 0.18290 1.284790
19 0.21330 1.336666
20 0.24280 1.407800
21 0.27300 1.417810
22 0.30990 1.506539
23 0.34680 1.548191
24 0.38330 1.570909
25 0.42200 1.614435
26 0.46090 1.670847
27 0.49600 1.694865
28 0.52870 1.717245
29 0.56250 1.762500
30 0.59550 1.794888
31 0.62870 1.826417
32 0.66190 1.848778
33 0.69040 1.862536
34 0.71650 1.875562
35 0.74100 1.894497
36 0.76410 1.921007
37 0.78670 1.934118
38 0.80710 1.946943
39 0.82590 1.956548
40 0.84260 1.973199
41 0.85740 1.980422
42 0.87390 1.988466
43 0.88490 1.991549
44 0.89690 1.995013
45 0.90940 1.996125
46 0.91910 1.999022
47 0.92870 2.000832
48 0.93670 2.002823
49 0.94300 2.005708
