0 0.00050 0.602060
1 0.00120 1.380211
2 0.00160 1.230449
3 0.00210 1.311754
4 0.00280 1.431364
5 0.00390 1.498311
6 0.00580 1.550228
7 0.00900 1.755875
8 0.01350 1.676694
9 0.02100 1.873902
10 0.02990 1.582821
11 0.04160 1.559438
12 0.05540 1.595648
13 0.07220 1.647274
14 0.08950 1.654679
15 0.10870 1.700606
16 0.13270 1.766967
17 0.15900 1.713885
18 0.18290 1.712806
19 0.21330 1.720594
20 0.24280 1.747940
21 0.27300 1.761126
22 0.30990 1.783522
23 0.34680 1.768924
24 0.38330 1.769623
25 0.42200 1.786161
26 0.46090 1.802433
27 0.49600 1.810319
28 0.52870 1.818015
29 0.56250 1.828059
30 0.59550 1.846684
31 0.62870 1.850792
32 0.66190 1.864694
33 0.69040 1.876782
34 0.71650 1.887531
35 0.74100 1.893472
36 0.76410 1.896893
37 0.78670 1.897950
38 0.80710 1.896333
39 0.82590 1.902657
40 0.84260 1.910020
41 0.85740 1.916571
42 0.87390 1.919332
43 0.88490 1.924767
44 0.89690 1.927471
45 0.90940 1.932461
46 0.91910 1.936654
47 0.92870 1.942514
48 0.93670 1.946535
49 0.94300 1.949535
