0 0.00070 1.200000
1 0.00180 1.766015
2 0.00490 1.497357
3 0.00960 1.457542
4 0.01470 1.368549
5 0.02240 1.535772
6 0.03050 1.525012
7 0.04260 1.574758
8 0.05500 1.539736
9 0.06860 1.514625
10 0.08540 1.520727
11 0.10490 1.576245
12 0.12840 1.575203
13 0.15570 1.598815
14 0.18640 1.633403
15 0.21890 1.626739
16 0.25650 1.646174
17 0.29790 1.643004
18 0.33740 1.644636
19 0.38250 1.706078
20 0.42640 1.713048
21 0.46900 1.763924
22 0.51410 1.788931
23 0.55500 1.787277
24 0.59950 1.782730
25 0.64060 1.845369
26 0.68200 1.829802
27 0.71790 1.864294
28 0.75160 1.884426
29 0.78460 1.863616
30 0.81100 1.890565
31 0.83540 1.908325
32 0.85720 1.926387
33 0.87750 1.955212
34 0.89370 1.921756
35 0.90830 1.919867
36 0.91880 1.916015
37 0.93030 1.917704
38 0.94110 1.938231
39 0.94860 1.940001
40 0.95460 1.940469
41 0.96040 1.945546
42 0.96450 1.948589
43 0.96950 1.953049
44 0.97360 1.956365
45 0.97710 1.957640
46 0.98040 1.960801
47 0.98280 1.961886
48 0.98510 1.963626
49 0.98750 1.964426
