0 0.00070 inf
1 0.00180 inf
2 0.00490 inf
3 0.00960 1.973128
4 0.01470 2.232996
5 0.02240 2.153815
6 0.03050 1.960946
7 0.04260 2.075547
8 0.05500 1.960773
9 0.06860 1.926214
10 0.08540 1.994415
11 0.10490 1.998108
12 0.12840 2.019710
13 0.15570 1.981782
14 0.18640 1.963689
15 0.21890 1.923129
16 0.25650 1.910679
17 0.29790 1.894499
18 0.33740 1.911280
19 0.38250 1.930978
20 0.42640 1.911454
21 0.46900 1.915521
22 0.51410 1.923669
23 0.55500 1.932405
24 0.59950 1.934474
25 0.64060 1.947672
26 0.68200 1.948474
27 0.71790 1.951842
28 0.75160 1.944855
29 0.78460 1.950458
30 0.81100 1.956593
31 0.83540 1.957953
32 0.85720 1.956977
33 0.87750 1.959378
34 0.89370 1.961088
35 0.90830 1.963047
36 0.91880 1.967408
37 0.93030 1.968483
38 0.94110 1.967774
39 0.94860 1.971487
40 0.95460 1.973638
41 0.96040 1.973609
42 0.96450 1.974693
43 0.96950 1.973211
44 0.97360 1.975619
45 0.97710 1.975875
46 0.98040 1.978153
47 0.98280 1.980015
48 0.98510 1.980584
49 0.98750 1.981322
