0 0.04160 1.692205
1 0.08960 1.839164
2 0.13290 1.968808
3 0.16930 1.825011
4 0.20820 1.846781
5 0.24370 1.871661
6 0.27750 1.906357
7 0.30940 1.957814
8 0.33760 1.905810
9 0.36830 1.879849
10 0.39620 1.956725
11 0.42340 1.888085
12 0.45240 1.976920
13 0.48040 1.901403
14 0.50460 1.920492
15 0.52990 1.910594
16 0.55140 1.944135
17 0.57430 1.920719
18 0.59470 1.920753
19 0.61170 1.900310
20 0.62880 1.971962
21 0.64490 1.913957
22 0.66380 1.904093
23 0.67980 1.957102
24 0.69350 1.983965
25 0.70860 1.915916
26 0.72170 1.899466
27 0.73330 1.911380
28 0.74340 1.958775
29 0.75430 1.972405
30 0.76370 1.968512
31 0.77450 1.946998
32 0.78440 1.907686
33 0.79300 1.911416
34 0.80180 1.914764
35 0.80940 1.920053
36 0.81810 1.951650
37 0.82730 1.974579
38 0.83500 1.955912
39 0.84310 1.965514
40 0.85060 1.945733
41 0.85740 1.913885
42 0.86360 1.905912
43 0.86930 1.922457
44 0.87340 1.933414
45 0.87890 1.936671
46 0.88510 1.939247
47 0.88920 1.945249
48 0.89360 1.951487
49 0.89830 1.949122
