0 0.04160 inf
1 0.08960 2.005752
2 0.13290 1.760011
3 0.16930 1.959041
4 0.20820 1.959306
5 0.24370 1.976197
6 0.27750 1.917280
7 0.30940 1.911572
8 0.33760 1.921886
9 0.36830 1.927437
10 0.39620 1.913957
11 0.42340 1.936953
12 0.45240 1.940122
13 0.48040 1.946725
14 0.50460 1.948862
15 0.52990 1.939320
16 0.55140 1.944077
17 0.57430 1.942857
18 0.59470 1.959773
19 0.61170 1.969446
20 0.62880 1.956350
21 0.64490 1.954189
22 0.66380 1.967467
23 0.67980 1.973249
24 0.69350 1.986772
25 0.70860 1.999978
26 0.72170 1.991831
27 0.73330 1.994094
28 0.74340 1.991795
29 0.75430 1.992530
30 0.76370 1.995597
31 0.77450 2.001820
32 0.78440 2.000492
33 0.79300 2.002951
34 0.80180 2.008218
35 0.80940 2.005314
36 0.81810 2.001306
37 0.82730 2.007244
38 0.83500 2.009921
39 0.84310 2.004764
40 0.85060 2.002881
41 0.85740 2.008554
42 0.86360 2.013168
43 0.86930 2.009611
44 0.87340 2.010459
45 0.87890 2.014323
46 0.88510 2.008715
47 0.88920 2.009993
48 0.89360 2.012514
49 0.89830 2.016811
