0 0.00050 1.200000
1 0.00100 1.667970
2 0.00230 0.966015
3 0.00420 1.328771
4 0.00630 1.190101
5 0.01050 1.339169
6 0.01610 1.423129
7 0.02200 1.287395
8 0.03050 1.568359
9 0.04030 1.446188
10 0.05180 1.527364
11 0.06670 1.484299
12 0.08310 1.537158
13 0.10430 1.550082
14 0.12450 1.533421
15 0.14750 1.534584
16 0.17760 1.543805
17 0.21190 1.598535
18 0.25010 1.643482
19 0.29280 1.675597
20 0.33760 1.672540
21 0.38060 1.703934
22 0.42630 1.754175
23 0.47340 1.776028
24 0.51780 1.785032
25 0.56110 1.806669
26 0.60520 1.808515
27 0.64510 1.812373
28 0.68460 1.843694
29 0.72210 1.841407
30 0.75360 1.860046
31 0.78210 1.879380
32 0.80900 1.887903
33 0.83270 1.910806
34 0.85070 1.892167
35 0.87090 1.894989
36 0.88710 1.899547
37 0.90170 1.900428
38 0.91540 1.914188
39 0.92500 1.923881
40 0.93510 1.930258
41 0.94450 1.940414
42 0.95190 1.945381
43 0.95760 1.950327
44 0.96300 1.954532
45 0.96900 1.938383
46 0.97390 1.930216
47 0.97780 1.931316
48 0.98130 1.937940
49 0.98390 1.937124
