0 0.00050 inf
1 0.00100 inf
2 0.00230 inf
3 0.00420 1.146128
4 0.00630 1.322219
5 0.01050 1.383815
6 0.01610 1.579784
7 0.02200 1.517196
8 0.03050 1.597512
9 0.04030 1.625184
10 0.05180 1.665112
11 0.06670 1.693592
12 0.08310 1.675422
13 0.10430 1.694033
14 0.12450 1.711338
15 0.14750 1.712131
16 0.17760 1.751153
17 0.21190 1.768018
18 0.25010 1.798558
19 0.29280 1.811060
20 0.33760 1.821998
21 0.38060 1.864060
22 0.42630 1.855906
23 0.47340 1.856451
24 0.51780 1.871939
25 0.56110 1.887833
26 0.60520 1.890927
27 0.64510 1.880616
28 0.68460 1.885987
29 0.72210 1.897832
30 0.75360 1.907090
31 0.78210 1.909361
32 0.80900 1.917513
33 0.83270 1.925660
34 0.85070 1.932619
35 0.87090 1.932546
36 0.88710 1.936880
37 0.90170 1.940524
38 0.91540 1.947447
39 0.92500 1.953015
40 0.93510 1.955736
41 0.94450 1.955111
42 0.95190 1.956190
43 0.95760 1.954865
44 0.96300 1.957870
45 0.96900 1.960168
46 0.97390 1.961468
47 0.97780 1.962312
48 0.98130 1.963857
49 0.98390 1.964623
