0 0.00060 0.963296
1 0.00140 0.890084
2 0.00240 0.681550
3 0.00480 0.722729
4 0.00660 1.107409
5 0.01030 0.769687
6 0.01460 0.652060
7 0.02000 0.860984
8 0.02600 0.935633
9 0.03520 0.810148
10 0.04530 0.904134
11 0.05630 1.014092
12 0.06980 1.040959
13 0.08640 1.183053
14 0.10590 1.141011
15 0.12950 1.174650
16 0.15820 1.258084
17 0.18640 1.323108
18 0.21440 1.393291
19 0.24510 1.470724
20 0.27950 1.516975
21 0.30880 1.541546
22 0.33790 1.596664
23 0.37040 1.631831
24 0.40290 1.674116
25 0.43170 1.701207
26 0.46180 1.731450
27 0.48940 1.742223
28 0.51660 1.743551
29 0.54380 1.771814
30 0.57310 1.782858
31 0.60350 1.819159
32 0.63100 1.829771
33 0.65530 1.854542
34 0.67880 1.856509
35 0.70060 1.865557
36 0.72350 1.883182
37 0.74390 1.885955
38 0.76420 1.887658
39 0.78250 1.896836
40 0.79850 1.904453
41 0.81690 1.921688
42 0.83400 1.934732
43 0.84980 1.944073
44 0.86440 1.951388
45 0.87560 1.955275
46 0.88740 1.964162
47 0.89940 1.967333
48 0.90860 1.968846
49 0.91720 1.971783
