0 0.00060 inf
1 0.00140 inf
2 0.00240 inf
3 0.00480 1.819544
4 0.00660 1.991226
5 0.01030 1.584331
6 0.01460 1.557641
7 0.02000 1.549208
8 0.02600 1.509371
9 0.03520 1.603866
10 0.04530 1.670776
11 0.05630 1.725639
12 0.06980 1.759398
13 0.08640 1.763642
14 0.10590 1.707059
15 0.12950 1.734298
16 0.15820 1.748398
17 0.18640 1.778410
18 0.21440 1.776687
19 0.24510 1.770228
20 0.27950 1.757749
21 0.30880 1.755733
22 0.33790 1.769369
23 0.37040 1.786653
24 0.40290 1.808811
25 0.43170 1.815754
26 0.46180 1.842390
27 0.48940 1.848324
28 0.51660 1.852923
29 0.54380 1.867815
30 0.57310 1.873644
31 0.60350 1.879092
32 0.63100 1.879713
33 0.65530 1.886566
34 0.67880 1.896079
35 0.70060 1.900385
36 0.72350 1.906382
37 0.74390 1.907677
38 0.76420 1.916407
39 0.78250 1.922395
40 0.79850 1.928366
41 0.81690 1.937074
42 0.83400 1.936573
43 0.84980 1.939835
44 0.86440 1.947675
45 0.87560 1.952530
46 0.88740 1.957188
47 0.89940 1.961153
48 0.90860 1.964141
49 0.91720 1.967389
