0 0.04690 1.789660
1 0.08740 1.851309
2 0.12730 1.929112
3 0.16280 1.847631
4 0.19880 1.814240
5 0.23590 1.878683
6 0.26960 1.895387
7 0.30210 1.944340
8 0.33310 1.864067
9 0.36580 1.916715
10 0.39450 1.962992
11 0.41910 1.887386
12 0.44270 1.978061
13 0.46740 1.883368
14 0.49170 1.932396
15 0.51760 1.888235
16 0.54050 1.933453
17 0.55990 1.952712
18 0.58070 1.915562
19 0.59870 1.893588
20 0.61910 1.968936
21 0.63660 1.913780
22 0.65390 1.899212
23 0.67020 1.943265
24 0.68320 1.966295
25 0.69850 1.922768
26 0.71270 1.886430
27 0.72590 1.918006
28 0.73990 1.960963
29 0.75260 1.970330
30 0.76460 1.935971
31 0.77660 1.906504
32 0.78720 1.904776
33 0.79690 1.922863
34 0.80700 1.958627
35 0.81490 1.972857
36 0.82310 1.954971
37 0.83180 1.945321
38 0.83930 1.925769
39 0.84740 1.906271
40 0.85370 1.909139
41 0.85980 1.927350
42 0.86580 1.933675
43 0.87310 1.932609
44 0.87910 1.946618
45 0.88430 1.939767
46 0.88880 1.938848
47 0.89430 1.939535
48 0.89890 1.944334
49 0.90340 1.955777
