0 0.04690 inf
1 0.08740 1.737723
2 0.12730 1.999379
3 0.16280 2.189129
4 0.19880 2.126564
5 0.23590 2.066032
6 0.26960 2.064608
7 0.30210 2.068425
8 0.33310 2.086656
9 0.36580 2.094837
10 0.39450 2.049146
11 0.41910 2.009933
12 0.44270 2.022491
13 0.46740 2.035050
14 0.49170 2.012562
15 0.51760 2.008311
16 0.54050 1.997994
17 0.55990 1.989806
18 0.58070 1.985486
19 0.59870 1.976455
20 0.61910 1.966431
21 0.63660 1.972800
22 0.65390 1.974527
23 0.67020 1.981656
24 0.68320 1.979932
25 0.69850 1.983565
26 0.71270 1.973846
27 0.72590 1.974938
28 0.73990 1.988470
29 0.75260 1.989356
30 0.76460 1.991661
31 0.77660 1.989691
32 0.78720 1.993045
33 0.79690 1.986737
34 0.80700 1.995415
35 0.81490 1.992108
36 0.82310 1.987457
37 0.83180 1.992313
38 0.83930 1.992231
39 0.84740 1.991426
40 0.85370 1.992670
41 0.85980 1.991525
42 0.86580 1.989722
43 0.87310 1.986105
44 0.87910 1.986185
45 0.88430 1.989572
46 0.88880 1.992434
47 0.89430 1.989968
48 0.89890 1.990761
49 0.90340 1.991145
