0 0.04620 1.728372
1 0.08710 1.794813
2 0.12820 1.931241
3 0.16770 1.882888
4 0.20260 1.842727
5 0.23600 1.897254
6 0.27140 1.876539
7 0.30850 1.975035
8 0.34240 1.922555
9 0.37310 1.898449
10 0.40190 1.981128
11 0.43030 1.895790
12 0.45770 1.994563
13 0.48340 1.882726
14 0.50560 1.959394
15 0.52810 1.963653
16 0.54870 1.912381
17 0.56810 1.950785
18 0.58570 1.956318
19 0.60560 1.925968
20 0.62380 1.900814
21 0.64320 1.967822
22 0.65970 1.947347
23 0.67370 1.906931
24 0.68980 1.903925
25 0.70270 1.956552
26 0.71780 1.996761
27 0.73150 1.895219
28 0.74420 1.903572
29 0.75640 1.948920
30 0.76870 1.980395
31 0.77880 1.959993
32 0.78920 1.921748
33 0.79860 1.910027
34 0.80750 1.921974
35 0.81460 1.913826
36 0.82240 1.919251
37 0.83060 1.936956
38 0.83870 1.965288
39 0.84510 1.974247
40 0.85160 1.965088
41 0.85960 1.961778
42 0.86700 1.899584
43 0.87330 1.899194
44 0.87880 1.911813
45 0.88430 1.927076
46 0.88990 1.934544
47 0.89500 1.932973
48 0.89900 1.939993
49 0.90280 1.955001
