0 0.04620 inf
1 0.08710 2.469822
2 0.12820 2.115943
3 0.16770 2.142624
4 0.20260 2.249606
5 0.23600 2.186512
6 0.27140 2.074938
7 0.30850 2.059753
8 0.34240 2.061955
9 0.37310 2.028490
10 0.40190 2.028894
11 0.43030 2.063370
12 0.45770 2.089905
13 0.48340 2.094093
14 0.50560 2.097657
15 0.52810 2.085078
16 0.54870 2.083266
17 0.56810 2.088050
18 0.58570 2.077335
19 0.60560 2.074359
20 0.62380 2.089417
21 0.64320 2.079316
22 0.65970 2.069413
23 0.67370 2.064336
24 0.68980 2.072255
25 0.70270 2.066865
26 0.71780 2.050208
27 0.73150 2.044992
28 0.74420 2.027430
29 0.75640 2.030838
30 0.76870 2.023450
31 0.77880 2.025013
32 0.78920 2.030616
33 0.79860 2.031077
34 0.80750 2.031485
35 0.81460 2.028414
36 0.82240 2.027941
37 0.83060 2.026337
38 0.83870 2.025907
39 0.84510 2.026348
40 0.85160 2.029476
41 0.85960 2.026284
42 0.86700 2.029059
43 0.87330 2.025860
44 0.87880 2.026113
45 0.88430 2.023829
46 0.88990 2.024702
47 0.89500 2.023099
48 0.89900 2.026312
49 0.90280 2.028839
