0 0.04720 1.176878
1 0.09160 1.647059
2 0.12990 1.766713
3 0.17210 1.821597
4 0.21020 1.855215
5 0.24820 1.863498
6 0.28380 1.871734
7 0.31540 1.871734
8 0.34870 1.874469
9 0.37920 1.877199
10 0.40820 1.877199
11 0.43770 1.877199
12 0.46370 1.877199
13 0.48940 1.877199
14 0.51090 1.877199
15 0.53220 1.877199
16 0.55250 1.877199
17 0.57460 1.877199
18 0.59390 1.877199
19 0.61310 1.877199
20 0.63010 1.877199
21 0.64620 1.877199
22 0.66280 1.877199
23 0.67620 1.877199
24 0.69080 1.877199
25 0.70300 1.877199
26 0.71720 1.877199
27 0.73110 1.877199
28 0.74710 1.877199
29 0.75730 1.877199
30 0.76660 1.877199
31 0.77640 1.877199
32 0.78490 1.877199
33 0.79460 1.877199
34 0.80380 1.877199
35 0.81300 1.877199
36 0.82210 1.877199
37 0.83090 1.877199
38 0.83760 1.877199
39 0.84470 1.877199
40 0.85100 1.877199
41 0.85740 1.877199
42 0.86340 1.877199
43 0.86960 1.877199
44 0.87500 1.877199
45 0.88080 1.877199
46 0.88520 1.877199
47 0.89000 1.877199
48 0.89440 1.877199
49 0.89900 1.877199
