0 0.00180 0.000000
1 0.00600 0.096076
2 0.01780 0.389894
3 0.03650 0.551175
4 0.06050 0.706404
5 0.09290 0.931102
6 0.12700 1.066703
7 0.16250 1.199724
8 0.20460 1.366882
9 0.25030 1.518530
10 0.29610 1.609971
11 0.34050 1.667293
12 0.38360 1.732927
13 0.42310 1.773810
14 0.46460 1.816135
15 0.50410 1.851970
16 0.54220 1.878982
17 0.57510 1.904963
18 0.60790 1.923415
19 0.63780 1.934170
20 0.66650 1.945380
21 0.69020 1.952306
22 0.71610 1.961040
23 0.73930 1.969438
24 0.75850 1.972599
25 0.77770 1.978294
26 0.79360 1.983023
27 0.80860 1.982730
28 0.82300 1.983820
29 0.83640 1.984763
30 0.84890 1.984763
31 0.86150 1.988024
32 0.87100 1.988024
33 0.88230 1.988024
34 0.89200 1.987876
35 0.90080 1.988961
36 0.90950 1.990044
37 0.91710 1.992059
38 0.92390 1.993139
39 0.93010 1.994219
40 0.93580 1.991763
41 0.94110 1.991763
42 0.94490 1.991763
43 0.94950 1.991473
44 0.95290 1.990253
45 0.95600 1.991330
46 0.95960 1.991330
47 0.96210 1.991330
48 0.96490 1.991330
49 0.96710 1.991330
