0 0.00180 nan
1 0.00600 0.544068
2 0.01780 1.105510
3 0.03650 1.395451
4 0.06050 1.339294
5 0.09290 1.380728
6 0.12700 1.426186
7 0.16250 1.402652
8 0.20460 1.435935
9 0.25030 1.514361
10 0.29610 1.550436
11 0.34050 1.574726
12 0.38360 1.607291
13 0.42310 1.617019
14 0.46460 1.648380
15 0.50410 1.675167
16 0.54220 1.698369
17 0.57510 1.699257
18 0.60790 1.707232
19 0.63780 1.727175
20 0.66650 1.743024
21 0.69020 1.760477
22 0.71610 1.778072
23 0.73930 1.795095
24 0.75850 1.802648
25 0.77770 1.815838
26 0.79360 1.826075
27 0.80860 1.831288
28 0.82300 1.836965
29 0.83640 1.842099
30 0.84890 1.850371
31 0.86150 1.858722
32 0.87100 1.866926
33 0.88230 1.872559
34 0.89200 1.878587
35 0.90080 1.884848
36 0.90950 1.889743
37 0.91710 1.894337
38 0.92390 1.898296
39 0.93010 1.902430
40 0.93580 1.907029
41 0.94110 1.910771
42 0.94490 1.913863
43 0.94950 1.915486
44 0.95290 1.917823
45 0.95600 1.917695
46 0.95960 1.920167
47 0.96210 1.922276
48 0.96490 1.924184
49 0.96710 1.925856
