0 0.00030 0.000000
1 0.00050 0.000000
2 0.00100 0.800000
3 0.00230 1.200000
4 0.00460 1.271258
5 0.00700 1.717113
6 0.01120 1.280100
7 0.01590 1.303874
8 0.02200 1.335709
9 0.03080 1.451384
10 0.04290 1.426487
11 0.05780 1.589750
12 0.07270 1.595480
13 0.09100 1.577663
14 0.11110 1.566141
15 0.13790 1.630981
16 0.16500 1.630152
17 0.19300 1.647906
18 0.22630 1.624897
19 0.26190 1.674256
20 0.29970 1.719033
21 0.33650 1.680236
22 0.37500 1.721307
23 0.41630 1.741801
24 0.45920 1.762911
25 0.50000 1.779164
26 0.54400 1.791423
27 0.58530 1.832717
28 0.62400 1.828988
29 0.66180 1.835021
30 0.69840 1.864530
31 0.72630 1.851293
32 0.75640 1.842828
33 0.78670 1.864454
34 0.81110 1.893177
35 0.83570 1.906703
36 0.85610 1.896281
37 0.87370 1.893746
38 0.89130 1.895713
39 0.90440 1.890128
40 0.91760 1.909706
41 0.92640 1.917775
42 0.93590 1.933774
43 0.94410 1.939417
44 0.95160 1.944594
45 0.95660 1.944704
46 0.96390 1.948284
47 0.96830 1.950851
48 0.97240 1.949250
49 0.97650 1.951462
