0 0.00030 inf
1 0.00050 inf
2 0.00100 inf
3 0.00230 inf
4 0.00460 1.662758
5 0.00700 1.579784
6 0.01120 1.832509
7 0.01590 2.000000
8 0.02200 1.827692
9 0.03080 1.914872
10 0.04290 1.917111
11 0.05780 1.931119
12 0.07270 1.897304
13 0.09100 1.838607
14 0.11110 1.894965
15 0.13790 1.890774
16 0.16500 1.926740
17 0.19300 1.905796
18 0.22630 1.914696
19 0.26190 1.915643
20 0.29970 1.948595
21 0.33650 1.938728
22 0.37500 1.937103
23 0.41630 1.948780
24 0.45920 1.952833
25 0.50000 1.958165
26 0.54400 1.963923
27 0.58530 1.962955
28 0.62400 1.960951
29 0.66180 1.963125
30 0.69840 1.963289
31 0.72630 1.958279
32 0.75640 1.950437
33 0.78670 1.956479
34 0.81110 1.956230
35 0.83570 1.959723
36 0.85610 1.955601
37 0.87370 1.954160
38 0.89130 1.958880
39 0.90440 1.958976
40 0.91760 1.963583
41 0.92640 1.965965
42 0.93590 1.973190
43 0.94410 1.974490
44 0.95160 1.975516
45 0.95660 1.973763
46 0.96390 1.975479
47 0.96830 1.974293
48 0.97240 1.975917
49 0.97650 1.975385
