0 0.00030 0.000000
1 0.00050 0.000000
2 0.00080 1.200000
3 0.00140 1.501955
4 0.00250 1.106685
5 0.00430 1.539199
6 0.00630 1.590912
7 0.00950 1.473931
8 0.01360 1.376588
9 0.02070 1.301470
10 0.02970 1.461358
11 0.04090 1.470989
12 0.05300 1.577016
13 0.06600 1.534853
14 0.08550 1.514048
15 0.10670 1.516067
16 0.13380 1.515778
17 0.16260 1.541947
18 0.19810 1.613816
19 0.23360 1.634070
20 0.27200 1.670235
21 0.31800 1.677412
22 0.36690 1.717775
23 0.41510 1.748336
24 0.46590 1.794579
25 0.51790 1.790471
26 0.56580 1.806922
27 0.61420 1.835651
28 0.65890 1.844662
29 0.69830 1.840848
30 0.73520 1.892255
31 0.76830 1.862963
32 0.79440 1.890766
33 0.81780 1.897439
34 0.84230 1.907312
35 0.86400 1.943379
36 0.88280 1.909741
37 0.89800 1.900209
38 0.91000 1.910293
39 0.92000 1.917129
40 0.93010 1.916900
41 0.94010 1.911222
42 0.94780 1.917079
43 0.95490 1.932090
44 0.96010 1.937586
45 0.96570 1.939768
46 0.97120 1.949709
47 0.97510 1.955963
48 0.97820 1.957254
49 0.98130 1.960567
