0 0.00030 inf
1 0.00050 inf
2 0.00080 0.477121
3 0.00140 0.954243
4 0.00250 1.255273
5 0.00430 1.556303
6 0.00630 1.698970
7 0.00950 1.672098
8 0.01360 1.931966
9 0.02070 1.861833
10 0.02970 2.069113
11 0.04090 2.214844
12 0.05300 1.971276
13 0.06600 1.858042
14 0.08550 1.871776
15 0.10670 1.894079
16 0.13380 1.931581
17 0.16260 1.954490
18 0.19810 2.001281
19 0.23360 2.006795
20 0.27200 1.959041
21 0.31800 1.975317
22 0.36690 1.995732
23 0.41510 1.989705
24 0.46590 1.972316
25 0.51790 1.959683
26 0.56580 1.967375
27 0.61420 1.975444
28 0.65890 1.979410
29 0.69830 1.983955
30 0.73520 1.971958
31 0.76830 1.977450
32 0.79440 1.979718
33 0.81780 1.982505
34 0.84230 1.984617
35 0.86400 1.982142
36 0.88280 1.986979
37 0.89800 1.985406
38 0.91000 1.989300
39 0.92000 1.993604
40 0.93010 1.992456
41 0.94010 1.991860
42 0.94780 1.995513
43 0.95490 2.000121
44 0.96010 2.002130
45 0.96570 2.005967
46 0.97120 2.008577
47 0.97510 2.008202
48 0.97820 2.008833
49 0.98130 2.008693
