0 0.00170 0.089692
1 0.00820 0.231715
2 0.02050 0.368345
3 0.03850 0.553717
4 0.06520 0.808651
5 0.09230 0.974268
6 0.12650 1.144432
7 0.16420 1.302301
8 0.20770 1.414359
9 0.24930 1.496902
10 0.29020 1.606359
11 0.33430 1.677428
12 0.37550 1.738075
13 0.41760 1.801954
14 0.45830 1.836436
15 0.49610 1.864411
16 0.53260 1.901550
17 0.56910 1.920809
18 0.60280 1.942336
19 0.63510 1.950467
20 0.66670 1.967006
21 0.69400 1.976985
22 0.71780 1.979958
23 0.73860 1.986883
24 0.75880 1.989267
25 0.77840 1.991443
26 0.79490 1.993984
27 0.81170 1.997966
28 0.82660 1.998881
29 0.84120 2.002849
30 0.85450 2.004483
31 0.86680 2.004483
32 0.87750 2.004483
33 0.88630 2.004483
34 0.89440 2.004483
35 0.90210 2.006638
36 0.91070 2.007361
37 0.91770 2.009512
38 0.92390 2.009340
39 0.92910 2.009170
40 0.93320 2.009170
41 0.93710 2.009170
42 0.94210 2.009170
43 0.94570 2.007928
44 0.94990 2.009001
45 0.95440 2.007761
46 0.95750 2.007761
47 0.96070 2.007761
48 0.96240 2.007761
49 0.96410 2.007761
