0 0.00170 -0.000000
1 0.00820 0.954243
2 0.02050 1.194977
3 0.03850 1.326336
4 0.06520 1.422334
5 0.09230 1.361217
6 0.12650 1.443343
7 0.16420 1.465738
8 0.20770 1.502457
9 0.24930 1.544632
10 0.29020 1.538256
11 0.33430 1.577701
12 0.37550 1.609258
13 0.41760 1.617355
14 0.45830 1.650011
15 0.49610 1.677686
16 0.53260 1.699454
17 0.56910 1.720333
18 0.60280 1.728013
19 0.63510 1.749674
20 0.66670 1.762502
21 0.69400 1.777019
22 0.71780 1.791850
23 0.73860 1.803531
24 0.75880 1.818328
25 0.77840 1.826599
26 0.79490 1.836360
27 0.81170 1.845602
28 0.82660 1.858154
29 0.84120 1.867271
30 0.85450 1.878062
31 0.86680 1.889484
32 0.87750 1.894148
33 0.88630 1.900997
34 0.89440 1.907459
35 0.90210 1.913446
36 0.91070 1.918186
37 0.91770 1.922019
38 0.92390 1.926603
39 0.92910 1.929620
40 0.93320 1.932646
41 0.93710 1.935676
42 0.94210 1.939360
43 0.94570 1.942148
44 0.94990 1.945198
45 0.95440 1.947436
46 0.95750 1.949689
47 0.96070 1.951966
48 0.96240 1.953094
49 0.96410 1.954467
