0 0.04480 1.755007
1 0.08600 1.797312
2 0.12720 1.837138
3 0.16810 1.987290
4 0.20580 1.976871
5 0.24520 1.889011
6 0.27970 1.952480
7 0.31270 1.922138
8 0.34360 1.881329
9 0.37300 1.938483
10 0.40210 1.967641
11 0.42790 1.877751
12 0.45400 1.948584
13 0.48100 1.889418
14 0.50450 1.924394
15 0.52610 1.964460
16 0.54910 1.908253
17 0.56890 1.941933
18 0.58890 1.957801
19 0.60650 1.929938
20 0.62380 1.915459
21 0.64020 1.979039
22 0.65620 1.931729
23 0.67340 1.911388
24 0.68660 1.942915
25 0.70180 1.985050
26 0.71540 1.940088
27 0.72820 1.906252
28 0.74120 1.910612
29 0.75170 1.956642
30 0.76560 1.973865
31 0.77680 1.906681
32 0.78750 1.907473
33 0.79700 1.909804
34 0.80670 1.921930
35 0.81660 1.965677
36 0.82600 1.955092
37 0.83420 1.955642
38 0.84210 1.909010
39 0.84780 1.913724
40 0.85510 1.924471
41 0.86200 1.928251
42 0.86850 1.929403
43 0.87340 1.933701
44 0.87960 1.950362
45 0.88510 1.941258
46 0.89040 1.940770
47 0.89550 1.949483
48 0.90030 1.956450
49 0.90530 1.967766
