0 0.04480 1.913814
1 0.08600 1.966924
2 0.12720 2.168792
3 0.16810 2.425290
4 0.20580 2.259806
5 0.24520 2.168240
6 0.27970 2.022613
7 0.31270 2.029158
8 0.34360 2.022691
9 0.37300 1.990355
10 0.40210 1.971016
11 0.42790 1.987799
12 0.45400 1.994081
13 0.48100 2.008552
14 0.50450 2.011008
15 0.52610 2.007325
16 0.54910 1.997805
17 0.56890 1.998115
18 0.58890 1.999743
19 0.60650 2.002987
20 0.62380 1.999453
21 0.64020 1.995662
22 0.65620 1.993955
23 0.67340 1.987042
24 0.68660 1.996914
25 0.70180 1.985058
26 0.71540 1.992991
27 0.72820 1.987926
28 0.74120 1.989591
29 0.75170 1.976387
30 0.76560 1.972066
31 0.77680 1.964027
32 0.78750 1.967175
33 0.79700 1.971206
34 0.80670 1.972548
35 0.81660 1.974565
36 0.82600 1.976551
37 0.83420 1.968739
38 0.84210 1.974608
39 0.84780 1.976192
40 0.85510 1.974990
41 0.86200 1.978562
42 0.86850 1.977930
43 0.87340 1.980829
44 0.87960 1.981308
45 0.88510 1.981348
46 0.89040 1.979470
47 0.89550 1.978698
48 0.90030 1.979625
49 0.90530 1.977506
