0 0.00030 0.000000
1 0.00110 0.310112
2 0.00220 0.642471
3 0.00430 0.510014
4 0.00580 0.855801
5 0.00910 0.649575
6 0.01300 0.521756
7 0.01710 0.836844
8 0.02520 0.927263
9 0.03420 1.008026
10 0.04620 0.966866
11 0.05930 1.006566
12 0.07420 1.076725
13 0.09190 1.104949
14 0.11400 1.194733
15 0.13860 1.208698
16 0.16930 1.239953
17 0.20030 1.312810
18 0.23600 1.350112
19 0.27270 1.405482
20 0.31020 1.451504
21 0.34620 1.527866
22 0.38310 1.555225
23 0.41890 1.589846
24 0.45700 1.642925
25 0.49630 1.670402
26 0.53040 1.708236
27 0.56730 1.754441
28 0.59930 1.775135
29 0.63050 1.791436
30 0.66290 1.816161
31 0.69280 1.841548
32 0.71920 1.867435
33 0.74400 1.888761
34 0.76650 1.902822
35 0.78610 1.921518
36 0.80440 1.937044
37 0.82390 1.952798
38 0.84190 1.963525
39 0.85680 1.970949
40 0.87070 1.972849
41 0.88260 1.982717
42 0.89480 1.988541
43 0.90660 1.991646
44 0.91490 1.992372
45 0.92280 1.993296
46 0.93030 1.990494
47 0.93730 1.991578
48 0.94390 1.996115
49 0.94860 1.998997
