0 0.00030 nan
1 0.00110 inf
2 0.00220 1.361728
3 0.00430 1.832509
4 0.00580 1.724276
5 0.00910 1.618048
6 0.01300 1.544068
7 0.01710 1.584048
8 0.02520 1.493109
9 0.03420 1.487692
10 0.04620 1.576810
11 0.05930 1.581088
12 0.07420 1.609493
13 0.09190 1.620056
14 0.11400 1.680934
15 0.13860 1.694172
16 0.16930 1.737821
17 0.20030 1.774834
18 0.23600 1.794501
19 0.27270 1.774599
20 0.31020 1.805384
21 0.34620 1.806015
22 0.38310 1.820814
23 0.41890 1.844575
24 0.45700 1.846343
25 0.49630 1.856959
26 0.53040 1.859920
27 0.56730 1.862581
28 0.59930 1.882728
29 0.63050 1.882274
30 0.66290 1.894408
31 0.69280 1.889494
32 0.71920 1.897928
33 0.74400 1.904939
34 0.76650 1.910872
35 0.78610 1.914279
36 0.80440 1.919093
37 0.82390 1.924237
38 0.84190 1.925025
39 0.85680 1.932182
40 0.87070 1.940062
41 0.88260 1.945669
42 0.89480 1.950416
43 0.90660 1.951332
44 0.91490 1.954392
45 0.92280 1.959250
46 0.93030 1.957984
47 0.93730 1.958945
48 0.94390 1.962618
49 0.94860 1.965145
