0 0.00020 0.000000
1 0.00080 1.200000
2 0.00170 0.645884
3 0.00340 1.001339
4 0.00510 1.241315
5 0.00770 1.195292
6 0.01230 1.232886
7 0.01810 1.357930
8 0.02680 1.313140
9 0.03530 1.412267
10 0.04890 1.461655
11 0.06510 1.550084
12 0.08570 1.532821
13 0.10770 1.533808
14 0.13620 1.607593
15 0.16650 1.641190
16 0.19790 1.646117
17 0.23370 1.644431
18 0.27310 1.703869
19 0.31760 1.664413
20 0.36370 1.696503
21 0.40570 1.736771
22 0.45250 1.730246
23 0.50190 1.769643
24 0.54400 1.782389
25 0.58490 1.809637
26 0.62820 1.800106
27 0.66680 1.813671
28 0.70150 1.833404
29 0.73230 1.878804
30 0.76130 1.848213
31 0.79150 1.873061
32 0.81490 1.887857
33 0.83980 1.913657
34 0.85860 1.924016
35 0.87680 1.897930
36 0.89520 1.891638
37 0.91020 1.898319
38 0.91970 1.914457
39 0.92990 1.928225
40 0.93990 1.939539
41 0.94770 1.945944
42 0.95520 1.945434
43 0.96020 1.954036
44 0.96620 1.955748
45 0.97070 1.959858
46 0.97520 1.959243
47 0.97880 1.966984
48 0.98160 1.966662
49 0.98360 1.950765
