0 0.00020 nan
1 0.00080 inf
2 0.00170 1.146128
3 0.00340 1.278754
4 0.00510 1.585461
5 0.00770 1.350248
6 0.01230 1.372386
7 0.01810 1.483508
8 0.02680 1.563912
9 0.03530 1.691001
10 0.04890 1.662202
11 0.06510 1.698970
12 0.08570 1.735257
13 0.10770 1.756932
14 0.13620 1.839156
15 0.16650 1.875302
16 0.19790 1.856456
17 0.23370 1.865143
18 0.27310 1.908093
19 0.31760 1.909837
20 0.36370 1.907621
21 0.40570 1.920434
22 0.45250 1.911384
23 0.50190 1.920869
24 0.54400 1.917871
25 0.58490 1.927903
26 0.62820 1.933189
27 0.66680 1.956929
28 0.70150 1.959138
29 0.73230 1.961092
30 0.76130 1.965762
31 0.79150 1.966190
32 0.81490 1.962191
33 0.83980 1.957828
34 0.85860 1.958195
35 0.87680 1.953021
36 0.89520 1.952927
37 0.91020 1.951057
38 0.91970 1.953921
39 0.92990 1.954597
40 0.93990 1.958581
41 0.94770 1.963751
42 0.95520 1.962990
43 0.96020 1.967011
44 0.96620 1.969681
45 0.97070 1.973128
46 0.97520 1.974133
47 0.97880 1.974986
48 0.98160 1.975905
49 0.98360 1.976473
