1 0.00010 0.000000
2 0.02010 1.444410
3 0.04010 1.558464
4 0.06010 1.314681
5 0.08010 1.499339
6 0.10010 1.451254
7 0.12010 1.408321
8 0.14010 1.472887
9 0.16010 1.491089
10 0.18010 1.450359
11 0.20010 1.432476
12 0.22010 1.456215
13 0.24010 1.446208
14 0.26010 1.524449
15 0.28010 1.491247
16 0.30010 1.460019
17 0.32010 1.459403
18 0.34010 1.467403
19 0.36010 1.447323
20 0.38010 1.486356
21 0.40010 1.509836
22 0.42010 1.480683
23 0.44010 1.493119
24 0.46010 1.503693
25 0.48010 1.466413
26 0.50010 1.512755
27 0.52010 1.500379
28 0.54010 1.508653
29 0.56010 1.516827
30 0.58010 1.488703
31 0.60010 1.486189
32 0.62010 1.475948
33 0.64010 1.507711
34 0.66010 1.495289
35 0.68010 1.469223
36 0.70010 1.480649
37 0.72010 1.448237
38 0.74010 1.473525
39 0.76010 1.479246
40 0.78010 1.481406
41 0.80010 1.468161
42 0.82010 1.477877
43 0.84010 1.497909
44 0.86010 1.447127
45 0.88010 1.515928
46 0.90010 1.502617
47 0.92010 1.483137
48 0.94010 1.470799
49 0.96010 1.485170
50 0.98010 1.494940
