1 0.00010 nan
2 0.02010 inf
3 0.04010 1.054358
4 0.06010 1.662758
5 0.08010 2.245513
6 0.10010 2.135133
7 0.12010 2.619093
8 0.14010 2.085647
9 0.16010 1.964966
10 0.18010 2.269513
11 0.20010 2.284431
12 0.22010 1.928516
13 0.24010 2.088545
14 0.26010 1.815898
15 0.28010 1.869036
16 0.30010 2.018423
17 0.32010 1.841538
18 0.34010 2.102091
19 0.36010 1.951459
20 0.38010 1.913151
21 0.40010 2.011397
22 0.42010 2.035474
23 0.44010 1.994114
24 0.46010 2.022204
25 0.48010 1.898170
26 0.50010 2.063771
27 0.52010 2.012837
28 0.54010 2.029491
29 0.56010 2.008698
30 0.58010 2.053350
31 0.60010 2.067322
32 0.62010 1.984118
33 0.64010 2.058075
34 0.66010 2.002398
35 0.68010 2.021693
36 0.70010 1.939065
37 0.72010 1.981071
38 0.74010 2.010994
39 0.76010 2.015895
40 0.78010 1.974275
41 0.80010 2.042054
42 0.82010 2.005954
43 0.84010 2.033270
44 0.86010 1.983452
45 0.88010 1.995227
46 0.90010 1.930192
47 0.92010 2.011791
48 0.94010 2.027835
49 0.96010 1.982475
50 0.98010 1.995619
