0 0.00150 0.000000
1 0.00860 0.284605
2 0.02340 0.429502
3 0.04510 0.567230
4 0.07340 0.776385
5 0.10730 0.974491
6 0.14410 1.188874
7 0.18650 1.361389
8 0.22990 1.466356
9 0.27410 1.577794
10 0.31800 1.679066
11 0.36050 1.740260
12 0.40480 1.800575
13 0.44580 1.836222
14 0.48760 1.860554
15 0.52570 1.891196
16 0.56200 1.924730
17 0.59590 1.938508
18 0.62560 1.952131
19 0.65460 1.964917
20 0.68200 1.971018
21 0.70710 1.974895
22 0.73090 1.981103
23 0.75320 1.986399
24 0.77410 1.989143
25 0.79160 1.990796
26 0.80870 1.992607
27 0.82350 1.995337
28 0.83730 1.993431
29 0.85020 1.997391
30 0.86110 1.996158
31 0.87120 1.997235
32 0.88110 1.997235
33 0.88970 1.998311
34 0.89750 1.999035
35 0.90420 2.000111
36 0.91060 2.000111
37 0.91600 2.000111
38 0.92120 2.000111
39 0.92590 2.000111
40 0.93200 2.000111
41 0.93620 2.000834
42 0.94230 2.000834
43 0.94580 2.000834
44 0.94960 1.999603
45 0.95310 1.999603
46 0.95650 1.999603
47 0.95930 1.998374
48 0.96220 1.998374
49 0.96450 1.998374
