0 0.00150 nan
1 0.00860 1.041393
2 0.02340 1.004799
3 0.04510 1.286307
4 0.07340 1.377185
5 0.10730 1.468769
6 0.14410 1.516403
7 0.18650 1.532557
8 0.22990 1.541528
9 0.27410 1.554756
10 0.31800 1.591448
11 0.36050 1.627773
12 0.40480 1.673779
13 0.44580 1.696282
14 0.48760 1.715366
15 0.52570 1.734912
16 0.56200 1.763043
17 0.59590 1.781782
18 0.62560 1.804283
19 0.65460 1.813554
20 0.68200 1.827544
21 0.70710 1.845698
22 0.73090 1.856538
23 0.75320 1.871274
24 0.77410 1.885237
25 0.79160 1.897975
26 0.80870 1.904305
27 0.82350 1.914853
28 0.83730 1.925017
29 0.85020 1.929771
30 0.86110 1.937469
31 0.87120 1.942417
32 0.88110 1.948258
33 0.88970 1.952749
34 0.89750 1.954135
35 0.90420 1.956675
36 0.91060 1.961552
37 0.91600 1.964801
38 0.92120 1.968599
39 0.92590 1.969811
40 0.93200 1.972170
41 0.93620 1.974937
42 0.94230 1.979278
43 0.94580 1.981077
44 0.94960 1.982725
45 0.95310 1.985070
46 0.95650 1.986287
47 0.95930 1.988233
48 0.96220 1.989047
49 0.96450 1.990748
