1 0.00010 0.000000
2 0.02010 1.513636
3 0.04010 1.457572
4 0.06010 1.410136
5 0.08010 1.428125
6 0.10010 1.515902
7 0.12010 1.399478
8 0.14010 1.429120
9 0.16010 1.512534
10 0.18010 1.465911
11 0.20010 1.527527
12 0.22010 1.481360
13 0.24010 1.473999
14 0.26010 1.532060
15 0.28010 1.491096
16 0.30010 1.491425
17 0.32010 1.493740
18 0.34010 1.484300
19 0.36010 1.513986
20 0.38010 1.519217
21 0.40010 1.475937
22 0.42010 1.506095
23 0.44010 1.528176
24 0.46010 1.501406
25 0.48010 1.474631
26 0.50010 1.520964
27 0.52010 1.522950
28 0.54010 1.477984
29 0.56010 1.477362
30 0.58010 1.480886
31 0.60010 1.524298
32 0.62010 1.511389
33 0.64010 1.474357
34 0.66010 1.469712
35 0.68010 1.481869
36 0.70010 1.489811
37 0.72010 1.519865
38 0.74010 1.467121
39 0.76010 1.499156
40 0.78010 1.490502
41 0.80010 1.470281
42 0.82010 1.502630
43 0.84010 1.501410
44 0.86010 1.489393
45 0.88010 1.491060
46 0.90010 1.494070
47 0.92010 1.483024
48 0.94010 1.510017
49 0.96010 1.492934
50 0.98010 1.464045
