1 0.00010 nan
2 0.02010 inf
3 0.04010 inf
4 0.06010 inf
5 0.08010 1.821732
6 0.10010 2.170262
7 0.12010 1.843025
8 0.14010 1.861833
9 0.16010 1.816543
10 0.18010 1.986324
11 0.20010 2.144185
12 0.22010 2.188460
13 0.24010 2.062850
14 0.26010 2.116386
15 0.28010 2.061641
16 0.30010 1.973787
17 0.32010 1.886491
18 0.34010 1.863876
19 0.36010 2.015927
20 0.38010 2.053185
21 0.40010 1.972454
22 0.42010 1.919787
23 0.44010 1.947020
24 0.46010 2.048472
25 0.48010 1.989005
26 0.50010 2.005119
27 0.52010 1.986831
28 0.54010 2.089263
29 0.56010 1.966192
30 0.58010 2.119762
31 0.60010 2.043045
32 0.62010 1.956938
33 0.64010 1.993418
34 0.66010 1.983237
35 0.68010 2.032759
36 0.70010 1.979419
37 0.72010 1.970841
38 0.74010 1.969256
39 0.76010 1.987666
40 0.78010 1.973724
41 0.80010 1.974673
42 0.82010 2.016895
43 0.84010 2.029982
44 0.86010 1.985884
45 0.88010 2.007146
46 0.90010 1.978117
47 0.92010 2.001847
48 0.94010 1.978672
49 0.96010 2.005205
50 0.98010 1.997929
