0 0.00068 0.192332
1 0.00217 0.508197
2 0.00461 0.728926
3 0.00817 0.932975
4 0.01289 1.169477
5 0.01872 1.392008
6 0.02560 1.553518
7 0.03334 1.677870
8 0.04228 1.786290
9 0.05211 1.864572
10 0.06311 1.908258
11 0.07477 1.946362
12 0.08709 1.965177
13 0.10036 1.980354
14 0.11399 1.989384
15 0.12804 1.991101
16 0.14261 1.991530
17 0.15769 1.992817
18 0.17325 1.993246
19 0.18898 1.993246
20 0.20515 1.993246
21 0.22140 1.993246
22 0.23793 1.993246
23 0.25433 1.993246
24 0.27072 1.993246
25 0.28724 1.993246
26 0.30365 1.993246
27 0.32025 1.993246
28 0.33658 1.993246
29 0.35290 1.993246
30 0.36908 1.993246
31 0.38520 1.993246
32 0.40100 1.993246
33 0.41657 1.993246
34 0.43186 1.993246
35 0.44700 1.993246
36 0.46207 1.993246
37 0.47670 1.993246
38 0.49115 1.993246
39 0.50524 1.993246
40 0.51919 1.993246
41 0.53304 1.993246
42 0.54619 1.993246
43 0.55909 1.993246
44 0.57173 1.993246
45 0.58394 1.993246
46 0.59619 1.993246
47 0.60808 1.993246
48 0.61940 1.993246
49 0.63059 1.993246
0 0.00068 0.090198
1 0.00217 0.216972
2 0.00461 0.325790
3 0.00817 0.446583
4 0.01289 0.561281
5 0.01872 0.678660
6 0.02560 0.798567
7 0.03334 0.913824
8 0.04228 1.023306
9 0.05211 1.130398
10 0.06311 1.234608
11 0.07477 1.328374
12 0.08709 1.412407
13 0.10036 1.489160
14 0.11399 1.560217
15 0.12804 1.621012
16 0.14261 1.675477
17 0.15769 1.723558
18 0.17325 1.764788
19 0.18898 1.801327
20 0.20515 1.831322
21 0.22140 1.858858
22 0.23793 1.881668
23 0.25433 1.901366
24 0.27072 1.917967
25 0.28724 1.932750
26 0.30365 1.945255
27 0.32025 1.955659
28 0.33658 1.963928
29 0.35290 1.971384
30 0.36908 1.977688
31 0.38520 1.983041
32 0.40100 1.987266
33 0.41657 1.991208
34 0.43186 1.994575
35 0.44700 1.997263
36 0.46207 1.999491
37 0.47670 2.001045
38 0.49115 2.002999
39 0.50524 2.004362
40 0.51919 2.005564
41 0.53304 2.006712
42 0.54619 2.007832
43 0.55909 2.008579
44 0.57173 2.009058
45 0.58394 2.009564
46 0.59619 2.009777
47 0.60808 2.010150
48 0.61940 2.010363
49 0.63059 2.010682
