0 0.00260 0.000000
1 0.01150 0.242878
2 0.02700 0.552049
3 0.05090 0.752969
4 0.07980 0.923213
5 0.11520 1.082698
6 0.15540 1.253394
7 0.20000 1.375997
8 0.24280 1.494601
9 0.28700 1.606400
10 0.32890 1.681259
11 0.37070 1.743288
12 0.41160 1.798988
13 0.45080 1.836056
14 0.49000 1.866687
15 0.52510 1.897313
16 0.56090 1.917328
17 0.59480 1.936689
18 0.62600 1.952761
19 0.65600 1.960603
20 0.68270 1.969704
21 0.70700 1.975243
22 0.72970 1.976973
23 0.75190 1.981371
24 0.77240 1.987776
25 0.78920 1.991047
26 0.80690 1.996852
27 0.82200 2.000660
28 0.83540 2.002823
29 0.84890 2.003548
30 0.86080 2.002295
31 0.87140 2.002125
32 0.88200 2.003404
33 0.88960 2.001992
34 0.89740 2.003070
35 0.90650 2.001828
36 0.91310 2.001828
37 0.92050 2.001828
38 0.92650 2.002905
39 0.93160 2.002905
40 0.93640 2.002905
41 0.94190 2.001665
42 0.94660 2.001665
43 0.95100 2.001665
44 0.95410 2.003465
45 0.95750 2.003465
46 0.96030 2.004540
47 0.96340 2.004540
48 0.96620 2.005615
49 0.96980 2.005615
