0 0.00260 nan
1 0.01150 1.021189
2 0.02700 1.255273
3 0.05090 1.361728
4 0.07980 1.412880
5 0.11520 1.354404
6 0.15540 1.391724
7 0.20000 1.458365
8 0.24280 1.470221
9 0.28700 1.481715
10 0.32890 1.510419
11 0.37070 1.549084
12 0.41160 1.594615
13 0.45080 1.624623
14 0.49000 1.652095
15 0.52510 1.666970
16 0.56090 1.698533
17 0.59480 1.724117
18 0.62600 1.746263
19 0.65600 1.766202
20 0.68270 1.783378
21 0.70700 1.796693
22 0.72970 1.810221
23 0.75190 1.827836
24 0.77240 1.835203
25 0.78920 1.847321
26 0.80690 1.861128
27 0.82200 1.869510
28 0.83540 1.876070
29 0.84890 1.887208
30 0.86080 1.893484
31 0.87140 1.899638
32 0.88200 1.907098
33 0.88960 1.912474
34 0.89740 1.917584
35 0.90650 1.922640
36 0.91310 1.926753
37 0.92050 1.932748
38 0.92650 1.937181
39 0.93160 1.940879
40 0.93640 1.941591
41 0.94190 1.945050
42 0.94660 1.948609
43 0.95100 1.951775
44 0.95410 1.954170
45 0.95750 1.956493
46 0.96030 1.957766
47 0.96340 1.960313
48 0.96620 1.961291
49 0.96980 1.962791
