0 0.04520 1.642407
1 0.08610 1.772405
2 0.12790 1.915532
3 0.16700 1.909181
4 0.20400 1.833763
5 0.23630 1.873330
6 0.27260 1.947955
7 0.30300 1.908173
8 0.33150 1.899512
9 0.36350 1.963679
10 0.39160 1.908150
11 0.42210 1.887969
12 0.44730 1.943117
13 0.47130 1.958514
14 0.49570 1.924665
15 0.52070 1.940377
16 0.54140 1.911281
17 0.56320 1.940310
18 0.58340 1.955226
19 0.60450 1.933511
20 0.62270 1.921922
21 0.63940 1.977616
22 0.65550 1.916914
23 0.66770 1.904428
24 0.68240 1.928724
25 0.69530 1.959784
26 0.70890 1.991843
27 0.72040 1.909630
28 0.73250 1.902778
29 0.74420 1.913200
30 0.75750 1.972117
31 0.76820 1.980950
32 0.77910 1.947664
33 0.78850 1.908959
34 0.79860 1.921390
35 0.80800 1.924824
36 0.81780 1.932473
37 0.82570 1.976013
38 0.83260 1.978477
39 0.83860 1.966268
40 0.84720 1.965279
41 0.85400 1.961039
42 0.86020 1.948319
43 0.86600 1.910308
44 0.87050 1.914389
45 0.87690 1.928915
46 0.88330 1.940302
47 0.88830 1.940646
48 0.89320 1.941372
49 0.89780 1.943159
