0 0.04520 1.568202
1 0.08610 1.924279
2 0.12790 1.743937
3 0.16700 1.843440
4 0.20400 1.830282
5 0.23630 1.926137
6 0.27260 1.988005
7 0.30300 2.015064
8 0.33150 1.991535
9 0.36350 2.023938
10 0.39160 1.984047
11 0.42210 1.984369
12 0.44730 1.981535
13 0.47130 1.993310
14 0.49570 2.013844
15 0.52070 2.011305
16 0.54140 2.009902
17 0.56320 1.999018
18 0.58340 2.005239
19 0.60450 2.002549
20 0.62270 2.016861
21 0.63940 2.008273
22 0.65550 2.003985
23 0.66770 1.992701
24 0.68240 1.993915
25 0.69530 1.989685
26 0.70890 1.993846
27 0.72040 1.995078
28 0.73250 1.989201
29 0.74420 1.987073
30 0.75750 1.983454
31 0.76820 1.979082
32 0.77910 1.982491
33 0.78850 1.991172
34 0.79860 1.991993
35 0.80800 1.994023
36 0.81780 1.995469
37 0.82570 1.995521
38 0.83260 1.999663
39 0.83860 1.999115
40 0.84720 2.005391
41 0.85400 2.010160
42 0.86020 2.010498
43 0.86600 2.011830
44 0.87050 2.013248
45 0.87690 2.013778
46 0.88330 2.009442
47 0.88830 2.008318
48 0.89320 2.010361
49 0.89780 2.007427
