0 0.00180 0.084253
1 0.00730 0.084243
2 0.02040 0.341836
3 0.04250 0.628363
4 0.06940 0.828600
5 0.09990 0.961143
6 0.13390 1.078405
7 0.17090 1.253264
8 0.21240 1.385144
9 0.25700 1.503030
10 0.30650 1.618592
11 0.34900 1.710230
12 0.39000 1.771585
13 0.43050 1.811175
14 0.47240 1.852254
15 0.51030 1.882800
16 0.54690 1.901735
17 0.58130 1.930130
18 0.61090 1.951691
19 0.64390 1.966705
20 0.67310 1.976643
21 0.70180 1.977924
22 0.72700 1.979748
23 0.74830 1.982664
24 0.76970 1.984847
25 0.78640 1.992462
26 0.80370 1.993247
27 0.82020 1.990340
28 0.83440 1.992351
29 0.84630 1.995235
30 0.85760 1.996314
31 0.86870 1.997391
32 0.88020 1.999193
33 0.89080 2.002067
34 0.90090 2.002067
35 0.90880 2.002067
36 0.91680 2.002067
37 0.92230 2.002067
38 0.92930 2.002067
39 0.93390 2.002067
40 0.93960 2.002067
41 0.94340 2.002067
42 0.94730 2.002067
43 0.95170 2.002067
44 0.95500 2.002067
45 0.95820 2.002067
46 0.96090 2.002067
47 0.96500 2.002067
48 0.96750 2.002067
49 0.97050 2.002067
