0 0.00180 inf
1 0.00730 0.602060
2 0.02040 1.406540
3 0.04250 1.301030
4 0.06940 1.292597
5 0.09990 1.346258
6 0.13390 1.420406
7 0.17090 1.461988
8 0.21240 1.496728
9 0.25700 1.545013
10 0.30650 1.572097
11 0.34900 1.612529
12 0.39000 1.650713
13 0.43050 1.669353
14 0.47240 1.706413
15 0.51030 1.712984
16 0.54690 1.727273
17 0.58130 1.748298
18 0.61090 1.765959
19 0.64390 1.780287
20 0.67310 1.787031
21 0.70180 1.802764
22 0.72700 1.817138
23 0.74830 1.829807
24 0.76970 1.836050
25 0.78640 1.847917
26 0.80370 1.860800
27 0.82020 1.871240
28 0.83440 1.877602
29 0.84630 1.885964
30 0.85760 1.892052
31 0.86870 1.901025
32 0.88020 1.907296
33 0.89080 1.912676
34 0.90090 1.916822
35 0.90880 1.916259
36 0.91680 1.919232
37 0.92230 1.921528
38 0.92930 1.923879
39 0.93390 1.927328
40 0.93960 1.931426
41 0.94340 1.933974
42 0.94730 1.936871
43 0.95170 1.940387
44 0.95500 1.942344
45 0.95820 1.944602
46 0.96090 1.946789
47 0.96500 1.949791
48 0.96750 1.951448
49 0.97050 1.953823
