0 0.00060 0.155056
1 0.00140 0.000000
2 0.00290 0.185574
3 0.00550 0.457743
4 0.00930 0.691785
5 0.01510 0.748185
6 0.02180 0.890886
7 0.02880 0.885588
8 0.03850 0.967944
9 0.04820 1.136152
10 0.05820 1.061396
11 0.06970 1.140046
12 0.08460 1.203027
13 0.10490 1.214634
14 0.12270 1.262186
15 0.14630 1.310068
16 0.16790 1.271422
17 0.19130 1.333125
18 0.21600 1.385934
19 0.24370 1.451823
20 0.27020 1.498438
21 0.29730 1.524079
22 0.32710 1.544352
23 0.35520 1.581004
24 0.38600 1.625776
25 0.41620 1.661597
26 0.44700 1.674648
27 0.48040 1.685438
28 0.50880 1.719060
29 0.53640 1.757169
30 0.56410 1.769096
31 0.59210 1.795311
32 0.61810 1.825989
33 0.64280 1.847366
34 0.66650 1.860164
35 0.68750 1.869708
36 0.70880 1.878910
37 0.72870 1.893230
38 0.74720 1.902025
39 0.76500 1.902581
40 0.78190 1.910873
41 0.79890 1.919301
42 0.81670 1.924557
43 0.83140 1.941638
44 0.84570 1.942613
45 0.85830 1.946888
46 0.87130 1.944560
47 0.88410 1.950866
48 0.89300 1.953185
49 0.90250 1.959307
