0 0.00060 0.477121
1 0.00140 0.602060
2 0.00290 1.021189
3 0.00550 1.409369
4 0.00930 1.620656
5 0.01510 1.594235
6 0.02180 1.724276
7 0.02880 1.759324
8 0.03850 1.790520
9 0.04820 1.792742
10 0.05820 1.737631
11 0.06970 1.700795
12 0.08460 1.725608
13 0.10490 1.777412
14 0.12270 1.794264
15 0.14630 1.815204
16 0.16790 1.822115
17 0.19130 1.859617
18 0.21600 1.896185
19 0.24370 1.881898
20 0.27020 1.893421
21 0.29730 1.900482
22 0.32710 1.913403
23 0.35520 1.915276
24 0.38600 1.905728
25 0.41620 1.903560
26 0.44700 1.902714
27 0.48040 1.916215
28 0.50880 1.907167
29 0.53640 1.916255
30 0.56410 1.920687
31 0.59210 1.934706
32 0.61810 1.937779
33 0.64280 1.940903
34 0.66650 1.935261
35 0.68750 1.937905
36 0.70880 1.945876
37 0.72870 1.946190
38 0.74720 1.948053
39 0.76500 1.951297
40 0.78190 1.955853
41 0.79890 1.962353
42 0.81670 1.965363
43 0.83140 1.967489
44 0.84570 1.971645
45 0.85830 1.973994
46 0.87130 1.974980
47 0.88410 1.978115
48 0.89300 1.979520
49 0.90250 1.981330
