0 0.04850 1.694820
1 0.09380 1.861707
2 0.13360 1.889777
3 0.17180 1.811111
4 0.20870 1.855669
5 0.24740 1.876849
6 0.28140 1.872518
7 0.31430 1.971645
8 0.34460 1.877175
9 0.37390 1.933556
10 0.40140 1.955406
11 0.42840 1.891696
12 0.45170 1.956526
13 0.47600 1.893065
14 0.49820 1.916698
15 0.52270 1.948937
16 0.54690 1.914179
17 0.57000 1.961415
18 0.59180 1.921520
19 0.61220 1.918990
20 0.63140 1.968154
21 0.64920 1.970142
22 0.66390 1.908517
23 0.67880 1.906930
24 0.69150 1.952594
25 0.70390 1.972838
26 0.71590 1.971167
27 0.72960 1.900058
28 0.74060 1.900618
29 0.74890 1.921121
30 0.76200 1.975040
31 0.77300 1.981981
32 0.78110 1.955922
33 0.79140 1.938002
34 0.79950 1.914857
35 0.80970 1.920185
36 0.81800 1.921172
37 0.82710 1.935180
38 0.83290 1.964157
39 0.84040 1.971532
40 0.84800 1.962466
41 0.85400 1.962505
42 0.86220 1.932851
43 0.86880 1.904942
44 0.87480 1.909530
45 0.88050 1.926598
46 0.88600 1.933699
47 0.89160 1.938521
48 0.89600 1.937626
49 0.90000 1.944916
