0 0.04850 inf
1 0.09380 2.523746
2 0.13360 2.539703
3 0.17180 2.211044
4 0.20870 2.070829
5 0.24740 2.195900
6 0.28140 2.143157
7 0.31430 2.195900
8 0.34460 2.139879
9 0.37390 2.135663
10 0.40140 2.086502
11 0.42840 2.092733
12 0.45170 2.072165
13 0.47600 2.062582
14 0.49820 2.078763
15 0.52270 2.103635
16 0.54690 2.088983
17 0.57000 2.069492
18 0.59180 2.083372
19 0.61220 2.071151
20 0.63140 2.080386
21 0.64920 2.074491
22 0.66390 2.083487
23 0.67880 2.070472
24 0.69150 2.073671
25 0.70390 2.072089
26 0.71590 2.060520
27 0.72960 2.047596
28 0.74060 2.048533
29 0.74890 2.049421
30 0.76200 2.049512
31 0.77300 2.045380
32 0.78110 2.035923
33 0.79140 2.043317
34 0.79950 2.042121
35 0.80970 2.041998
36 0.81800 2.036125
37 0.82710 2.036715
38 0.83290 2.033391
39 0.84040 2.029271
40 0.84800 2.025385
41 0.85400 2.021687
42 0.86220 2.026588
43 0.86880 2.027050
44 0.87480 2.020731
45 0.88050 2.017121
46 0.88600 2.019852
47 0.89160 2.017945
48 0.89600 2.019123
49 0.90000 2.016991
