0 0.04820 1.677051
1 0.09200 1.814301
2 0.13440 1.962651
3 0.17470 1.849894
4 0.21080 1.864013
5 0.24250 1.866567
6 0.27810 1.884468
7 0.31270 1.968179
8 0.34430 1.924639
9 0.37310 1.906855
10 0.39830 1.961458
11 0.42270 1.883957
12 0.44940 1.970402
13 0.47430 1.882090
14 0.49780 1.927565
15 0.52170 1.960105
16 0.54200 1.905084
17 0.56310 1.944885
18 0.58560 1.959579
19 0.60410 1.931727
20 0.62050 1.906741
21 0.64100 1.970134
22 0.65750 1.921786
23 0.67060 1.901570
24 0.68670 1.921847
25 0.70120 1.957476
26 0.71360 1.979793
27 0.72670 1.929845
28 0.73930 1.902481
29 0.75080 1.908900
30 0.76190 1.952689
31 0.77150 1.974746
32 0.78340 1.986469
33 0.79420 1.954179
34 0.80280 1.915867
35 0.81130 1.926638
36 0.81930 1.924682
37 0.82780 1.929767
38 0.83540 1.934376
39 0.84460 1.973368
40 0.85170 1.963445
41 0.85870 1.964017
42 0.86440 1.962935
43 0.87000 1.922978
44 0.87650 1.913413
45 0.88110 1.928027
46 0.88640 1.928713
47 0.89070 1.934754
48 0.89560 1.940385
49 0.90020 1.942601
