0 0.04820 inf
1 0.09200 2.202761
2 0.13440 1.934498
3 0.17470 1.966322
4 0.21080 1.943989
5 0.24250 1.935059
6 0.27810 1.950966
7 0.31270 1.957676
8 0.34430 1.982365
9 0.37310 2.002406
10 0.39830 1.978497
11 0.42270 1.977849
12 0.44940 1.964065
13 0.47430 1.984677
14 0.49780 1.983230
15 0.52170 2.002581
16 0.54200 1.989542
17 0.56310 2.004606
18 0.58560 2.009589
19 0.60410 2.006143
20 0.62050 1.995050
21 0.64100 1.979592
22 0.65750 1.991252
23 0.67060 1.988529
24 0.68670 1.985149
25 0.70120 1.990514
26 0.71360 1.988838
27 0.72670 1.994740
28 0.73930 1.996545
29 0.75080 2.003801
30 0.76190 2.007607
31 0.77150 2.008980
32 0.78340 2.016168
33 0.79420 2.016693
34 0.80280 2.018511
35 0.81130 2.013903
36 0.81930 2.010101
37 0.82780 2.007942
38 0.83540 2.014456
39 0.84460 2.009975
40 0.85170 2.012139
41 0.85870 2.016042
42 0.86440 2.012234
43 0.87000 2.010166
44 0.87650 2.010365
45 0.88110 2.008891
46 0.88640 2.010760
47 0.89070 2.009141
48 0.89560 2.010703
49 0.90020 2.010821
