0 0.00020 0.000000
1 0.00050 0.000000
2 0.00110 1.667970
3 0.00260 0.879869
4 0.00420 1.149788
5 0.00860 1.532030
6 0.01430 1.451232
7 0.02270 1.544143
8 0.03270 1.470523
9 0.04490 1.499344
10 0.05950 1.580559
11 0.07680 1.504038
12 0.09300 1.587820
13 0.11110 1.593978
14 0.13280 1.608485
15 0.15740 1.620119
16 0.18510 1.621812
17 0.21950 1.656429
18 0.25390 1.660948
19 0.29230 1.686830
20 0.33320 1.713947
21 0.37540 1.692557
22 0.41900 1.728000
23 0.46450 1.721904
24 0.51150 1.748783
25 0.55610 1.765239
26 0.60080 1.794079
27 0.64270 1.831169
28 0.68490 1.824026
29 0.72100 1.873421
30 0.75450 1.872838
31 0.78410 1.873662
32 0.81230 1.895872
33 0.83670 1.927073
34 0.85790 1.943927
35 0.87650 1.894145
36 0.89190 1.903460
37 0.90490 1.908478
38 0.91750 1.902420
39 0.92740 1.907560
40 0.93650 1.929674
41 0.94570 1.948754
42 0.95280 1.951645
43 0.95970 1.951479
44 0.96560 1.951954
45 0.97050 1.957352
46 0.97500 1.961357
47 0.97750 1.962116
48 0.98030 1.964185
49 0.98360 1.962444
