0 0.00020 nan
1 0.00050 -0.000000
2 0.00110 0.301030
3 0.00260 1.255273
4 0.00420 1.462398
5 0.00860 1.380211
6 0.01430 1.704722
7 0.02270 1.841985
8 0.03270 1.780857
9 0.04490 1.849587
10 0.05950 1.873514
11 0.07680 1.807873
12 0.09300 1.814205
13 0.11110 1.860162
14 0.13280 1.882714
15 0.15740 1.934017
16 0.18510 1.901508
17 0.21950 1.926163
18 0.25390 1.920864
19 0.29230 1.935658
20 0.33320 1.923639
21 0.37540 1.902702
22 0.41900 1.920819
23 0.46450 1.925611
24 0.51150 1.924279
25 0.55610 1.911424
26 0.60080 1.928176
27 0.64270 1.934081
28 0.68490 1.947922
29 0.72100 1.943028
30 0.75450 1.945255
31 0.78410 1.949473
32 0.81230 1.949437
33 0.83670 1.946130
34 0.85790 1.946182
35 0.87650 1.949904
36 0.89190 1.955134
37 0.90490 1.960282
38 0.91750 1.963930
39 0.92740 1.967900
40 0.93650 1.970494
41 0.94570 1.969771
42 0.95280 1.971617
43 0.95970 1.972471
44 0.96560 1.975763
45 0.97050 1.974458
46 0.97500 1.974611
47 0.97750 1.974267
48 0.98030 1.975201
49 0.98360 1.974715
