0 0.04490 1.731193
1 0.08620 1.821939
2 0.12690 1.916628
3 0.16640 1.981624
4 0.20450 1.810591
5 0.23850 1.861825
6 0.27010 1.949675
7 0.30420 1.922896
8 0.33510 1.896628
9 0.36490 1.979348
10 0.39540 1.941702
11 0.42140 1.875282
12 0.44870 1.943415
13 0.47450 1.899183
14 0.49570 1.925996
15 0.51940 1.954358
16 0.54060 1.899357
17 0.55980 1.937326
18 0.57930 1.958093
19 0.59630 1.923094
20 0.61360 1.897194
21 0.62890 1.954270
22 0.64490 1.984479
23 0.66170 1.921731
24 0.67500 1.917438
25 0.68830 1.945896
26 0.70430 1.990903
27 0.71720 1.928872
28 0.73060 1.898062
29 0.74300 1.917345
30 0.75400 1.973629
31 0.76620 1.981612
32 0.77670 1.950869
33 0.78800 1.911506
34 0.79980 1.915572
35 0.80740 1.922016
36 0.81490 1.922775
37 0.82340 1.960650
38 0.83150 1.975060
39 0.83950 1.960834
40 0.84610 1.968652
41 0.85270 1.959803
42 0.85880 1.897420
43 0.86550 1.909513
44 0.87190 1.927151
45 0.87770 1.936338
46 0.88270 1.936584
47 0.88730 1.936243
48 0.89200 1.949104
49 0.89590 1.945952
