0 0.04490 inf
1 0.08620 2.214844
2 0.12690 2.349601
3 0.16640 2.131137
4 0.20450 2.177668
5 0.23850 2.075163
6 0.27010 2.020729
7 0.30420 2.048976
8 0.33510 2.071981
9 0.36490 2.083369
10 0.39540 2.065105
11 0.42140 2.061264
12 0.44870 2.042503
13 0.47450 2.028988
14 0.49570 2.035384
15 0.51940 2.024394
16 0.54060 2.045936
17 0.55980 2.036429
18 0.57930 2.026404
19 0.59630 2.028321
20 0.61360 2.021307
21 0.62890 2.023506
22 0.64490 2.019960
23 0.66170 2.028419
24 0.67500 2.024060
25 0.68830 2.025212
26 0.70430 2.017552
27 0.71720 2.023829
28 0.73060 2.018813
29 0.74300 2.016347
30 0.75400 2.006721
31 0.76620 2.000476
32 0.77670 1.995098
33 0.78800 1.996014
34 0.79980 1.992964
35 0.80740 1.993119
36 0.81490 1.997832
37 0.82340 1.998484
38 0.83150 1.997613
39 0.83950 1.996001
40 0.84610 1.995198
41 0.85270 1.997116
42 0.85880 1.995969
43 0.86550 1.996488
44 0.87190 1.996077
45 0.87770 1.994751
46 0.88270 1.989780
47 0.88730 1.992776
48 0.89200 1.991817
49 0.89590 1.988447
