0 0.00002 nan
1 0.00004 nan
2 0.00009 inf
3 0.00017 inf
4 0.00028 0.698970
5 0.00045 0.903090
6 0.00071 0.977724
7 0.00097 1.113943
8 0.00135 1.176091
9 0.00176 1.113943
10 0.00226 1.220108
11 0.00276 1.271067
12 0.00353 1.333879
13 0.00442 1.247155
14 0.00555 1.305658
15 0.00691 1.356138
16 0.00836 1.239170
17 0.01000 1.214181
18 0.01186 1.265342
19 0.01369 1.269772
20 0.01609 1.277713
21 0.01885 1.294862
22 0.02169 1.309537
23 0.02459 1.333625
24 0.02799 1.347455
25 0.03186 1.364957
26 0.03587 1.382150
27 0.04025 1.392252
28 0.04527 1.426980
29 0.05037 1.440209
30 0.05567 1.450755
31 0.06157 1.463701
32 0.06780 1.456136
33 0.07439 1.456464
34 0.08136 1.475732
35 0.08874 1.486614
36 0.09679 1.488397
37 0.10523 1.491048
38 0.11369 1.490055
39 0.12259 1.500448
40 0.13265 1.500975
41 0.14247 1.495210
