0 0.00060 0.310112
1 0.00160 0.585903
2 0.00290 0.638662
3 0.00540 0.581298
4 0.00860 0.644241
5 0.01280 0.509132
6 0.01880 0.635886
7 0.02590 0.877650
8 0.03400 0.841348
9 0.04390 0.838713
10 0.05880 0.908988
11 0.07440 1.077407
12 0.09170 1.026185
13 0.11490 1.146905
14 0.13770 1.195554
15 0.16200 1.182941
16 0.19100 1.256993
17 0.22140 1.336993
18 0.25500 1.334430
19 0.28880 1.426858
20 0.32630 1.498776
21 0.36220 1.507796
22 0.39780 1.540828
23 0.43440 1.594047
24 0.47310 1.622855
25 0.50870 1.664531
26 0.54400 1.718806
27 0.57900 1.759204
28 0.60910 1.788500
29 0.64060 1.800589
30 0.66860 1.823841
31 0.69580 1.858544
32 0.72070 1.869120
33 0.74720 1.897951
34 0.77100 1.910255
35 0.79310 1.929510
36 0.81320 1.938005
37 0.83160 1.944686
38 0.84640 1.959025
39 0.86130 1.959897
40 0.87630 1.967278
41 0.88840 1.974832
42 0.90120 1.981779
43 0.91260 1.983653
44 0.92270 1.988380
45 0.93060 1.990558
46 0.93730 1.991646
47 0.94360 1.992571
48 0.94950 1.999082
49 0.95420 2.000164
