0 0.00060 inf
1 0.00160 inf
2 0.00290 1.414973
3 0.00540 1.170262
4 0.00860 1.414973
5 0.01280 1.483282
6 0.01880 1.487524
7 0.02590 1.566392
8 0.03400 1.543414
9 0.04390 1.551638
10 0.05880 1.610793
11 0.07440 1.679226
12 0.09170 1.719173
13 0.11490 1.736550
14 0.13770 1.757469
15 0.16200 1.787966
16 0.19100 1.736645
17 0.22140 1.731414
18 0.25500 1.739055
19 0.28880 1.777233
20 0.32630 1.793150
21 0.36220 1.803544
22 0.39780 1.814219
23 0.43440 1.835549
24 0.47310 1.845551
25 0.50870 1.857281
26 0.54400 1.871048
27 0.57900 1.875922
28 0.60910 1.878551
29 0.64060 1.879912
30 0.66860 1.890589
31 0.69580 1.904831
32 0.72070 1.915072
33 0.74720 1.925374
34 0.77100 1.932430
35 0.79310 1.942592
36 0.81320 1.949317
37 0.83160 1.948676
38 0.84640 1.955461
39 0.86130 1.958263
40 0.87630 1.962203
41 0.88840 1.965879
42 0.90120 1.967736
43 0.91260 1.967194
44 0.92270 1.968845
45 0.93060 1.971577
46 0.93730 1.972237
47 0.94360 1.975020
48 0.94950 1.976189
49 0.95420 1.975641
