0 0.00220 0.098554
1 0.00900 0.305607
2 0.02400 0.411113
3 0.04450 0.676322
4 0.07160 0.715877
5 0.10490 0.958592
6 0.14320 1.133365
7 0.18190 1.296818
8 0.22510 1.419626
9 0.27120 1.537773
10 0.31720 1.631324
11 0.36320 1.700939
12 0.40340 1.759528
13 0.44640 1.796825
14 0.48800 1.832054
15 0.52770 1.877948
16 0.56160 1.911524
17 0.59620 1.936311
18 0.62880 1.954671
19 0.65700 1.958807
20 0.68590 1.971694
21 0.71270 1.978655
22 0.73740 1.983082
23 0.75870 1.989628
24 0.77780 1.990758
25 0.79500 1.990758
26 0.81040 1.990598
27 0.82430 1.997305
28 0.83890 1.998385
29 0.84940 1.998385
30 0.86170 2.000026
31 0.87230 2.000941
32 0.88180 1.998468
33 0.89090 1.999544
34 0.90010 1.999544
35 0.90840 2.000111
36 0.91570 2.000111
37 0.92070 1.997651
38 0.92640 1.997651
39 0.93140 1.999449
40 0.93680 1.999449
41 0.94270 1.999449
42 0.94750 1.999449
43 0.95170 1.999296
44 0.95480 1.999296
45 0.95840 2.000369
46 0.96080 2.000369
47 0.96340 2.000369
48 0.96570 2.000369
49 0.96890 2.000369
