0 0.00220 inf
1 0.00900 1.301030
2 0.02400 1.317018
3 0.04450 1.306912
4 0.07160 1.331119
5 0.10490 1.364024
6 0.14320 1.403784
7 0.18190 1.432875
8 0.22510 1.454258
9 0.27120 1.479780
10 0.31720 1.516756
11 0.36320 1.558328
12 0.40340 1.597695
13 0.44640 1.640756
14 0.48800 1.676493
15 0.52770 1.695873
16 0.56160 1.720421
17 0.59620 1.743399
18 0.62880 1.757034
19 0.65700 1.776254
20 0.68590 1.795890
21 0.71270 1.809413
22 0.73740 1.822194
23 0.75870 1.836158
24 0.77780 1.850633
25 0.79500 1.862719
26 0.81040 1.876597
27 0.82430 1.886060
28 0.83890 1.892992
29 0.84940 1.899519
30 0.86170 1.906404
31 0.87230 1.911942
32 0.88180 1.917060
33 0.89090 1.922968
34 0.90010 1.930165
35 0.90840 1.935510
36 0.91570 1.937645
37 0.92070 1.941411
38 0.92640 1.946518
39 0.93140 1.949352
40 0.93680 1.953595
41 0.94270 1.957933
42 0.94750 1.961335
43 0.95170 1.964384
44 0.95480 1.967205
45 0.95840 1.970021
46 0.96080 1.972115
47 0.96340 1.973961
48 0.96570 1.975609
49 0.96890 1.977877
