0 0.00180 0.260917
1 0.00790 0.138519
2 0.02070 0.438600
3 0.04060 0.688451
4 0.06540 0.838366
5 0.09890 0.993213
6 0.13590 1.191364
7 0.17290 1.312634
8 0.21510 1.421990
9 0.25840 1.543862
10 0.30190 1.637523
11 0.34680 1.719333
12 0.39140 1.782140
13 0.43220 1.825878
14 0.47100 1.862727
15 0.50730 1.891465
16 0.54720 1.923976
17 0.58040 1.934746
18 0.61570 1.949655
19 0.64950 1.960862
20 0.67580 1.969249
21 0.70420 1.975833
22 0.72940 1.978971
23 0.75030 1.986248
24 0.76810 1.987907
25 0.78590 1.987907
26 0.80290 1.992250
27 0.81900 1.993334
28 0.83400 1.996224
29 0.84490 1.998030
30 0.85890 1.999110
31 0.87000 1.999110
32 0.88140 1.999110
33 0.88940 1.999110
34 0.89730 2.000914
35 0.90540 1.999672
36 0.91320 2.003629
37 0.92030 2.003465
38 0.92710 2.003465
39 0.93340 2.003465
40 0.93840 2.004540
41 0.94300 2.004540
42 0.94710 2.004540
43 0.95120 2.004540
44 0.95410 2.004540
45 0.95790 2.004540
46 0.96020 2.004540
47 0.96330 2.004540
48 0.96550 2.004540
49 0.96850 2.004540
