0 0.00180 inf
1 0.00790 inf
2 0.02070 1.544068
3 0.04060 1.593286
4 0.06540 1.356730
5 0.09890 1.401401
6 0.13590 1.397025
7 0.17290 1.461342
8 0.21510 1.505002
9 0.25840 1.546368
10 0.30190 1.579953
11 0.34680 1.604766
12 0.39140 1.633082
13 0.43220 1.658267
14 0.47100 1.691885
15 0.50730 1.702672
16 0.54720 1.728839
17 0.58040 1.748497
18 0.61570 1.778839
19 0.64950 1.804839
20 0.67580 1.820520
21 0.70420 1.837722
22 0.72940 1.855027
23 0.75030 1.862005
24 0.76810 1.867497
25 0.78590 1.882759
26 0.80290 1.888528
27 0.81900 1.897239
28 0.83400 1.906181
29 0.84490 1.913563
30 0.85890 1.926348
31 0.87000 1.934709
32 0.88140 1.941714
33 0.88940 1.947523
34 0.89730 1.952773
35 0.90540 1.957230
36 0.91320 1.960604
37 0.92030 1.964973
38 0.92710 1.969112
39 0.93340 1.974210
40 0.93840 1.976776
41 0.94300 1.980407
42 0.94710 1.983207
43 0.95120 1.985317
44 0.95410 1.987923
45 0.95790 1.989564
46 0.96020 1.989995
47 0.96330 1.989813
48 0.96550 1.991391
49 0.96850 1.993208
