0 0.00030 0.000000
1 0.00100 0.399804
2 0.00190 0.292689
3 0.00340 0.847839
4 0.00590 0.549683
5 0.00940 0.819105
6 0.01450 0.816609
7 0.02040 1.100036
8 0.02660 1.224060
9 0.03250 1.149705
10 0.03830 1.124323
11 0.04680 1.061290
12 0.05640 0.948001
13 0.06910 0.968498
14 0.08200 1.125796
15 0.09950 1.060723
16 0.11890 1.126188
17 0.14130 1.142598
18 0.16250 1.199871
19 0.18820 1.288651
20 0.21920 1.294048
21 0.24870 1.324408
22 0.28190 1.357185
23 0.31470 1.408344
24 0.35020 1.465074
25 0.38720 1.526352
26 0.42500 1.566453
27 0.46210 1.607861
28 0.49830 1.677645
29 0.53450 1.713207
30 0.57040 1.763854
31 0.60470 1.789918
32 0.63630 1.812345
33 0.66770 1.844569
34 0.69500 1.857529
35 0.72320 1.874645
36 0.74810 1.896316
37 0.77240 1.909537
38 0.79330 1.924922
39 0.81240 1.935957
40 0.83170 1.946138
41 0.84780 1.956586
42 0.86340 1.963305
43 0.87810 1.974959
44 0.88930 1.977878
45 0.90010 1.981369
46 0.90910 1.988626
47 0.91770 1.991365
48 0.92520 1.994625
49 0.93220 1.996629
