0 0.00030 inf
1 0.00100 inf
2 0.00190 1.414973
3 0.00340 1.724276
4 0.00590 1.728354
5 0.00940 1.582063
6 0.01450 1.670776
7 0.02040 1.606216
8 0.02660 1.601456
9 0.03250 1.527814
10 0.03830 1.611268
11 0.04680 1.675473
12 0.05640 1.705562
13 0.06910 1.705279
14 0.08200 1.731678
15 0.09950 1.734815
16 0.11890 1.738704
17 0.14130 1.766240
18 0.16250 1.778518
19 0.18820 1.785330
20 0.21920 1.776503
21 0.24870 1.770392
22 0.28190 1.763278
23 0.31470 1.766138
24 0.35020 1.762556
25 0.38720 1.782466
26 0.42500 1.790613
27 0.46210 1.815279
28 0.49830 1.814284
29 0.53450 1.815802
30 0.57040 1.820541
31 0.60470 1.833270
32 0.63630 1.843495
33 0.66770 1.857557
34 0.69500 1.870768
35 0.72320 1.871987
36 0.74810 1.882817
37 0.77240 1.890167
38 0.79330 1.895260
39 0.81240 1.901618
40 0.83170 1.910018
41 0.84780 1.911635
42 0.86340 1.913314
43 0.87810 1.913575
44 0.88930 1.917582
45 0.90010 1.923575
46 0.90910 1.926667
47 0.91770 1.925307
48 0.92520 1.927390
49 0.93220 1.926808
