0 0.00180 0.163688
1 0.00700 0.113773
2 0.01970 0.395148
3 0.03780 0.617205
4 0.05950 0.836119
5 0.08810 0.995290
6 0.12270 1.090781
7 0.16120 1.248253
8 0.19960 1.373237
9 0.24360 1.496214
10 0.28630 1.606011
11 0.32980 1.661521
12 0.37310 1.724330
13 0.41480 1.776744
14 0.45690 1.828857
15 0.49440 1.856809
16 0.53190 1.895694
17 0.56910 1.928261
18 0.60150 1.948224
19 0.63500 1.958111
20 0.66530 1.970151
21 0.69190 1.979912
22 0.71660 1.984497
23 0.73900 1.984903
24 0.76320 1.992535
25 0.78270 1.992775
26 0.80060 1.996028
27 0.81510 1.996949
28 0.83080 1.998593
29 0.84410 1.998432
30 0.85890 1.997918
31 0.86930 2.000074
32 0.88080 2.002227
33 0.88840 2.000992
34 0.89710 2.002067
35 0.90600 2.000834
36 0.91220 2.000834
37 0.91830 2.002982
38 0.92450 2.002982
39 0.93060 2.002982
40 0.93510 2.002982
41 0.93940 2.002982
42 0.94290 2.002982
43 0.94700 2.002982
44 0.95160 2.002982
45 0.95620 2.002982
46 0.95850 2.002982
47 0.96120 2.002982
48 0.96380 2.002982
49 0.96660 2.002982
