0 0.00180 nan
1 0.00700 0.954243
2 0.01970 1.439333
3 0.03780 1.199157
4 0.05950 1.216911
5 0.08810 1.300371
6 0.12270 1.407280
7 0.16120 1.462632
8 0.19960 1.551450
9 0.24360 1.578983
10 0.28630 1.577207
11 0.32980 1.628706
12 0.37310 1.634958
13 0.41480 1.650817
14 0.45690 1.681896
15 0.49440 1.704734
16 0.53190 1.733711
17 0.56910 1.744737
18 0.60150 1.763428
19 0.63500 1.789137
20 0.66530 1.795052
21 0.69190 1.811571
22 0.71660 1.827229
23 0.73900 1.838553
24 0.76320 1.848646
25 0.78270 1.861116
26 0.80060 1.874883
27 0.81510 1.880971
28 0.83080 1.885910
29 0.84410 1.892811
30 0.85890 1.900968
31 0.86930 1.904140
32 0.88080 1.909872
33 0.88840 1.915630
34 0.89710 1.918422
35 0.90600 1.921456
36 0.91220 1.926967
37 0.91830 1.930540
38 0.92450 1.935556
39 0.93060 1.940552
40 0.93510 1.944420
41 0.93940 1.947488
42 0.94290 1.949341
43 0.94700 1.951494
44 0.95160 1.955090
45 0.95620 1.958706
46 0.95850 1.959304
47 0.96120 1.961106
48 0.96380 1.963160
49 0.96660 1.965052
