0 0.00030 0.000000
1 0.00120 1.667970
2 0.00290 1.349626
3 0.00580 0.919032
4 0.00820 1.093783
5 0.01310 1.239244
6 0.01840 1.458945
7 0.02590 1.542980
8 0.03590 1.458969
9 0.04940 1.420387
10 0.06360 1.562156
11 0.08330 1.478810
12 0.10510 1.532913
13 0.12820 1.552703
14 0.15740 1.572473
15 0.18960 1.569486
16 0.22550 1.605561
17 0.26350 1.634815
18 0.30220 1.689237
19 0.35000 1.743382
20 0.39560 1.731593
21 0.44280 1.741562
22 0.48860 1.751616
23 0.53360 1.797843
24 0.57870 1.771687
25 0.62220 1.847929
26 0.66010 1.837720
27 0.70180 1.838272
28 0.73830 1.884006
29 0.76990 1.841259
30 0.80100 1.877340
31 0.82430 1.906818
32 0.84740 1.912621
33 0.86800 1.937625
34 0.88580 1.905881
35 0.90130 1.903919
36 0.91360 1.908318
37 0.92370 1.907846
38 0.93180 1.920548
39 0.93960 1.934780
40 0.94660 1.937852
41 0.95450 1.940403
42 0.96180 1.948278
43 0.96690 1.949394
44 0.97090 1.953523
45 0.97530 1.955089
46 0.97900 1.954945
47 0.98180 1.953997
48 0.98410 1.958281
49 0.98630 1.957023
