0 0.00030 nan
1 0.00120 inf
2 0.00290 inf
3 0.00580 1.869232
4 0.00820 1.736397
5 0.01310 1.934498
6 0.01840 1.799341
7 0.02590 1.843025
8 0.03590 1.918330
9 0.04940 2.089905
10 0.06360 2.119476
11 0.08330 2.007801
12 0.10510 2.007382
13 0.12820 1.952308
14 0.15740 1.954369
15 0.18960 1.955678
16 0.22550 1.982355
17 0.26350 1.980947
18 0.30220 1.995398
19 0.35000 1.964830
20 0.39560 1.954623
21 0.44280 1.970940
22 0.48860 1.974161
23 0.53360 1.997038
24 0.57870 1.988210
25 0.62220 1.975210
26 0.66010 1.977961
27 0.70180 1.965798
28 0.73830 1.947827
29 0.76990 1.953064
30 0.80100 1.963643
31 0.82430 1.966688
32 0.84740 1.968792
33 0.86800 1.969206
34 0.88580 1.965505
35 0.90130 1.968257
36 0.91360 1.970935
37 0.92370 1.973791
38 0.93180 1.974096
39 0.93960 1.974533
40 0.94660 1.978620
41 0.95450 1.981643
42 0.96180 1.980451
43 0.96690 1.984510
44 0.97090 1.985038
45 0.97530 1.988394
46 0.97900 1.987965
47 0.98180 1.987982
48 0.98410 1.989613
49 0.98630 1.991215
