0 0.00050 0.909818
1 0.00180 0.656279
2 0.00360 0.551092
3 0.00530 0.804732
4 0.00920 0.654644
5 0.01430 0.918450
6 0.02090 0.860660
7 0.03050 0.707083
8 0.04080 0.864223
9 0.05200 1.004227
10 0.06810 0.997735
11 0.08810 1.056650
12 0.11120 1.042565
13 0.13600 1.104638
14 0.16530 1.210339
15 0.19610 1.278576
16 0.22920 1.362462
17 0.26420 1.430478
18 0.29940 1.484250
19 0.33940 1.517459
20 0.37680 1.558029
21 0.41430 1.597033
22 0.45570 1.652908
23 0.49480 1.688347
24 0.52810 1.756389
25 0.56450 1.802662
26 0.59950 1.778298
27 0.63340 1.809626
28 0.66500 1.836314
29 0.69320 1.854026
30 0.72120 1.867056
31 0.74670 1.886416
32 0.76980 1.904005
33 0.79190 1.920371
34 0.81130 1.932938
35 0.82920 1.939969
36 0.84630 1.951085
37 0.86180 1.954079
38 0.87480 1.959276
39 0.88900 1.973522
40 0.89950 1.975379
41 0.91080 1.973207
42 0.91860 1.979275
43 0.92660 1.981157
44 0.93340 1.983914
45 0.93950 1.990289
46 0.94390 1.991374
47 0.94820 1.991374
48 0.95160 1.991374
49 0.95570 1.990134
