0 0.00050 nan
1 0.00180 1.255273
2 0.00360 1.698970
3 0.00530 1.908485
4 0.00920 1.690196
5 0.01430 1.794139
6 0.02090 1.840942
7 0.03050 1.885078
8 0.04080 1.862330
9 0.05200 1.934498
10 0.06810 1.873030
11 0.08810 1.848629
12 0.11120 1.883661
13 0.13600 1.844438
14 0.16530 1.816820
15 0.19610 1.803682
16 0.22920 1.818552
17 0.26420 1.825775
18 0.29940 1.836106
19 0.33940 1.850593
20 0.37680 1.869543
21 0.41430 1.856774
22 0.45570 1.856062
23 0.49480 1.874645
24 0.52810 1.877346
25 0.56450 1.884741
26 0.59950 1.888287
27 0.63340 1.900530
28 0.66500 1.908734
29 0.69320 1.919550
30 0.72120 1.926460
31 0.74670 1.934995
32 0.76980 1.940250
33 0.79190 1.945233
34 0.81130 1.952745
35 0.82920 1.956497
36 0.84630 1.958901
37 0.86180 1.960552
38 0.87480 1.961387
39 0.88900 1.964999
40 0.89950 1.962804
41 0.91080 1.964451
42 0.91860 1.967050
43 0.92660 1.969954
44 0.93340 1.969310
45 0.93950 1.971393
46 0.94390 1.974284
47 0.94820 1.974593
48 0.95160 1.974405
49 0.95570 1.976816
