0 0.00200 0.000000
1 0.00900 0.248792
2 0.02140 0.406124
3 0.04070 0.545989
4 0.06910 0.775469
5 0.09860 0.962520
6 0.13610 1.116795
7 0.17570 1.233930
8 0.21580 1.381272
9 0.26210 1.532149
10 0.30710 1.605543
11 0.35140 1.677459
12 0.39160 1.730752
13 0.43170 1.772908
14 0.47010 1.820919
15 0.50960 1.866669
16 0.54560 1.890347
17 0.58180 1.915317
18 0.61010 1.929918
19 0.63960 1.943261
20 0.66750 1.957462
21 0.69200 1.968944
22 0.71360 1.975021
23 0.73530 1.981069
24 0.75580 1.983826
25 0.77180 1.986000
26 0.78880 1.988172
27 0.80620 1.988021
28 0.82210 1.991994
29 0.83690 1.995603
30 0.84970 1.995603
31 0.86120 1.994370
32 0.87160 1.995450
33 0.88110 1.995450
34 0.88790 1.996528
35 0.89640 1.996528
36 0.90470 1.996528
37 0.91180 1.997606
38 0.91840 1.997606
39 0.92510 1.997606
40 0.93200 1.997606
41 0.93710 1.998683
42 0.94190 1.998683
43 0.94590 1.997452
44 0.94980 1.997452
45 0.95440 1.997452
46 0.95740 1.997452
47 0.96000 1.997452
48 0.96220 1.997452
49 0.96480 1.997452
