0 0.00200 nan
1 0.00900 inf
2 0.02140 1.146128
3 0.04070 1.352183
4 0.06910 1.464266
5 0.09860 1.477121
6 0.13610 1.509949
7 0.17570 1.547060
8 0.21580 1.538455
9 0.26210 1.540538
10 0.30710 1.575666
11 0.35140 1.593413
12 0.39160 1.607006
13 0.43170 1.657496
14 0.47010 1.679802
15 0.50960 1.702228
16 0.54560 1.719307
17 0.58180 1.737457
18 0.61010 1.758831
19 0.63960 1.779521
20 0.66750 1.790857
21 0.69200 1.801377
22 0.71360 1.812558
23 0.73530 1.826300
24 0.75580 1.839064
25 0.77180 1.850619
26 0.78880 1.864191
27 0.80620 1.877690
28 0.82210 1.888548
29 0.83690 1.896647
30 0.84970 1.906929
31 0.86120 1.915341
32 0.87160 1.923182
33 0.88110 1.926586
34 0.88790 1.927740
35 0.89640 1.935077
36 0.90470 1.942028
37 0.91180 1.947551
38 0.91840 1.951681
39 0.92510 1.956546
40 0.93200 1.961926
41 0.93710 1.965504
42 0.94190 1.967888
43 0.94590 1.970744
44 0.94980 1.972761
45 0.95440 1.976100
46 0.95740 1.978280
47 0.96000 1.979121
48 0.96220 1.980896
49 0.96480 1.981580
