0 0.00040 0.000000
1 0.00060 0.000000
2 0.00100 0.380070
3 0.00180 0.364619
4 0.00350 0.512114
5 0.00600 0.613929
6 0.01050 0.499791
7 0.01660 0.807960
8 0.02230 0.871885
9 0.03170 0.921050
10 0.04320 0.853392
11 0.05730 0.872334
12 0.07310 0.995128
13 0.08890 1.125861
14 0.10740 1.143315
15 0.12650 1.219415
16 0.14890 1.251551
17 0.17070 1.300166
18 0.19750 1.321835
19 0.22860 1.373818
20 0.26010 1.426896
21 0.29260 1.500936
22 0.32540 1.529124
23 0.36010 1.569760
24 0.39600 1.587599
25 0.43130 1.619269
26 0.46770 1.660700
27 0.50690 1.706427
28 0.54060 1.712735
29 0.57340 1.757766
30 0.60750 1.785680
31 0.63860 1.814059
32 0.66770 1.848024
33 0.69480 1.874658
34 0.72300 1.886618
35 0.74870 1.906868
36 0.77140 1.935031
37 0.79450 1.939651
38 0.81600 1.949785
39 0.83540 1.955911
40 0.85240 1.961175
41 0.86820 1.963810
42 0.88290 1.972849
43 0.89400 1.979643
44 0.90530 1.982560
45 0.91590 1.981733
46 0.92370 1.986303
47 0.93300 1.987963
48 0.94080 1.988536
49 0.94700 1.992872
