0 0.00040 0.778151
1 0.00060 0.778151
2 0.00100 0.845098
3 0.00180 0.954243
4 0.00350 0.970037
5 0.00600 1.308209
6 0.01050 1.333879
7 0.01660 1.477121
8 0.02230 1.559308
9 0.03170 1.729705
10 0.04320 1.692058
11 0.05730 1.699971
12 0.07310 1.751924
13 0.08890 1.764019
14 0.10740 1.805864
15 0.12650 1.813555
16 0.14890 1.807556
17 0.17070 1.832509
18 0.19750 1.806024
19 0.22860 1.808525
20 0.26010 1.800440
21 0.29260 1.813166
22 0.32540 1.840016
23 0.36010 1.847913
24 0.39600 1.872598
25 0.43130 1.870028
26 0.46770 1.876276
27 0.50690 1.885966
28 0.54060 1.890324
29 0.57340 1.899350
30 0.60750 1.906631
31 0.63860 1.911694
32 0.66770 1.903278
33 0.69480 1.911059
34 0.72300 1.915302
35 0.74870 1.922862
36 0.77140 1.922401
37 0.79450 1.929147
38 0.81600 1.932200
39 0.83540 1.939279
40 0.85240 1.947398
41 0.86820 1.954122
42 0.88290 1.953756
43 0.89400 1.955904
44 0.90530 1.959832
45 0.91590 1.961835
46 0.92370 1.962783
47 0.93300 1.966074
48 0.94080 1.969976
49 0.94700 1.971749
