0 0.04630 1.660231
1 0.09500 1.851309
2 0.13500 1.946189
3 0.17690 1.849206
4 0.21590 1.896665
5 0.25480 1.942286
6 0.28550 1.903156
7 0.31630 1.917057
8 0.35090 1.940676
9 0.37980 1.870458
10 0.40930 1.910481
11 0.44000 1.940602
12 0.46520 1.920184
13 0.48760 1.906976
14 0.51100 1.940109
15 0.53450 1.907458
16 0.55210 1.909017
17 0.57300 1.950262
18 0.59220 1.958764
19 0.61140 1.921813
20 0.63180 1.933007
21 0.64890 1.962279
22 0.66410 1.922844
23 0.68150 1.909410
24 0.69720 1.933732
25 0.71150 1.964464
26 0.72690 1.957239
27 0.73910 1.902416
28 0.74970 1.902524
29 0.76150 1.932810
30 0.77160 1.977295
31 0.78190 1.977942
32 0.79300 1.922497
33 0.80330 1.913626
34 0.81260 1.921615
35 0.82070 1.922911
36 0.82870 1.958122
37 0.83550 1.977856
38 0.84310 1.969564
39 0.84920 1.963108
40 0.85580 1.965185
41 0.86240 1.914561
42 0.86750 1.911424
43 0.87380 1.922081
44 0.88040 1.928449
45 0.88500 1.937765
46 0.89040 1.944720
47 0.89570 1.951799
48 0.90050 1.949997
49 0.90560 1.946769
