0 0.04630 1.944483
1 0.09500 1.924279
2 0.13500 1.875061
3 0.17690 1.964876
4 0.21590 1.997095
5 0.25480 1.896251
6 0.28550 1.910953
7 0.31630 1.856550
8 0.35090 1.874785
9 0.37980 1.904661
10 0.40930 1.923069
11 0.44000 1.939055
12 0.46520 1.962593
13 0.48760 1.976544
14 0.51100 1.995721
15 0.53450 1.984508
16 0.55210 1.973311
17 0.57300 1.960994
18 0.59220 1.983201
19 0.61140 1.986652
20 0.63180 1.983646
21 0.64890 1.989005
22 0.66410 2.001243
23 0.68150 2.006250
24 0.69720 2.004045
25 0.71150 1.999382
26 0.72690 2.000656
27 0.73910 1.999470
28 0.74970 2.001968
29 0.76150 2.000733
30 0.77160 2.000301
31 0.78190 2.002587
32 0.79300 2.003610
33 0.80330 2.004495
34 0.81260 2.008583
35 0.82070 2.008700
36 0.82870 2.009154
37 0.83550 2.009307
38 0.84310 2.006932
39 0.84920 2.003902
40 0.85580 2.006007
41 0.86240 2.001797
42 0.86750 2.004262
43 0.87380 1.994610
44 0.88040 1.994656
45 0.88500 1.997581
46 0.89040 1.996044
47 0.89570 1.997322
48 0.90050 1.998996
49 0.90560 1.996972
