0 0.00020 0.000000
1 0.00030 0.000000
2 0.00090 1.200000
3 0.00230 1.258882
4 0.00460 1.337718
5 0.00780 1.324173
6 0.01200 1.294620
7 0.01930 1.275285
8 0.02880 1.397461
9 0.03830 1.377100
10 0.04960 1.473752
11 0.06510 1.593504
12 0.08260 1.576823
13 0.10210 1.538579
14 0.12470 1.513836
15 0.15240 1.590118
16 0.18210 1.564285
17 0.21270 1.579171
18 0.24930 1.633281
19 0.29040 1.626286
20 0.33540 1.648208
21 0.37840 1.669197
22 0.42410 1.725912
23 0.47370 1.763693
24 0.52040 1.782934
25 0.57060 1.802176
26 0.61320 1.804434
27 0.66040 1.849815
28 0.69960 1.836564
29 0.73550 1.892507
30 0.76990 1.868793
31 0.79640 1.885598
32 0.82300 1.916430
33 0.84640 1.934460
34 0.86630 1.908640
35 0.88270 1.896339
36 0.89760 1.910642
37 0.91220 1.910264
38 0.92300 1.926825
39 0.93230 1.932737
40 0.94030 1.946076
41 0.94880 1.950219
42 0.95490 1.950416
43 0.96010 1.951828
44 0.96510 1.954861
45 0.96840 1.953087
46 0.97200 1.954107
47 0.97530 1.954749
48 0.97880 1.939322
49 0.98220 1.938291
