0 0.00020 nan
1 0.00030 inf
2 0.00090 inf
3 0.00230 1.204120
4 0.00460 1.633468
5 0.00780 1.939519
6 0.01200 1.829304
7 0.01930 1.575957
8 0.02880 1.682371
9 0.03830 1.792392
10 0.04960 1.829304
11 0.06510 1.862206
12 0.08260 1.868698
13 0.10210 1.848805
14 0.12470 1.840460
15 0.15240 1.867229
16 0.18210 1.905643
17 0.21270 1.892009
18 0.24930 1.898697
19 0.29040 1.909884
20 0.33540 1.898448
21 0.37840 1.904157
22 0.42410 1.909649
23 0.47370 1.910989
24 0.52040 1.923711
25 0.57060 1.924491
26 0.61320 1.919917
27 0.66040 1.916001
28 0.69960 1.923268
29 0.73550 1.915459
30 0.76990 1.921652
31 0.79640 1.917385
32 0.82300 1.920803
33 0.84640 1.931425
34 0.86630 1.935385
35 0.88270 1.935482
36 0.89760 1.937252
37 0.91220 1.942250
38 0.92300 1.947662
39 0.93230 1.948294
40 0.94030 1.945839
41 0.94880 1.945194
42 0.95490 1.946901
43 0.96010 1.951266
44 0.96510 1.955183
45 0.96840 1.956530
46 0.97200 1.958173
47 0.97530 1.956526
48 0.97880 1.959285
49 0.98220 1.959792
