0 0.00050 0.399804
1 0.00090 0.310112
2 0.00140 0.436802
3 0.00230 0.376340
4 0.00450 0.632196
5 0.00800 0.768361
6 0.01330 0.695942
7 0.01950 1.149662
8 0.02800 0.966128
9 0.03900 0.930723
10 0.05060 1.062473
11 0.06560 0.967247
12 0.08400 1.032914
13 0.10500 1.056758
14 0.12470 1.091516
15 0.14780 1.155973
16 0.17470 1.269584
17 0.20730 1.389376
18 0.24130 1.389918
19 0.27610 1.466835
20 0.31020 1.484993
21 0.35050 1.503037
22 0.38640 1.558756
23 0.42210 1.608419
24 0.45770 1.648754
25 0.49250 1.707291
26 0.52800 1.754530
27 0.56140 1.764143
28 0.59390 1.786500
29 0.62280 1.799772
30 0.65060 1.827137
31 0.67870 1.860046
32 0.70560 1.865784
33 0.73080 1.880126
34 0.75640 1.884582
35 0.77830 1.899055
36 0.79980 1.907581
37 0.81820 1.926603
38 0.83580 1.936714
39 0.84990 1.949014
40 0.86480 1.956982
41 0.87730 1.964758
42 0.88850 1.971975
43 0.89960 1.970922
44 0.91050 1.973185
45 0.92010 1.975388
46 0.92790 1.975966
47 0.93600 1.982184
48 0.94170 1.985466
49 0.94570 1.987288
