0 0.00050 inf
1 0.00090 inf
2 0.00140 1.146128
3 0.00230 1.431364
4 0.00450 1.623249
5 0.00800 1.467361
6 0.01330 1.453755
7 0.01950 1.688928
8 0.02800 1.664329
9 0.03900 1.688106
10 0.05060 1.715624
11 0.06560 1.746245
12 0.08400 1.787627
13 0.10500 1.775468
14 0.12470 1.736070
15 0.14780 1.732176
16 0.17470 1.741975
17 0.20730 1.761368
18 0.24130 1.786937
19 0.27610 1.817974
20 0.31020 1.816035
21 0.35050 1.847148
22 0.38640 1.862313
23 0.42210 1.890318
24 0.45770 1.892808
25 0.49250 1.892591
26 0.52800 1.892047
27 0.56140 1.904072
28 0.59390 1.901339
29 0.62280 1.896782
30 0.65060 1.903015
31 0.67870 1.911790
32 0.70560 1.915934
33 0.73080 1.924328
34 0.75640 1.937581
35 0.77830 1.936108
36 0.79980 1.937456
37 0.81820 1.935439
38 0.83580 1.945746
39 0.84990 1.950819
40 0.86480 1.955507
41 0.87730 1.958245
42 0.88850 1.965949
43 0.89960 1.970837
44 0.91050 1.977537
45 0.92010 1.978730
46 0.92790 1.983025
47 0.93600 1.985273
48 0.94170 1.987523
49 0.94570 1.986772
