0 0.00190 0.000000
1 0.00860 0.233522
2 0.01980 0.324441
3 0.03630 0.501674
4 0.05770 0.695021
5 0.08680 0.904132
6 0.12080 1.102808
7 0.16090 1.200192
8 0.20320 1.349478
9 0.24520 1.466618
10 0.28600 1.537529
11 0.32930 1.623064
12 0.37440 1.706845
13 0.41840 1.763696
14 0.45960 1.809378
15 0.49720 1.849198
16 0.53430 1.884443
17 0.57000 1.921056
18 0.60330 1.934467
19 0.63490 1.957505
20 0.66210 1.965696
21 0.68890 1.972696
22 0.71340 1.977676
23 0.73830 1.983366
24 0.75950 1.989202
25 0.77690 1.995210
26 0.79560 1.997024
27 0.81400 1.999922
28 0.82890 2.003192
29 0.84190 2.003020
30 0.85470 2.001245
31 0.86620 2.001802
32 0.87610 2.001637
33 0.88570 2.001637
34 0.89460 2.001637
35 0.90310 2.002716
36 0.90980 2.003794
37 0.91750 2.002552
38 0.92450 2.003629
39 0.93010 2.002389
40 0.93530 2.002389
41 0.94040 2.001151
42 0.94560 2.001151
43 0.94940 2.001151
44 0.95270 2.001151
45 0.95540 1.999916
46 0.95840 2.000992
47 0.96100 2.000992
48 0.96320 2.000992
49 0.96640 1.999759
