0 0.00190 nan
1 0.00860 inf
2 0.01980 1.778151
3 0.03630 1.516315
4 0.05770 1.518514
5 0.08680 1.485823
6 0.12080 1.455622
7 0.16090 1.471047
8 0.20320 1.490503
9 0.24520 1.528381
10 0.28600 1.546326
11 0.32930 1.594366
12 0.37440 1.621370
13 0.41840 1.647201
14 0.45960 1.673849
15 0.49720 1.693015
16 0.53430 1.717099
17 0.57000 1.738611
18 0.60330 1.764983
19 0.63490 1.772123
20 0.66210 1.785718
21 0.68890 1.795132
22 0.71340 1.811216
23 0.73830 1.822804
24 0.75950 1.835604
25 0.77690 1.848214
26 0.79560 1.862716
27 0.81400 1.874308
28 0.82890 1.880170
29 0.84190 1.888981
30 0.85470 1.895269
31 0.86620 1.900228
32 0.87610 1.908977
33 0.88570 1.914190
34 0.89460 1.919355
35 0.90310 1.926064
36 0.90980 1.930049
37 0.91750 1.935183
38 0.92450 1.938057
39 0.93010 1.941135
40 0.93530 1.943819
41 0.94040 1.946572
42 0.94560 1.950792
43 0.94940 1.953511
44 0.95270 1.955975
45 0.95540 1.957879
46 0.95840 1.959870
47 0.96100 1.960633
48 0.96320 1.962290
49 0.96640 1.964523
