0 0.00050 0.000000
1 0.00160 1.457542
2 0.00230 1.237244
3 0.00390 1.181232
4 0.00680 1.176184
5 0.01030 1.499384
6 0.01580 1.382057
7 0.02310 1.349136
8 0.03310 1.391294
9 0.04380 1.453799
10 0.05830 1.428911
11 0.07630 1.516243
12 0.09740 1.494978
13 0.11960 1.546369
14 0.14490 1.529315
15 0.17180 1.569133
16 0.20360 1.649852
17 0.23960 1.641246
18 0.28280 1.672895
19 0.32570 1.697688
20 0.36680 1.691684
21 0.40810 1.712712
22 0.45210 1.728514
23 0.49930 1.751792
24 0.53940 1.759639
25 0.57880 1.796675
26 0.61770 1.823708
27 0.65720 1.804368
28 0.69340 1.839262
29 0.72780 1.866609
30 0.75780 1.844346
31 0.78580 1.879638
32 0.81160 1.894344
33 0.83210 1.909675
34 0.85350 1.914232
35 0.87010 1.884060
36 0.88860 1.902181
37 0.90340 1.898458
38 0.91700 1.915375
39 0.92990 1.933647
40 0.94020 1.945839
41 0.94820 1.945614
42 0.95580 1.955586
43 0.96190 1.954615
44 0.96710 1.958255
45 0.97290 1.934421
46 0.97650 1.935485
47 0.97980 1.940032
48 0.98140 1.936096
49 0.98400 1.938633
