0 0.00050 inf
1 0.00160 1.278754
2 0.00230 1.462398
3 0.00390 1.623249
4 0.00680 1.892095
5 0.01030 2.075547
6 0.01580 1.843025
7 0.02310 1.933234
8 0.03310 1.874233
9 0.04380 1.645769
10 0.05830 1.729570
11 0.07630 1.844803
12 0.09740 1.870317
13 0.11960 1.897799
14 0.14490 1.870458
15 0.17180 1.904528
16 0.20360 1.915483
17 0.23960 1.940275
18 0.28280 1.966574
19 0.32570 1.993773
20 0.36680 2.015342
21 0.40810 1.986616
22 0.45210 1.976537
23 0.49930 1.974236
24 0.53940 1.995798
25 0.57880 1.974066
26 0.61770 1.993822
27 0.65720 1.981207
28 0.69340 1.971482
29 0.72780 1.965134
30 0.75780 1.964837
31 0.78580 1.968254
32 0.81160 1.959571
33 0.83210 1.962356
34 0.85350 1.967044
35 0.87010 1.968889
36 0.88860 1.969557
37 0.90340 1.972494
38 0.91700 1.975083
39 0.92990 1.980344
40 0.94020 1.979824
41 0.94820 1.976417
42 0.95580 1.977591
43 0.96190 1.978847
44 0.96710 1.978091
45 0.97290 1.979296
46 0.97650 1.982004
47 0.97980 1.982479
48 0.98140 1.983680
49 0.98400 1.984642
