0 0.00010 0.000000
1 0.00010 0.000000
2 0.00040 0.845238
3 0.00070 0.399804
4 0.00170 0.690412
5 0.00280 0.499241
6 0.00480 0.476708
7 0.00730 0.348436
8 0.01030 0.481648
9 0.01490 0.688127
10 0.02180 0.629629
11 0.03070 0.672346
12 0.04080 0.707288
13 0.05280 0.857197
14 0.06530 1.012211
15 0.08030 1.034126
16 0.09750 1.100468
17 0.11750 1.175118
18 0.13950 1.156338
19 0.16340 1.190892
20 0.19160 1.274487
21 0.22270 1.347597
22 0.25820 1.399205
23 0.29440 1.446776
24 0.33240 1.510432
25 0.37270 1.563249
26 0.41660 1.609274
27 0.45730 1.679434
28 0.49530 1.721634
29 0.53110 1.759084
30 0.56820 1.799803
31 0.60280 1.820953
32 0.63620 1.824914
33 0.66760 1.848993
34 0.69620 1.851801
35 0.72340 1.880753
36 0.74890 1.900664
37 0.77230 1.903688
38 0.79320 1.912230
39 0.81410 1.925237
40 0.83270 1.939871
41 0.84770 1.949723
42 0.86080 1.954960
43 0.87340 1.955330
44 0.88620 1.962283
45 0.89940 1.968241
46 0.91010 1.973009
47 0.91890 1.982147
48 0.92730 1.986557
49 0.93420 1.985001
