0 0.00010 nan
1 0.00010 nan
2 0.00040 nan
3 0.00070 inf
4 0.00170 inf
5 0.00280 1.361728
6 0.00480 1.643453
7 0.00730 1.618048
8 0.01030 1.496930
9 0.01490 1.749736
10 0.02180 1.935507
11 0.03070 1.935759
12 0.04080 1.951161
13 0.05280 1.782733
14 0.06530 1.830375
15 0.08030 1.860338
16 0.09750 1.848805
17 0.11750 1.869804
18 0.13950 1.858632
19 0.16340 1.815796
20 0.19160 1.817069
21 0.22270 1.792816
22 0.25820 1.776963
23 0.29440 1.789182
24 0.33240 1.820964
25 0.37270 1.842833
26 0.41660 1.835909
27 0.45730 1.853104
28 0.49530 1.868588
29 0.53110 1.876995
30 0.56820 1.882297
31 0.60280 1.889111
32 0.63620 1.904658
33 0.66760 1.915099
34 0.69620 1.919641
35 0.72340 1.922491
36 0.74890 1.929595
37 0.77230 1.934929
38 0.79320 1.944453
39 0.81410 1.946504
40 0.83270 1.951209
41 0.84770 1.956471
42 0.86080 1.959591
43 0.87340 1.966530
44 0.88620 1.967992
45 0.89940 1.972456
46 0.91010 1.974103
47 0.91890 1.978032
48 0.92730 1.978566
49 0.93420 1.979225
