0 0.04720 1.799641
1 0.09310 1.849435
2 0.13280 1.930188
3 0.16950 1.850233
4 0.20490 1.828364
5 0.24360 1.853826
6 0.27890 1.878314
7 0.31310 1.971645
8 0.34160 1.911160
9 0.37040 1.864981
10 0.40210 1.982720
11 0.42490 1.889675
12 0.44910 1.949114
13 0.47340 1.907034
14 0.49600 1.947136
15 0.51970 1.904025
16 0.54190 1.947127
17 0.56190 1.907307
18 0.58280 1.904405
19 0.60490 1.943420
20 0.62340 1.967529
21 0.63810 1.895521
22 0.65520 1.897092
23 0.67350 1.946852
24 0.68880 1.977754
25 0.70240 1.915444
26 0.71590 1.891039
27 0.72710 1.912563
28 0.74010 1.958194
29 0.75130 1.971603
30 0.76230 1.933446
31 0.77270 1.913421
32 0.78460 1.911234
33 0.79420 1.914916
34 0.80410 1.945444
35 0.81270 1.972974
36 0.82060 1.959724
37 0.82770 1.959032
38 0.83620 1.960190
39 0.84420 1.917293
40 0.85110 1.911011
41 0.85840 1.921373
42 0.86460 1.925831
43 0.87070 1.932439
44 0.87660 1.938521
45 0.88180 1.951848
46 0.88710 1.942009
47 0.89210 1.940389
48 0.89710 1.941892
49 0.90170 1.953291
