0 0.04720 1.785330
1 0.09310 2.164353
2 0.13280 1.854643
3 0.16950 1.996830
4 0.20490 2.007534
5 0.24360 2.015322
6 0.27890 1.960053
7 0.31310 1.894524
8 0.34160 1.897241
9 0.37040 1.889878
10 0.40210 1.868472
11 0.42490 1.860962
12 0.44910 1.875173
13 0.47340 1.895874
14 0.49600 1.905750
15 0.51970 1.894141
16 0.54190 1.898011
17 0.56190 1.913458
18 0.58280 1.918650
19 0.60490 1.935049
20 0.62340 1.933227
21 0.63810 1.944041
22 0.65520 1.943254
23 0.67350 1.951798
24 0.68880 1.958474
25 0.70240 1.965540
26 0.71590 1.972097
27 0.72710 1.966471
28 0.74010 1.979483
29 0.75130 1.986177
30 0.76230 1.988821
31 0.77270 1.985797
32 0.78460 1.983710
33 0.79420 1.984358
34 0.80410 1.985525
35 0.81270 1.988013
36 0.82060 1.995153
37 0.82770 2.000557
38 0.83620 1.998352
39 0.84420 2.000252
40 0.85110 2.002483
41 0.85840 2.005251
42 0.86460 2.004742
43 0.87070 2.009519
44 0.87660 2.005947
45 0.88180 2.007029
46 0.88710 2.004907
47 0.89210 2.005409
48 0.89710 2.004726
49 0.90170 2.006273
