0 0.00250 0.001207
1 0.01140 0.269136
2 0.02800 0.530874
3 0.05080 0.649937
4 0.08150 0.853308
5 0.11580 1.095310
6 0.15430 1.221587
7 0.19570 1.341559
8 0.23720 1.480269
9 0.27690 1.579726
10 0.31920 1.662465
11 0.35980 1.741087
12 0.39980 1.784175
13 0.44210 1.824723
14 0.47890 1.864517
15 0.51710 1.898551
16 0.55320 1.911392
17 0.58380 1.931100
18 0.61370 1.953533
19 0.64110 1.964226
20 0.66900 1.968712
21 0.69260 1.975294
22 0.71460 1.978873
23 0.73560 1.981060
24 0.75640 1.983096
25 0.77690 1.987450
26 0.79430 1.989621
27 0.81200 1.992872
28 0.82820 1.992719
29 0.84220 1.993647
30 0.85640 1.994726
31 0.86930 1.993495
32 0.87920 1.993495
33 0.88940 1.995297
34 0.89880 1.996375
35 0.90590 1.996375
36 0.91300 1.996375
37 0.91940 1.997452
38 0.92700 1.998528
39 0.93300 1.999603
40 0.93990 1.998374
41 0.94450 1.998374
42 0.94910 1.998374
43 0.95280 1.998374
44 0.95780 1.998222
45 0.96080 1.998222
46 0.96330 1.998222
47 0.96620 1.998222
48 0.96870 1.998222
49 0.97150 1.998222
