0 0.00250 inf
1 0.01140 inf
2 0.02800 1.342423
3 0.05080 1.378917
4 0.08150 1.385175
5 0.11580 1.384533
6 0.15430 1.422790
7 0.19570 1.462713
8 0.23720 1.488712
9 0.27690 1.525996
10 0.31920 1.541565
11 0.35980 1.590056
12 0.39980 1.632362
13 0.44210 1.658845
14 0.47890 1.686531
15 0.51710 1.705552
16 0.55320 1.731417
17 0.58380 1.748188
18 0.61370 1.764898
19 0.64110 1.770136
20 0.66900 1.791639
21 0.69260 1.806017
22 0.71460 1.821012
23 0.73560 1.826813
24 0.75640 1.842732
25 0.77690 1.858124
26 0.79430 1.865615
27 0.81200 1.877315
28 0.82820 1.880814
29 0.84220 1.889302
30 0.85640 1.897613
31 0.86930 1.902768
32 0.87920 1.909378
33 0.88940 1.915526
34 0.89880 1.919250
35 0.90590 1.924149
36 0.91300 1.928646
37 0.91940 1.931361
38 0.92700 1.933442
39 0.93300 1.937072
40 0.93990 1.942094
41 0.94450 1.944678
42 0.94910 1.948328
43 0.95280 1.950147
44 0.95780 1.953352
45 0.96080 1.954526
46 0.96330 1.956260
47 0.96620 1.957358
48 0.96870 1.959100
49 0.97150 1.960134
