0 0.04380 1.624048
1 0.08850 1.854796
2 0.13190 1.928163
3 0.17110 1.824656
4 0.21140 1.880443
5 0.24780 1.871285
6 0.28240 1.885702
7 0.31450 1.962104
8 0.34970 1.918883
9 0.37710 1.889690
10 0.40600 1.964081
11 0.43330 1.897901
12 0.46040 1.969381
13 0.48640 1.894528
14 0.50980 1.940578
15 0.53240 1.902833
16 0.55110 1.901087
17 0.56970 1.951335
18 0.58910 1.906563
19 0.60960 1.893795
20 0.62850 1.955507
21 0.64610 1.967826
22 0.66580 1.901941
23 0.68150 1.919799
24 0.69580 1.949468
25 0.71030 1.987177
26 0.72400 1.897581
27 0.73660 1.896182
28 0.74890 1.951488
29 0.76000 1.967025
30 0.77000 1.977362
31 0.78040 1.908185
32 0.78990 1.917202
33 0.79960 1.911679
34 0.80830 1.917861
35 0.81810 1.960890
36 0.82660 1.955889
37 0.83270 1.955399
38 0.84010 1.958782
39 0.84940 1.910316
40 0.85800 1.908780
41 0.86440 1.925338
42 0.87020 1.925612
43 0.87670 1.931201
44 0.88260 1.944190
45 0.88710 1.940676
46 0.89320 1.939107
47 0.89730 1.942561
48 0.90100 1.951921
49 0.90560 1.957115
