0 0.04380 inf
1 0.08850 2.517196
2 0.13190 2.007382
3 0.17110 2.018927
4 0.21140 2.071391
5 0.24780 2.042110
6 0.28240 2.032591
7 0.31450 2.012504
8 0.34970 2.049939
9 0.37710 2.019039
10 0.40600 2.019250
11 0.43330 2.023194
12 0.46040 2.000627
13 0.48640 2.003479
14 0.50980 1.991992
15 0.53240 1.986265
16 0.55110 1.985715
17 0.56970 1.966006
18 0.58910 1.971638
19 0.60960 1.977486
20 0.62850 1.966114
21 0.64610 1.965535
22 0.66580 1.971460
23 0.68150 1.973295
24 0.69580 1.979047
25 0.71030 1.979435
26 0.72400 1.980277
27 0.73660 1.980828
28 0.74890 1.981838
29 0.76000 1.983917
30 0.77000 1.984649
31 0.78040 1.973837
32 0.78990 1.965583
33 0.79960 1.969246
34 0.80830 1.974982
35 0.81810 1.971259
36 0.82660 1.968418
37 0.83270 1.969669
38 0.84010 1.972892
39 0.84940 1.971606
40 0.85800 1.974398
41 0.86440 1.972608
42 0.87020 1.973745
43 0.87670 1.970356
44 0.88260 1.975517
45 0.88710 1.971929
46 0.89320 1.976778
47 0.89730 1.975011
48 0.90100 1.975768
49 0.90560 1.976233
