0 0.00030 0.000000
1 0.00130 0.800000
2 0.00200 0.800000
3 0.00390 1.111043
4 0.00700 1.096387
5 0.01050 1.403259
6 0.01440 1.487040
7 0.01940 1.523193
8 0.02740 1.450355
9 0.03760 1.321536
10 0.05080 1.425768
11 0.06530 1.589549
12 0.08280 1.498621
13 0.10410 1.520932
14 0.12660 1.507472
15 0.15040 1.534798
16 0.17910 1.581709
17 0.21090 1.616446
18 0.24750 1.616212
19 0.28810 1.645675
20 0.33020 1.664416
21 0.37330 1.700240
22 0.42030 1.748257
23 0.46410 1.768121
24 0.50310 1.792852
25 0.54230 1.806923
26 0.58290 1.823579
27 0.62240 1.844432
28 0.65840 1.827681
29 0.69310 1.876809
30 0.72650 1.873419
31 0.75530 1.867924
32 0.78340 1.867336
33 0.80680 1.877690
34 0.83000 1.906007
35 0.84990 1.907150
36 0.86750 1.929347
37 0.88440 1.931076
38 0.89750 1.901596
39 0.91120 1.915966
40 0.92200 1.922942
41 0.93180 1.921116
42 0.94040 1.919970
43 0.94910 1.935299
44 0.95540 1.939311
45 0.96200 1.943505
46 0.96580 1.955687
47 0.97010 1.955892
48 0.97430 1.956035
49 0.97700 1.954327
