0 0.00030 nan
1 0.00130 inf
2 0.00200 inf
3 0.00390 1.243038
4 0.00700 1.518514
5 0.01050 1.539912
6 0.01440 1.523746
7 0.01940 1.729165
8 0.02740 1.571391
9 0.03760 1.654695
10 0.05080 1.764425
11 0.06530 1.798614
12 0.08280 1.830642
13 0.10410 1.893683
14 0.12660 1.897470
15 0.15040 1.927883
16 0.17910 1.918240
17 0.21090 1.932491
18 0.24750 1.942956
19 0.28810 1.955949
20 0.33020 1.929264
21 0.37330 1.920892
22 0.42030 1.951558
23 0.46410 1.946325
24 0.50310 1.961421
25 0.54230 1.958905
26 0.58290 1.964632
27 0.62240 1.963019
28 0.65840 1.957742
29 0.69310 1.961079
30 0.72650 1.966545
31 0.75530 1.977845
32 0.78340 1.976055
33 0.80680 1.973348
34 0.83000 1.971590
35 0.84990 1.975264
36 0.86750 1.976803
37 0.88440 1.977572
38 0.89750 1.978855
39 0.91120 1.984527
40 0.92200 1.982245
41 0.93180 1.987306
42 0.94040 1.989380
43 0.94910 1.987326
44 0.95540 1.986102
45 0.96200 1.991503
46 0.96580 1.991848
47 0.97010 1.991582
48 0.97430 1.994799
49 0.97700 1.993401
