0 0.00040 0.000000
1 0.00080 1.200000
2 0.00230 1.272700
3 0.00490 1.456972
4 0.00930 1.429883
5 0.01600 1.421014
6 0.02280 1.492004
7 0.03250 1.428584
8 0.04420 1.464161
9 0.05900 1.600000
10 0.07460 1.581259
11 0.09240 1.556131
12 0.11620 1.614283
13 0.14010 1.621516
14 0.16610 1.612098
15 0.19670 1.581109
16 0.23270 1.612170
17 0.27230 1.633344
18 0.30950 1.666026
19 0.35650 1.683018
20 0.40300 1.743737
21 0.44980 1.738467
22 0.49390 1.765440
23 0.54210 1.797466
24 0.58970 1.800515
25 0.62900 1.838070
26 0.67010 1.846538
27 0.70990 1.845391
28 0.74390 1.899180
29 0.77450 1.892444
30 0.80110 1.874040
31 0.82440 1.890776
32 0.84880 1.902068
33 0.86920 1.941401
34 0.88590 1.947466
35 0.90130 1.907127
36 0.91370 1.906339
37 0.92530 1.912456
38 0.93610 1.901823
39 0.94180 1.901398
40 0.95050 1.918855
41 0.95660 1.933974
42 0.96220 1.937379
43 0.96730 1.938189
44 0.97210 1.943785
45 0.97660 1.949522
46 0.97990 1.950966
47 0.98240 1.953668
48 0.98430 1.955046
49 0.98660 1.953956
