0 0.00040 inf
1 0.00080 inf
2 0.00230 inf
3 0.00490 1.662758
4 0.00930 1.690196
5 0.01600 2.008600
6 0.02280 2.012837
7 0.03250 2.008600
8 0.04420 1.881385
9 0.05900 1.953840
10 0.07460 1.861236
11 0.09240 1.890933
12 0.11620 1.925656
13 0.14010 1.906142
14 0.16610 1.866566
15 0.19670 1.887322
16 0.23270 1.905606
17 0.27230 1.914897
18 0.30950 1.908211
19 0.35650 1.899362
20 0.40300 1.917101
21 0.44980 1.948222
22 0.49390 1.943003
23 0.54210 1.949585
24 0.58970 1.956299
25 0.62900 1.950149
26 0.67010 1.941477
27 0.70990 1.958047
28 0.74390 1.956238
29 0.77450 1.955533
30 0.80110 1.959237
31 0.82440 1.963008
32 0.84880 1.960580
33 0.86920 1.961285
34 0.88590 1.964470
35 0.90130 1.974899
36 0.91370 1.975228
37 0.92530 1.978614
38 0.93610 1.979877
39 0.94180 1.981934
40 0.95050 1.983777
41 0.95660 1.986200
42 0.96220 1.985088
43 0.96730 1.986593
44 0.97210 1.989135
45 0.97660 1.988916
46 0.97990 1.991857
47 0.98240 1.992798
48 0.98430 1.994074
49 0.98660 1.995762
