0 0.04500 2.041943
1 0.08920 1.838006
2 0.12900 1.937447
3 0.16620 1.822270
4 0.20290 1.860092
5 0.23800 1.857173
6 0.27480 1.870664
7 0.30800 1.958511
8 0.34100 1.919813
9 0.36980 1.893091
10 0.39730 1.969235
11 0.42500 1.889253
12 0.45270 1.981526
13 0.47430 1.878715
14 0.49830 1.961316
15 0.52230 1.941727
16 0.54140 1.904814
17 0.56250 1.942231
18 0.58210 1.956883
19 0.59970 1.924761
20 0.61950 1.924823
21 0.63870 1.973468
22 0.65480 1.900867
23 0.67150 1.908117
24 0.68650 1.952098
25 0.70070 1.981368
26 0.71410 1.893162
27 0.72780 1.903224
28 0.74040 1.935197
29 0.75220 1.970501
30 0.76410 1.978275
31 0.77450 1.921802
32 0.78340 1.903141
33 0.79240 1.913826
34 0.80240 1.919680
35 0.81240 1.940445
36 0.82210 1.973907
37 0.83010 1.956302
38 0.83770 1.948511
39 0.84540 1.921507
40 0.85110 1.903878
41 0.85710 1.905892
42 0.86380 1.924436
43 0.87000 1.929743
44 0.87540 1.935325
45 0.88130 1.949738
46 0.88780 1.939469
47 0.89210 1.945565
48 0.89520 1.944343
49 0.90000 1.955458
