0 0.04500 1.806180
1 0.08920 1.885078
2 0.12900 1.761381
3 0.16620 1.862926
4 0.20290 1.964312
5 0.23800 1.969649
6 0.27480 1.968483
7 0.30800 1.967080
8 0.34100 1.994680
9 0.36980 1.985222
10 0.39730 1.956084
11 0.42500 1.964657
12 0.45270 1.966033
13 0.47430 1.977077
14 0.49830 1.984302
15 0.52230 1.971161
16 0.54140 1.977266
17 0.56250 1.977688
18 0.58210 1.980003
19 0.59970 1.973066
20 0.61950 1.969998
21 0.63870 1.964610
22 0.65480 1.960109
23 0.67150 1.962798
24 0.68650 1.975219
25 0.70070 1.977655
26 0.71410 1.979194
27 0.72780 1.982968
28 0.74040 1.988058
29 0.75220 1.988926
30 0.76410 1.981813
31 0.77450 1.978581
32 0.78340 1.984919
33 0.79240 1.984002
34 0.80240 1.977689
35 0.81240 1.978420
36 0.82210 1.975407
37 0.83010 1.977707
38 0.83770 1.975129
39 0.84540 1.970178
40 0.85110 1.968607
41 0.85710 1.968956
42 0.86380 1.972287
43 0.87000 1.971516
44 0.87540 1.971127
45 0.88130 1.968642
46 0.88780 1.961984
47 0.89210 1.963633
48 0.89520 1.962389
49 0.90000 1.962956
