0 0.00210 0.000000
1 0.00970 0.331781
2 0.02290 0.526256
3 0.04260 0.695014
4 0.06960 0.954811
5 0.10150 1.075806
6 0.13760 1.220641
7 0.18040 1.314878
8 0.22070 1.432245
9 0.26410 1.539872
10 0.30660 1.631426
11 0.35070 1.707388
12 0.38970 1.769048
13 0.43160 1.818899
14 0.47040 1.843394
15 0.50890 1.879293
16 0.54330 1.904540
17 0.57660 1.924121
18 0.60880 1.943552
19 0.63830 1.958862
20 0.66440 1.965215
21 0.69070 1.967336
22 0.71420 1.972684
23 0.73480 1.975833
24 0.75740 1.977726
25 0.77820 1.981217
26 0.79440 1.986303
27 0.81130 1.990649
28 0.82600 1.990494
29 0.83830 1.992872
30 0.85090 1.992719
31 0.86210 1.991485
32 0.87310 1.992567
33 0.88330 1.991336
34 0.89060 1.991336
35 0.89790 1.991187
36 0.90560 1.993345
37 0.91310 1.993345
38 0.91950 1.993196
39 0.92600 1.993196
40 0.93140 1.993196
41 0.93690 1.993920
42 0.94010 1.993920
43 0.94450 1.993920
44 0.94820 1.993920
45 0.95130 1.993920
46 0.95490 1.992695
47 0.95780 1.992695
48 0.96040 1.993772
49 0.96310 1.993772
