0 0.00210 inf
1 0.00970 0.602060
2 0.02290 1.041393
3 0.04260 1.133539
4 0.06960 1.328750
5 0.10150 1.355388
6 0.13760 1.425866
7 0.18040 1.474638
8 0.22070 1.540720
9 0.26410 1.587871
10 0.30660 1.621668
11 0.35070 1.659726
12 0.38970 1.659243
13 0.43160 1.693817
14 0.47040 1.702039
15 0.50890 1.730119
16 0.54330 1.755813
17 0.57660 1.775601
18 0.60880 1.786331
19 0.63830 1.803519
20 0.66440 1.821938
21 0.69070 1.835143
22 0.71420 1.851297
23 0.73480 1.863658
24 0.75740 1.876409
25 0.77820 1.892230
26 0.79440 1.904912
27 0.81130 1.908961
28 0.82600 1.920476
29 0.83830 1.926894
30 0.85090 1.935054
31 0.86210 1.944769
32 0.87310 1.949866
33 0.88330 1.955454
34 0.89060 1.959041
35 0.89790 1.964980
36 0.90560 1.971932
37 0.91310 1.973713
38 0.91950 1.979151
39 0.92600 1.984204
40 0.93140 1.987111
41 0.93690 1.988693
42 0.94010 1.990830
43 0.94450 1.992852
44 0.94820 1.995684
45 0.95130 1.996524
46 0.95490 1.999058
47 0.95780 1.999723
48 0.96040 2.001657
49 0.96310 2.003773
