0 0.00040 0.000000
1 0.00120 0.800000
2 0.00310 0.872568
3 0.00560 1.178914
4 0.01080 1.213659
5 0.01840 1.505939
6 0.02620 1.411213
7 0.03790 1.560295
8 0.05140 1.480394
9 0.06810 1.440734
10 0.08620 1.553694
11 0.10570 1.533625
12 0.12920 1.583670
13 0.15800 1.598072
14 0.18660 1.613767
15 0.21790 1.623461
16 0.25500 1.679119
17 0.29270 1.671938
18 0.33570 1.679071
19 0.37760 1.697363
20 0.42470 1.718418
21 0.47030 1.741696
22 0.51660 1.751162
23 0.55920 1.785647
24 0.60270 1.836959
25 0.64420 1.818940
26 0.67830 1.847950
27 0.71530 1.886897
28 0.74810 1.870373
29 0.77820 1.890465
30 0.80390 1.895012
31 0.82550 1.908727
32 0.84830 1.906615
33 0.86580 1.895484
34 0.88380 1.901085
35 0.89720 1.916061
36 0.91080 1.903156
37 0.92200 1.923223
38 0.93150 1.934984
39 0.94050 1.938346
40 0.94790 1.943434
41 0.95650 1.953690
42 0.96270 1.957765
43 0.96810 1.960330
44 0.97350 1.962544
45 0.97760 1.964896
46 0.97970 1.965365
47 0.98190 1.965694
48 0.98400 1.966633
49 0.98580 1.966633
