0 0.00040 inf
1 0.00120 inf
2 0.00310 inf
3 0.00560 inf
4 0.01080 1.826075
5 0.01840 2.077368
6 0.02620 1.998913
7 0.03790 2.001445
8 0.05140 1.862330
9 0.06810 1.855654
10 0.08620 1.899870
11 0.10570 1.857721
12 0.12920 1.826229
13 0.15800 1.830940
14 0.18660 1.868269
15 0.21790 1.898112
16 0.25500 1.863460
17 0.29270 1.860251
18 0.33570 1.859173
19 0.37760 1.868584
20 0.42470 1.869345
21 0.47030 1.883409
22 0.51660 1.900472
23 0.55920 1.893713
24 0.60270 1.893442
25 0.64420 1.898498
26 0.67830 1.893505
27 0.71530 1.898395
28 0.74810 1.902697
29 0.77820 1.906217
30 0.80390 1.912344
31 0.82550 1.924925
32 0.84830 1.925931
33 0.86580 1.932622
34 0.88380 1.937617
35 0.89720 1.939033
36 0.91080 1.937373
37 0.92200 1.936459
38 0.93150 1.931488
39 0.94050 1.930876
40 0.94790 1.932152
41 0.95650 1.931978
42 0.96270 1.932920
43 0.96810 1.933007
44 0.97350 1.933636
45 0.97760 1.934616
46 0.97970 1.935435
47 0.98190 1.937115
48 0.98400 1.937632
49 0.98580 1.935808
