0 0.04520 1.672129
1 0.09060 1.843264
2 0.13240 1.942236
3 0.17050 1.988400
4 0.20850 1.844172
5 0.24470 1.873176
6 0.27700 1.895143
7 0.30810 1.952414
8 0.33950 1.912539
9 0.36660 1.932768
10 0.39400 1.966121
11 0.42160 1.881191
12 0.44750 1.985246
13 0.47480 1.871162
14 0.49840 1.967934
15 0.52020 1.950140
16 0.54380 1.910575
17 0.56670 1.948911
18 0.58780 1.941438
19 0.60690 1.918621
20 0.62380 1.923629
21 0.63860 1.966488
22 0.65580 1.945217
23 0.67100 1.901803
24 0.68550 1.913952
25 0.70090 1.961123
26 0.71570 1.996761
27 0.72870 1.894907
28 0.74070 1.903382
29 0.75240 1.913871
30 0.76370 1.967828
31 0.77340 1.987315
32 0.78190 1.964018
33 0.79270 1.920381
34 0.80360 1.908800
35 0.81200 1.924871
36 0.82100 1.922375
37 0.82900 1.952712
38 0.83790 1.988880
39 0.84580 1.961976
40 0.85300 1.963326
41 0.86160 1.917293
42 0.86730 1.905470
43 0.87290 1.909275
44 0.87740 1.932748
45 0.88260 1.940087
46 0.88740 1.938130
47 0.89300 1.939221
48 0.89740 1.962052
49 0.90230 1.942170
