0 0.04520 inf
1 0.09060 2.507856
2 0.13240 2.521792
3 0.17050 2.137117
4 0.20850 2.141972
5 0.24470 2.038185
6 0.27700 2.040954
7 0.30810 2.064107
8 0.33950 2.063016
9 0.36660 2.077698
10 0.39400 2.075475
11 0.42160 2.073276
12 0.44750 2.074254
13 0.47480 2.044922
14 0.49840 2.040893
15 0.52020 2.026517
16 0.54380 2.037120
17 0.56670 2.022460
18 0.58780 2.021944
19 0.60690 2.029261
20 0.62380 2.030434
21 0.63860 2.034539
22 0.65580 2.029147
23 0.67100 2.032442
24 0.68550 2.022710
25 0.70090 2.025467
26 0.71570 2.026368
27 0.72870 2.024094
28 0.74070 2.020736
29 0.75240 2.016774
30 0.76370 2.013420
31 0.77340 2.012497
32 0.78190 2.010511
33 0.79270 2.010490
34 0.80360 2.014147
35 0.81200 2.018315
36 0.82100 2.011686
37 0.82900 2.011479
38 0.83790 2.007991
39 0.84580 2.005695
40 0.85300 2.002096
41 0.86160 1.994711
42 0.86730 1.995665
43 0.87290 1.995871
44 0.87740 1.997305
45 0.88260 1.994065
46 0.88740 1.996292
47 0.89300 1.992738
48 0.89740 1.992892
49 0.90230 1.991904
