0 0.00030 0.000000
1 0.00050 0.000000
2 0.00090 0.399804
3 0.00120 0.864972
4 0.00210 0.653184
5 0.00340 0.627842
6 0.00590 0.188478
7 0.00840 0.158452
8 0.01170 0.567903
9 0.01670 0.628361
10 0.02140 0.679218
11 0.02720 0.791983
12 0.03590 0.863690
13 0.04560 1.039786
14 0.05710 1.121879
15 0.07160 1.151567
16 0.08770 1.169402
17 0.10440 1.159652
18 0.12440 1.149944
19 0.14640 1.238527
20 0.17190 1.227284
21 0.20040 1.305700
22 0.23080 1.343199
23 0.26270 1.405857
24 0.29230 1.479117
25 0.32200 1.538083
26 0.35600 1.588408
27 0.39250 1.572850
28 0.43080 1.600609
29 0.46530 1.622472
30 0.49840 1.660733
31 0.53420 1.712719
32 0.56640 1.764921
33 0.59860 1.784461
34 0.63050 1.794999
35 0.66340 1.825226
36 0.69250 1.851544
37 0.72120 1.868335
38 0.74660 1.896305
39 0.76730 1.904699
40 0.78890 1.921744
41 0.80960 1.931256
42 0.82820 1.946193
43 0.84720 1.951159
44 0.86230 1.956318
45 0.87610 1.967067
46 0.88870 1.972243
47 0.89870 1.974371
48 0.90810 1.977345
49 0.91630 1.981371
