0 0.00030 inf
1 0.00050 inf
2 0.00090 inf
3 0.00120 inf
4 0.00210 1.091080
5 0.00340 1.210853
6 0.00590 1.401401
7 0.00840 1.431364
8 0.01170 1.302697
9 0.01670 1.440459
10 0.02140 1.519390
11 0.02720 1.549548
12 0.03590 1.579264
13 0.04560 1.565060
14 0.05710 1.617599
15 0.07160 1.653213
16 0.08770 1.662758
17 0.10440 1.700054
18 0.12440 1.728988
19 0.14640 1.753115
20 0.17190 1.763606
21 0.20040 1.766668
22 0.23080 1.773684
23 0.26270 1.792611
24 0.29230 1.807487
25 0.32200 1.805353
26 0.35600 1.814045
27 0.39250 1.827753
28 0.43080 1.824789
29 0.46530 1.829476
30 0.49840 1.842822
31 0.53420 1.853406
32 0.56640 1.863482
33 0.59860 1.857119
34 0.63050 1.862087
35 0.66340 1.871058
36 0.69250 1.873887
37 0.72120 1.882151
38 0.74660 1.886847
39 0.76730 1.896051
40 0.78890 1.900277
41 0.80960 1.904084
42 0.82820 1.906699
43 0.84720 1.905479
44 0.86230 1.910821
45 0.87610 1.914845
46 0.88870 1.919688
47 0.89870 1.923551
48 0.90810 1.926787
49 0.91630 1.930682
