0 0.04280 2.023557
1 0.08730 1.803994
2 0.13200 1.945848
3 0.17050 1.876454
4 0.20740 1.820730
5 0.24210 1.938255
6 0.27470 1.950735
7 0.30740 1.933427
8 0.33850 1.877614
9 0.36830 1.931237
10 0.39650 1.918243
11 0.42450 1.883739
12 0.45120 1.912646
13 0.47620 1.969290
14 0.49860 1.913089
15 0.52370 1.944122
16 0.54650 1.916095
17 0.56540 1.934892
18 0.58770 1.963360
19 0.60840 1.937730
20 0.62640 1.922093
21 0.64180 1.979771
22 0.65860 1.934666
23 0.67500 1.906981
24 0.69180 1.954613
25 0.70720 1.989151
26 0.72090 1.902225
27 0.73410 1.907193
28 0.74550 1.963853
29 0.75640 1.978379
30 0.76800 1.943490
31 0.77670 1.904774
32 0.78690 1.909522
33 0.79610 1.916560
34 0.80580 1.922554
35 0.81590 1.932768
36 0.82410 1.977778
37 0.83230 1.970206
38 0.83990 1.962727
39 0.84480 1.959779
40 0.85160 1.932690
41 0.85930 1.908540
42 0.86570 1.919296
43 0.87190 1.931983
44 0.87740 1.942538
45 0.88380 1.947890
46 0.88900 1.961053
47 0.89540 1.949884
48 0.90000 1.945106
49 0.90520 1.943376
