0 0.04280 1.799341
1 0.08730 2.180413
2 0.13200 2.034093
3 0.17050 2.099220
4 0.20740 2.015726
5 0.24210 1.990068
6 0.27470 2.062206
7 0.30740 2.082666
8 0.33850 2.012543
9 0.36830 2.022016
10 0.39650 1.994076
11 0.42450 2.010163
12 0.45120 2.012615
13 0.47620 2.037476
14 0.49860 2.048496
15 0.52370 2.034694
16 0.54650 2.040834
17 0.56540 2.030676
18 0.58770 2.010578
19 0.60840 2.017427
20 0.62640 2.009314
21 0.64180 1.988597
22 0.65860 1.995015
23 0.67500 2.005851
24 0.69180 1.992023
25 0.70720 1.986369
26 0.72090 1.977767
27 0.73410 1.983770
28 0.74550 1.985283
29 0.75640 1.977782
30 0.76800 1.980108
31 0.77670 1.982029
32 0.78690 1.980440
33 0.79610 1.976730
34 0.80580 1.972088
35 0.81590 1.973009
36 0.82410 1.975506
37 0.83230 1.974904
38 0.83990 1.975432
39 0.84480 1.976244
40 0.85160 1.975866
41 0.85930 1.978257
42 0.86570 1.976062
43 0.87190 1.980529
44 0.87740 1.980069
45 0.88380 1.976197
46 0.88900 1.978166
47 0.89540 1.976291
48 0.90000 1.979426
49 0.90520 1.978288
