0 0.00260 0.030888
1 0.01030 0.352629
2 0.02600 0.505193
3 0.04490 0.690621
4 0.07330 0.837269
5 0.10470 1.028434
6 0.14340 1.222090
7 0.18400 1.375554
8 0.23260 1.508697
9 0.27590 1.605876
10 0.31900 1.690107
11 0.36520 1.755360
12 0.40560 1.812222
13 0.44890 1.864219
14 0.48850 1.891617
15 0.52470 1.918533
16 0.56270 1.935551
17 0.59540 1.947101
18 0.62600 1.950915
19 0.65630 1.960191
20 0.68280 1.966527
21 0.70950 1.970926
22 0.73160 1.972607
23 0.75320 1.980003
24 0.77370 1.983131
25 0.79380 1.986248
26 0.80980 1.985939
27 0.82490 1.990494
28 0.83830 1.991423
29 0.85190 1.993230
30 0.86530 1.995035
31 0.87600 1.998273
32 0.88560 1.995805
33 0.89410 1.997959
34 0.90340 1.997959
35 0.91070 1.997959
36 0.91700 1.999035
37 0.92250 2.000111
38 0.92840 2.000111
39 0.93440 1.999954
40 0.93950 1.999954
41 0.94420 1.998725
42 0.94790 1.998725
43 0.95120 1.998222
44 0.95550 1.998222
45 0.95940 1.998222
46 0.96190 1.998222
47 0.96470 1.998222
48 0.96670 1.998222
49 0.96900 1.998071
