0 0.00260 inf
1 0.01030 inf
2 0.02600 1.544068
3 0.04490 1.331519
4 0.07330 1.334119
5 0.10470 1.305351
6 0.14340 1.429348
7 0.18400 1.420570
8 0.23260 1.459288
9 0.27590 1.513903
10 0.31900 1.545166
11 0.36520 1.597338
12 0.40560 1.615051
13 0.44890 1.649926
14 0.48850 1.681017
15 0.52470 1.690696
16 0.56270 1.708163
17 0.59540 1.731882
18 0.62600 1.750197
19 0.65630 1.760046
20 0.68280 1.773456
21 0.70950 1.796883
22 0.73160 1.814362
23 0.75320 1.827964
24 0.77370 1.833378
25 0.79380 1.848197
26 0.80980 1.860795
27 0.82490 1.869527
28 0.83830 1.876806
29 0.85190 1.888597
30 0.86530 1.899938
31 0.87600 1.908976
32 0.88560 1.913001
33 0.89410 1.919051
34 0.90340 1.926079
35 0.91070 1.931259
36 0.91700 1.933075
37 0.92250 1.936580
38 0.92840 1.939989
39 0.93440 1.943555
40 0.93950 1.946514
41 0.94420 1.949983
42 0.94790 1.952872
43 0.95120 1.955548
44 0.95550 1.956630
45 0.95940 1.959906
46 0.96190 1.961941
47 0.96470 1.963609
48 0.96670 1.964928
49 0.96900 1.966750
