0 0.00160 0.000000
1 0.00720 0.397226
2 0.01890 0.470573
3 0.03740 0.587205
4 0.06370 0.847572
5 0.09270 0.997927
6 0.12700 1.140190
7 0.16250 1.291191
8 0.20610 1.416850
9 0.24810 1.530529
10 0.29050 1.609085
11 0.33540 1.690502
12 0.37820 1.741467
13 0.41950 1.790175
14 0.45940 1.839736
15 0.49960 1.869962
16 0.53620 1.898362
17 0.57120 1.913270
18 0.60620 1.923620
19 0.63830 1.950494
20 0.66460 1.955782
21 0.69140 1.967417
22 0.71650 1.975324
23 0.73920 1.979185
24 0.76020 1.985004
25 0.77910 1.985939
26 0.79710 1.991008
27 0.81400 1.994625
28 0.82760 1.993385
29 0.84110 1.994467
30 0.85400 1.994880
31 0.86460 1.995959
32 0.87500 1.995959
33 0.88590 1.995959
34 0.89450 1.995959
35 0.90280 1.995959
36 0.91040 1.995805
37 0.91700 1.996528
38 0.92320 1.997606
39 0.92860 1.997606
40 0.93400 1.997606
41 0.93890 1.997452
42 0.94300 1.997452
43 0.94690 1.997452
44 0.95100 1.997452
45 0.95560 1.997452
46 0.95920 1.996223
47 0.96220 1.996223
48 0.96460 1.996223
49 0.96780 1.994997
