0 0.00160 nan
1 0.00720 1.000000
2 0.01890 1.550228
3 0.03740 1.253257
4 0.06370 1.317700
5 0.09270 1.324797
6 0.12700 1.432309
7 0.16250 1.485807
8 0.20610 1.492393
9 0.24810 1.540022
10 0.29050 1.563670
11 0.33540 1.583759
12 0.37820 1.610114
13 0.41950 1.660052
14 0.45940 1.690237
15 0.49960 1.717628
16 0.53620 1.735160
17 0.57120 1.759852
18 0.60620 1.775928
19 0.63830 1.794251
20 0.66460 1.810263
21 0.69140 1.828134
22 0.71650 1.849169
23 0.73920 1.863544
24 0.76020 1.870780
25 0.77910 1.882703
26 0.79710 1.892743
27 0.81400 1.903231
28 0.82760 1.913206
29 0.84110 1.923999
30 0.85400 1.934787
31 0.86460 1.938588
32 0.87500 1.945108
33 0.88590 1.948982
34 0.89450 1.953413
35 0.90280 1.957566
36 0.91040 1.963385
37 0.91700 1.967069
38 0.92320 1.970551
39 0.92860 1.975073
40 0.93400 1.977736
41 0.93890 1.981356
42 0.94300 1.982136
43 0.94690 1.983691
44 0.95100 1.986541
45 0.95560 1.990240
46 0.95920 1.992593
47 0.96220 1.994044
48 0.96460 1.995635
49 0.96780 1.997811
