0 0.04501 1.242947
1 0.08813 1.698422
2 0.12938 1.876009
3 0.16844 1.948676
4 0.20583 1.980287
5 0.24121 1.997423
6 0.27544 2.006262
7 0.30784 2.010635
8 0.33925 2.013135
9 0.36918 2.014941
10 0.39767 2.015578
11 0.42489 2.016268
12 0.45085 2.016639
13 0.47548 2.016851
14 0.49899 2.017010
15 0.52177 2.017116
16 0.54312 2.017169
17 0.56344 2.017222
18 0.58300 2.017328
19 0.60175 2.017381
20 0.61940 2.017381
21 0.63676 2.017381
22 0.65317 2.017381
23 0.66880 2.017381
24 0.68358 2.017434
25 0.69806 2.017487
26 0.71184 2.017540
27 0.72482 2.017540
28 0.73732 2.017540
29 0.74938 2.017540
30 0.76063 2.017540
31 0.77133 2.017540
32 0.78153 2.017540
33 0.79144 2.017540
34 0.80097 2.017540
35 0.81000 2.017540
36 0.81851 2.017540
37 0.82673 2.017540
38 0.83448 2.017540
39 0.84213 2.017540
40 0.84935 2.017540
41 0.85621 2.017540
42 0.86287 2.017540
43 0.86897 2.017540
44 0.87505 2.017540
45 0.88065 2.017540
46 0.88604 2.017540
47 0.89092 2.017540
48 0.89574 2.017540
49 0.90035 2.017540
