0 0.00060 0.000000
1 0.00180 0.214301
2 0.00330 0.349262
3 0.00660 0.685059
4 0.01160 0.598788
5 0.01740 0.802536
6 0.02340 0.878298
7 0.03160 0.851958
8 0.04200 0.943909
9 0.05420 0.957017
10 0.06940 0.993831
11 0.08690 1.060933
12 0.10770 1.056371
13 0.13140 1.172830
14 0.15690 1.249350
15 0.18330 1.320075
16 0.21170 1.366110
17 0.24310 1.425362
18 0.27660 1.489297
19 0.31110 1.549563
20 0.34500 1.572189
21 0.38050 1.599922
22 0.41730 1.626341
23 0.45310 1.665228
24 0.48960 1.686604
25 0.52430 1.725655
26 0.55680 1.750667
27 0.58910 1.786157
28 0.61920 1.801099
29 0.64950 1.833204
30 0.67930 1.862856
31 0.70580 1.868844
32 0.72720 1.882844
33 0.74900 1.889437
34 0.77050 1.913144
35 0.79270 1.934221
36 0.81090 1.937879
37 0.82550 1.945825
38 0.84060 1.945864
39 0.85460 1.950192
40 0.86730 1.961027
41 0.88100 1.955952
42 0.89260 1.963676
43 0.90300 1.962082
44 0.91160 1.971486
45 0.91930 1.972517
46 0.92840 1.975882
47 0.93550 1.982433
48 0.94190 1.981935
49 0.94680 1.984105
