0 0.00060 inf
1 0.00180 inf
2 0.00330 1.113943
3 0.00660 1.531479
4 0.01160 1.162727
5 0.01740 1.266389
6 0.02340 1.344611
7 0.03160 1.463111
8 0.04200 1.553398
9 0.05420 1.596420
10 0.06940 1.687232
11 0.08690 1.686262
12 0.10770 1.682667
13 0.13140 1.704428
14 0.15690 1.726861
15 0.18330 1.728572
16 0.21170 1.759191
17 0.24310 1.781198
18 0.27660 1.784266
19 0.31110 1.792438
20 0.34500 1.812261
21 0.38050 1.807462
22 0.41730 1.829875
23 0.45310 1.845718
24 0.48960 1.854670
25 0.52430 1.877441
26 0.55680 1.893312
27 0.58910 1.906715
28 0.61920 1.915106
29 0.64950 1.926647
30 0.67930 1.928432
31 0.70580 1.941357
32 0.72720 1.947843
33 0.74900 1.953764
34 0.77050 1.956811
35 0.79270 1.967560
36 0.81090 1.964136
37 0.82550 1.969235
38 0.84060 1.977945
39 0.85460 1.984297
40 0.86730 1.987384
41 0.88100 1.988001
42 0.89260 1.989558
43 0.90300 1.988257
44 0.91160 1.990838
45 0.91930 1.994063
46 0.92840 1.997946
47 0.93550 1.999417
48 0.94190 2.003046
49 0.94680 2.002196
