0 0.00160 0.095882
1 0.00750 0.321783
2 0.01980 0.407733
3 0.03650 0.550663
4 0.06500 0.806597
5 0.09740 1.019533
6 0.13260 1.119688
7 0.17480 1.275122
8 0.21460 1.426996
9 0.25440 1.519149
10 0.30030 1.608741
11 0.34500 1.692531
12 0.38480 1.759493
13 0.42630 1.812044
14 0.46780 1.844279
15 0.50450 1.884212
16 0.53740 1.915799
17 0.57060 1.933744
18 0.60650 1.949405
19 0.63560 1.960806
20 0.66280 1.966170
21 0.68750 1.974808
22 0.71120 1.981005
23 0.73350 1.985004
24 0.75290 1.985634
25 0.77210 1.988531
26 0.79050 1.988379
27 0.80620 1.990544
28 0.82150 1.991625
29 0.83500 1.993431
30 0.84790 1.994510
31 0.85720 1.997391
32 0.86730 1.997391
33 0.87680 1.998116
34 0.88690 1.998116
35 0.89350 1.998116
36 0.90130 1.999916
37 0.90950 1.999916
38 0.91800 1.998683
39 0.92380 1.999759
40 0.92970 2.001909
41 0.93520 2.001909
42 0.94020 2.001909
43 0.94520 2.001909
44 0.94960 2.002982
45 0.95290 2.002982
46 0.95640 2.002982
47 0.96010 2.002982
48 0.96330 2.002982
49 0.96590 2.002982
