0 0.00160 inf
1 0.00750 inf
2 0.01980 1.327359
3 0.03650 1.558709
4 0.06500 1.537335
5 0.09740 1.500954
6 0.13260 1.434506
7 0.17480 1.455537
8 0.21460 1.468488
9 0.25440 1.502723
10 0.30030 1.536345
11 0.34500 1.574876
12 0.38480 1.586500
13 0.42630 1.628621
14 0.46780 1.649169
15 0.50450 1.668636
16 0.53740 1.693714
17 0.57060 1.718769
18 0.60650 1.744370
19 0.63560 1.763284
20 0.66280 1.771186
21 0.68750 1.783572
22 0.71120 1.799519
23 0.73350 1.811639
24 0.75290 1.828577
25 0.77210 1.842922
26 0.79050 1.855058
27 0.80620 1.866753
28 0.82150 1.879158
29 0.83500 1.884682
30 0.84790 1.893466
31 0.85720 1.896746
32 0.86730 1.903161
33 0.87680 1.909698
34 0.88690 1.918082
35 0.89350 1.922368
36 0.90130 1.925450
37 0.90950 1.929864
38 0.91800 1.935569
39 0.92380 1.939124
40 0.92970 1.941151
41 0.93520 1.945971
42 0.94020 1.949687
43 0.94520 1.952271
44 0.94960 1.955560
45 0.95290 1.958280
46 0.95640 1.960790
47 0.96010 1.962475
48 0.96330 1.964752
49 0.96590 1.966639
