0 0.00020 0.000000
1 0.00070 0.253380
2 0.00190 0.319608
3 0.00320 0.143448
4 0.00500 0.219307
5 0.00920 0.427861
6 0.01520 0.693455
7 0.02170 0.689234
8 0.02830 0.861576
9 0.03790 0.928307
10 0.05150 1.047117
11 0.06690 1.164806
12 0.08120 1.116775
13 0.09730 1.195057
14 0.11690 1.332338
15 0.13690 1.363015
16 0.16120 1.357926
17 0.18300 1.330413
18 0.20540 1.373468
19 0.23040 1.431619
20 0.26030 1.484034
21 0.28780 1.459659
22 0.32300 1.527897
23 0.35570 1.564629
24 0.39130 1.581487
25 0.42560 1.635345
26 0.46080 1.625763
27 0.49610 1.681573
28 0.52810 1.718815
29 0.56390 1.749554
30 0.59510 1.769313
31 0.62420 1.788031
32 0.65270 1.817595
33 0.67810 1.831652
34 0.70180 1.849008
35 0.72780 1.880329
36 0.75170 1.893779
37 0.77170 1.911765
38 0.79310 1.922667
39 0.81040 1.935243
40 0.82850 1.952348
41 0.84370 1.956133
42 0.85830 1.964259
43 0.87100 1.969250
44 0.88230 1.971897
45 0.89310 1.980400
46 0.90510 1.976682
47 0.91460 1.974231
48 0.92390 1.980993
49 0.93150 1.980993
