0 0.00020 nan
1 0.00070 inf
2 0.00190 1.146128
3 0.00320 1.544068
4 0.00500 1.724276
5 0.00920 1.397940
6 0.01520 1.414973
7 0.02170 1.467714
8 0.02830 1.505150
9 0.03790 1.592124
10 0.05150 1.668386
11 0.06690 1.678036
12 0.08120 1.704518
13 0.09730 1.711807
14 0.11690 1.728218
15 0.13690 1.786571
16 0.16120 1.804250
17 0.18300 1.827101
18 0.20540 1.818773
19 0.23040 1.833624
20 0.26030 1.853257
21 0.28780 1.867690
22 0.32300 1.874635
23 0.35570 1.888240
24 0.39130 1.898309
25 0.42560 1.905889
26 0.46080 1.909533
27 0.49610 1.897236
28 0.52810 1.895637
29 0.56390 1.899381
30 0.59510 1.897859
31 0.62420 1.899562
32 0.65270 1.908409
33 0.67810 1.917120
34 0.70180 1.918527
35 0.72780 1.924593
36 0.75170 1.926992
37 0.77170 1.929034
38 0.79310 1.932093
39 0.81040 1.937176
40 0.82850 1.949404
41 0.84370 1.955540
42 0.85830 1.958718
43 0.87100 1.959812
44 0.88230 1.964689
45 0.89310 1.966148
46 0.90510 1.971501
47 0.91460 1.975201
48 0.92390 1.976530
49 0.93150 1.975145
