0 0.04380 1.684913
1 0.08800 1.819535
2 0.12690 1.908133
3 0.16530 1.892874
4 0.20270 1.837684
5 0.23620 1.929067
6 0.26870 1.945544
7 0.30270 1.891959
8 0.33530 1.890731
9 0.36580 1.949658
10 0.39530 1.873255
11 0.42220 1.980861
12 0.44780 1.903024
13 0.46900 1.989958
14 0.49350 1.887970
15 0.51400 1.947473
16 0.53530 1.967134
17 0.55580 1.914122
18 0.57590 1.941319
19 0.59350 1.959300
20 0.61150 1.927141
21 0.63010 1.901041
22 0.64650 1.962549
23 0.66260 1.983929
24 0.67650 1.931033
25 0.69290 1.919912
26 0.70720 1.925733
27 0.72050 1.960568
28 0.73300 1.994428
29 0.74600 1.914050
30 0.75650 1.899821
31 0.76810 1.919619
32 0.77930 1.962570
33 0.78850 1.983859
34 0.79770 1.976705
35 0.80680 1.931271
36 0.81630 1.924249
37 0.82540 1.922151
38 0.83290 1.922153
39 0.84010 1.968890
40 0.84600 1.975018
41 0.85420 1.963675
42 0.85960 1.966280
43 0.86560 1.911490
44 0.87100 1.909585
45 0.87700 1.915558
46 0.88260 1.929897
47 0.88810 1.933290
48 0.89440 1.934555
49 0.89940 1.936028
