0 0.04380 1.628389
1 0.08800 1.766413
2 0.12690 1.878665
3 0.16530 1.975223
4 0.20270 1.911017
5 0.23620 1.906832
6 0.26870 1.960312
7 0.30270 1.996887
8 0.33530 2.029587
9 0.36580 2.054953
10 0.39530 2.017399
11 0.42220 2.053207
12 0.44780 2.055196
13 0.46900 2.060956
14 0.49350 2.060091
15 0.51400 2.058978
16 0.53530 2.061572
17 0.55580 2.049845
18 0.57590 2.057214
19 0.59350 2.054444
20 0.61150 2.052193
21 0.63010 2.041623
22 0.64650 2.030561
23 0.66260 2.038441
24 0.67650 2.034496
25 0.69290 2.037711
26 0.70720 2.048946
27 0.72050 2.037339
28 0.73300 2.036139
29 0.74600 2.036307
30 0.75650 2.039989
31 0.76810 2.046862
32 0.77930 2.041672
33 0.78850 2.039250
34 0.79770 2.035652
35 0.80680 2.036143
36 0.81630 2.024509
37 0.82540 2.026234
38 0.83290 2.027471
39 0.84010 2.021429
40 0.84600 2.021079
41 0.85420 2.022905
42 0.85960 2.025428
43 0.86560 2.024525
44 0.87100 2.023750
45 0.87700 2.029208
46 0.88260 2.031198
47 0.88810 2.035001
48 0.89440 2.039901
49 0.89940 2.036939
