0 0.00210 0.174732
1 0.00810 0.191994
2 0.01980 0.424222
3 0.03750 0.649600
4 0.06110 0.777686
5 0.08930 0.923974
6 0.12590 1.132560
7 0.16480 1.286636
8 0.20580 1.419119
9 0.25080 1.509966
10 0.29240 1.569130
11 0.33120 1.638240
12 0.37100 1.701314
13 0.41110 1.775540
14 0.45020 1.824951
15 0.48910 1.864159
16 0.52720 1.883076
17 0.56040 1.909775
18 0.59210 1.926062
19 0.62260 1.938220
20 0.64830 1.949899
21 0.67760 1.962702
22 0.70430 1.971880
23 0.72770 1.970627
24 0.74980 1.974942
25 0.76820 1.978085
26 0.78450 1.982093
27 0.80300 1.986876
28 0.81840 1.987450
29 0.83240 1.988536
30 0.84510 1.991789
31 0.85820 1.992872
32 0.86870 1.992872
33 0.87790 1.992872
34 0.88970 1.995035
35 0.89910 1.995035
36 0.90740 1.994880
37 0.91410 1.994880
38 0.92060 1.994880
39 0.92630 1.994880
40 0.93150 1.995959
41 0.93730 1.995959
42 0.94260 1.998839
43 0.94620 1.998839
44 0.95140 1.998839
45 0.95410 1.998839
46 0.95640 1.998839
47 0.95900 1.998839
48 0.96170 1.998839
49 0.96390 1.998839
