0 0.00210 nan
1 0.00810 inf
2 0.01980 1.217484
3 0.03750 1.295567
4 0.06110 1.400250
5 0.08930 1.303505
6 0.12590 1.400062
7 0.16480 1.434258
8 0.20580 1.515443
9 0.25080 1.555008
10 0.29240 1.578279
11 0.33120 1.592032
12 0.37100 1.626606
13 0.41110 1.641308
14 0.45020 1.674001
15 0.48910 1.699155
16 0.52720 1.713821
17 0.56040 1.737762
18 0.59210 1.748974
19 0.62260 1.770529
20 0.64830 1.786499
21 0.67760 1.806462
22 0.70430 1.825853
23 0.72770 1.841535
24 0.74980 1.855530
25 0.76820 1.868742
26 0.78450 1.884050
27 0.80300 1.894788
28 0.81840 1.903547
29 0.83240 1.914105
30 0.84510 1.923178
31 0.85820 1.930567
32 0.86870 1.935965
33 0.87790 1.939701
34 0.88970 1.949294
35 0.89910 1.956018
36 0.90740 1.959094
37 0.91410 1.963240
38 0.92060 1.966245
39 0.92630 1.970697
40 0.93150 1.974952
41 0.93730 1.979791
42 0.94260 1.983574
43 0.94620 1.986316
44 0.95140 1.989799
45 0.95410 1.990485
46 0.95640 1.990947
47 0.95900 1.992544
48 0.96170 1.993430
49 0.96390 1.993951
