0 0.00060 0.800000
1 0.00210 1.796741
2 0.00420 1.368586
3 0.00800 1.128998
4 0.01380 1.511043
5 0.02210 1.503683
6 0.02920 1.531542
7 0.03860 1.503832
8 0.05090 1.453389
9 0.06250 1.444510
10 0.07650 1.559469
11 0.09530 1.562065
12 0.11870 1.577996
13 0.14130 1.553514
14 0.17030 1.562364
15 0.20250 1.585087
16 0.23300 1.599878
17 0.26900 1.627758
18 0.30740 1.678919
19 0.34920 1.696172
20 0.39150 1.726536
21 0.43520 1.724996
22 0.47780 1.785112
23 0.52260 1.764832
24 0.56610 1.784647
25 0.60870 1.820443
26 0.65100 1.808781
27 0.68760 1.837407
28 0.72320 1.874140
29 0.75490 1.857894
30 0.78550 1.869404
31 0.81300 1.897125
32 0.83410 1.899702
33 0.85660 1.924960
34 0.87600 1.901627
35 0.89130 1.906163
36 0.90520 1.905257
37 0.91660 1.904784
38 0.92820 1.907271
39 0.93780 1.928742
40 0.94580 1.931352
41 0.95310 1.942017
42 0.95920 1.948842
43 0.96420 1.952659
44 0.96770 1.957436
45 0.97140 1.958710
46 0.97470 1.960784
47 0.97720 1.963327
48 0.97990 1.963798
49 0.98170 1.959858
