0 0.00060 inf
1 0.00210 inf
2 0.00420 inf
3 0.00800 inf
4 0.01380 2.187521
5 0.02210 1.930694
6 0.02920 2.011147
7 0.03860 1.835402
8 0.05090 1.947352
9 0.06250 1.852785
10 0.07650 1.877467
11 0.09530 1.933375
12 0.11870 1.931667
13 0.14130 1.910848
14 0.17030 1.929819
15 0.20250 1.947733
16 0.23300 1.973625
17 0.26900 1.968544
18 0.30740 1.949125
19 0.34920 1.952262
20 0.39150 1.950679
21 0.43520 1.966391
22 0.47780 1.949454
23 0.52260 1.954699
24 0.56610 1.960946
25 0.60870 1.972217
26 0.65100 1.979295
27 0.68760 1.980974
28 0.72320 1.975162
29 0.75490 1.979583
30 0.78550 1.986342
31 0.81300 1.991163
32 0.83410 1.996874
33 0.85660 1.988599
34 0.87600 1.995719
35 0.89130 2.001196
36 0.90520 1.998061
37 0.91660 2.001583
38 0.92820 2.003169
39 0.93780 2.005819
40 0.94580 2.007166
41 0.95310 2.006702
42 0.95920 2.008684
43 0.96420 2.010783
44 0.96770 2.013701
45 0.97140 2.011300
46 0.97470 2.010321
47 0.97720 2.011779
48 0.97990 2.011646
49 0.98170 2.011718
