0 0.00040 0.000000
1 0.00110 1.901955
2 0.00220 0.966015
3 0.00380 1.696317
4 0.00520 1.457542
5 0.00760 1.435985
6 0.01150 1.291527
7 0.01820 1.183743
8 0.02500 1.306138
9 0.03610 1.368562
10 0.04930 1.489292
11 0.06530 1.517548
12 0.08450 1.538801
13 0.10660 1.559555
14 0.13310 1.557589
15 0.16400 1.586526
16 0.19850 1.608466
17 0.23710 1.686937
18 0.27520 1.703481
19 0.31930 1.712555
20 0.36130 1.737604
21 0.40440 1.740375
22 0.44220 1.770219
23 0.48230 1.765805
24 0.52350 1.802787
25 0.56490 1.800088
26 0.60580 1.841209
27 0.64770 1.875623
28 0.68740 1.841055
29 0.72090 1.868723
30 0.75070 1.899623
31 0.77970 1.910220
32 0.80340 1.862319
33 0.82910 1.902073
34 0.84910 1.922084
35 0.86520 1.916213
36 0.88420 1.937929
37 0.89810 1.943169
38 0.91190 1.913736
39 0.92550 1.909397
40 0.93700 1.913974
41 0.94520 1.918725
42 0.95260 1.916549
43 0.95940 1.921536
44 0.96330 1.928530
45 0.96800 1.936792
46 0.97400 1.945135
47 0.97840 1.946898
48 0.98140 1.954042
49 0.98440 1.956123
