0 0.00040 inf
1 0.00110 inf
2 0.00220 inf
3 0.00380 1.716003
4 0.00520 1.819544
5 0.00760 2.008600
6 0.01150 2.178977
7 0.01820 2.394452
8 0.02500 2.540329
9 0.03610 2.135133
10 0.04930 2.043643
11 0.06530 1.951418
12 0.08450 1.965554
13 0.10660 1.948502
14 0.13310 1.995973
15 0.16400 2.021706
16 0.19850 1.960285
17 0.23710 1.972119
18 0.27520 1.939238
19 0.31930 1.954707
20 0.36130 1.938834
21 0.40440 1.970288
22 0.44220 1.946534
23 0.48230 1.948301
24 0.52350 1.939935
25 0.56490 1.950354
26 0.60580 1.950384
27 0.64770 1.950140
28 0.68740 1.960623
29 0.72090 1.963070
30 0.75070 1.970643
31 0.77970 1.969510
32 0.80340 1.976503
33 0.82910 1.980863
34 0.84910 1.992573
35 0.86520 1.994304
36 0.88420 2.000929
37 0.89810 2.004267
38 0.91190 2.005471
39 0.92550 2.011746
40 0.93700 2.013504
41 0.94520 2.015771
42 0.95260 2.015326
43 0.95940 2.021069
44 0.96330 2.020112
45 0.96800 2.023752
46 0.97400 2.023158
47 0.97840 2.021458
48 0.98140 2.018594
49 0.98440 2.020727
