0 0.04480 1.960026
1 0.08450 1.913325
2 0.12790 1.897555
3 0.16860 1.917721
4 0.20550 1.839778
5 0.24180 1.875887
6 0.27380 1.950344
7 0.30420 1.905056
8 0.33470 1.888614
9 0.36500 1.980187
10 0.39580 1.951539
11 0.42330 1.885312
12 0.44870 1.947832
13 0.47450 1.884882
14 0.49670 1.954667
15 0.52030 1.962324
16 0.54250 1.915999
17 0.56270 1.949880
18 0.58360 1.959228
19 0.60200 1.921328
20 0.62010 1.913948
21 0.63600 1.966401
22 0.65590 1.940457
23 0.66980 1.910623
24 0.68550 1.926896
25 0.69900 1.965407
26 0.71520 1.989574
27 0.72960 1.906355
28 0.74230 1.906630
29 0.75520 1.946471
30 0.76440 1.971744
31 0.77530 1.983066
32 0.78510 1.954542
33 0.79530 1.906732
34 0.80490 1.916143
35 0.81370 1.924515
36 0.82210 1.933917
37 0.82960 1.964037
38 0.83750 1.962820
39 0.84540 1.961986
40 0.85390 1.932246
41 0.86040 1.908764
42 0.86690 1.913983
43 0.87360 1.924188
44 0.87930 1.933656
45 0.88450 1.938540
46 0.89030 1.938158
47 0.89490 1.951252
48 0.89950 1.948439
49 0.90340 1.945729
