0 0.04480 1.880814
1 0.08450 2.098644
2 0.12790 2.146903
3 0.16860 1.938269
4 0.20550 1.904174
5 0.24180 1.945272
6 0.27380 2.005395
7 0.30420 2.086360
8 0.33470 2.089602
9 0.36500 2.128552
10 0.39580 2.091416
11 0.42330 2.091981
12 0.44870 2.098978
13 0.47450 2.098100
14 0.49670 2.090086
15 0.52030 2.091646
16 0.54250 2.067124
17 0.56270 2.070161
18 0.58360 2.078202
19 0.60200 2.043945
20 0.62010 2.027480
21 0.63600 2.022621
22 0.65590 2.020361
23 0.66980 2.014853
24 0.68550 2.018289
25 0.69900 2.020666
26 0.71520 2.033228
27 0.72960 2.041769
28 0.74230 2.035652
29 0.75520 2.028270
30 0.76440 2.026873
31 0.77530 2.030629
32 0.78510 2.037571
33 0.79530 2.029613
34 0.80490 2.025547
35 0.81370 2.023859
36 0.82210 2.022758
37 0.82960 2.020915
38 0.83750 2.018878
39 0.84540 2.016971
40 0.85390 2.017797
41 0.86040 2.020753
42 0.86690 2.022986
43 0.87360 2.020198
44 0.87930 2.018072
45 0.88450 2.020051
46 0.89030 2.016555
47 0.89490 2.014092
48 0.89950 2.013443
49 0.90340 2.011366
