0 0.00003 nan
1 0.00005 nan
2 0.00007 nan
3 0.00012 nan
4 0.00016 nan
5 0.00022 nan
6 0.00029 nan
7 0.00037 nan
8 0.00047 inf
9 0.00055 inf
10 0.00064 inf
11 0.00079 inf
12 0.00092 inf
13 0.00102 inf
14 0.00111 inf
15 0.00133 inf
16 0.00147 inf
17 0.00160 inf
18 0.00172 inf
19 0.00190 1.113943
20 0.00212 0.903090
21 0.00236 1.000000
22 0.00257 1.021189
23 0.00273 0.884607
24 0.00293 0.812913
25 0.00314 0.778151
26 0.00334 0.880814
27 0.00358 0.817660
28 0.00391 0.770033
29 0.00415 0.770852
30 0.00438 0.778151
