0 0.00200 0.163688
1 0.01000 0.221618
2 0.02470 0.384437
3 0.04820 0.648271
4 0.08020 0.900825
5 0.11380 1.049035
6 0.15240 1.184185
7 0.19470 1.359303
8 0.23790 1.446380
9 0.28090 1.530434
10 0.32490 1.628907
11 0.36750 1.694386
12 0.40910 1.736578
13 0.45000 1.786031
14 0.48500 1.827269
15 0.52310 1.865624
16 0.56070 1.894142
17 0.59450 1.914092
18 0.62690 1.937609
19 0.65680 1.956498
20 0.68250 1.962997
21 0.70680 1.970727
22 0.73010 1.979586
23 0.75330 1.979850
24 0.77160 1.980944
25 0.78890 1.982765
26 0.80480 1.986456
27 0.82010 1.988116
28 0.83280 1.987963
29 0.84740 1.989049
30 0.85770 1.988897
31 0.86950 1.989470
32 0.88000 1.990044
33 0.88960 1.990044
34 0.89880 1.993290
35 0.90720 1.993290
36 0.91390 1.994370
37 0.91930 1.994370
38 0.92600 1.991911
39 0.93110 1.991911
40 0.93600 1.991911
41 0.94070 1.991911
42 0.94590 1.991911
43 0.95090 1.992990
44 0.95460 1.994068
45 0.95810 1.992842
46 0.96140 1.992842
47 0.96460 1.992695
48 0.96850 1.992695
49 0.97120 1.992695
