0 0.00200 inf
1 0.01000 1.041393
2 0.02470 1.094976
3 0.04820 1.331661
4 0.08020 1.315270
5 0.11380 1.425581
6 0.15240 1.523361
7 0.19470 1.519812
8 0.23790 1.531479
9 0.28090 1.570094
10 0.32490 1.584317
11 0.36750 1.611677
12 0.40910 1.632594
13 0.45000 1.649128
14 0.48500 1.668114
15 0.52310 1.691778
16 0.56070 1.721650
17 0.59450 1.744397
18 0.62690 1.764781
19 0.65680 1.782205
20 0.68250 1.791281
21 0.70680 1.809880
22 0.73010 1.823467
23 0.75330 1.830498
24 0.77160 1.839894
25 0.78890 1.850349
26 0.80480 1.860842
27 0.82010 1.870074
28 0.83280 1.879312
29 0.84740 1.887895
30 0.85770 1.893329
31 0.86950 1.902674
32 0.88000 1.909083
33 0.88960 1.915540
34 0.89880 1.922863
35 0.90720 1.928838
36 0.91390 1.930864
37 0.91930 1.933690
38 0.92600 1.938395
39 0.93110 1.939892
40 0.93600 1.942494
41 0.94070 1.943861
42 0.94590 1.947797
43 0.95090 1.951374
44 0.95460 1.952897
45 0.95810 1.955157
46 0.96140 1.957640
47 0.96460 1.959476
48 0.96850 1.962285
49 0.97120 1.964032
