0 0.00150 0.000000
1 0.00710 0.177714
2 0.01760 0.415619
3 0.03460 0.582914
4 0.05990 0.770142
5 0.09010 0.975046
6 0.12530 1.124336
7 0.16400 1.268892
8 0.20620 1.379106
9 0.25010 1.487780
10 0.29440 1.611476
11 0.33450 1.675672
12 0.37750 1.747598
13 0.41890 1.795084
14 0.45810 1.834801
15 0.49790 1.871117
16 0.53440 1.906011
17 0.56670 1.920086
18 0.60020 1.933631
19 0.62860 1.947772
20 0.65920 1.956817
21 0.68660 1.968782
22 0.71070 1.979094
23 0.73390 1.984456
24 0.75150 1.989196
25 0.77180 1.991941
26 0.79060 1.992865
27 0.80730 1.992372
28 0.82320 1.997999
29 0.83570 2.000722
30 0.84830 2.002881
31 0.85910 2.002716
32 0.86930 2.002552
33 0.87900 2.001312
34 0.88950 2.001312
35 0.89770 2.001151
36 0.90540 2.002227
37 0.91360 2.003303
38 0.92020 2.004377
39 0.92640 2.004377
40 0.93320 2.004377
41 0.93930 2.001909
42 0.94340 2.001909
43 0.94680 2.002982
44 0.94970 2.002982
45 0.95290 2.002982
46 0.95570 2.002982
47 0.95890 2.002982
48 0.96070 2.002982
49 0.96350 2.001751
