0 0.00150 nan
1 0.00710 1.113943
2 0.01760 1.130334
3 0.03460 1.329059
4 0.05990 1.296874
5 0.09010 1.321702
6 0.12530 1.339948
7 0.16400 1.411620
8 0.20620 1.463097
9 0.25010 1.515936
10 0.29440 1.546144
11 0.33450 1.570466
12 0.37750 1.607642
13 0.41890 1.636914
14 0.45810 1.666780
15 0.49790 1.701495
16 0.53440 1.720521
17 0.56670 1.736055
18 0.60020 1.757750
19 0.62860 1.779650
20 0.65920 1.800366
21 0.68660 1.802336
22 0.71070 1.815385
23 0.73390 1.829715
24 0.75150 1.841266
25 0.77180 1.851913
26 0.79060 1.862876
27 0.80730 1.869328
28 0.82320 1.880025
29 0.83570 1.889822
30 0.84830 1.896877
31 0.85910 1.900144
32 0.86930 1.907848
33 0.87900 1.911957
34 0.88950 1.918289
35 0.89770 1.921405
36 0.90540 1.923710
37 0.91360 1.927934
38 0.92020 1.932121
39 0.92640 1.937067
40 0.93320 1.940756
41 0.93930 1.943188
42 0.94340 1.945758
43 0.94680 1.947417
44 0.94970 1.946394
45 0.95290 1.949050
46 0.95570 1.951110
47 0.95890 1.952371
48 0.96070 1.951326
49 0.96350 1.953288
