0 0.04420 1.697063
1 0.08920 1.832089
2 0.13340 1.977261
3 0.17280 1.836947
4 0.21130 1.858586
5 0.24620 1.879088
6 0.28040 1.883868
7 0.31270 1.960002
8 0.34670 1.876328
9 0.37400 1.936452
10 0.40190 1.939188
11 0.42650 1.877947
12 0.45440 1.959043
13 0.47890 1.877444
14 0.50180 1.947179
15 0.52220 1.949317
16 0.54070 1.908856
17 0.56150 1.946447
18 0.58030 1.933597
19 0.60040 1.931322
20 0.61850 1.939412
21 0.63490 1.975178
22 0.65490 1.907091
23 0.67130 1.925540
24 0.68660 1.961595
25 0.70100 1.990556
26 0.71420 1.894736
27 0.72680 1.898452
28 0.73990 1.951641
29 0.75250 1.978091
30 0.76320 1.966020
31 0.77280 1.930344
32 0.78380 1.914438
33 0.79470 1.911416
34 0.80480 1.919431
35 0.81250 1.937528
36 0.82180 1.976637
37 0.82850 1.968454
38 0.83520 1.956235
39 0.84340 1.958511
40 0.84970 1.911584
41 0.85550 1.905669
42 0.86130 1.924153
43 0.86760 1.934111
44 0.87300 1.930277
45 0.87790 1.937138
46 0.88420 1.950837
47 0.88800 1.939273
48 0.89200 1.942427
49 0.89660 1.952816
