0 0.04420 1.356981
1 0.08920 1.911158
2 0.13340 2.148603
3 0.17280 2.116534
4 0.21130 2.104780
5 0.24620 2.083861
6 0.28040 2.064181
7 0.31270 2.070653
8 0.34670 2.064549
9 0.37400 2.090454
10 0.40190 2.072427
11 0.42650 2.061732
12 0.45440 2.040271
13 0.47890 2.026317
14 0.50180 2.031145
15 0.52220 2.015585
16 0.54070 2.023234
17 0.56150 2.011791
18 0.58030 2.002918
19 0.60040 1.998622
20 0.61850 1.977666
21 0.63490 1.982382
22 0.65490 1.991589
23 0.67130 1.985145
24 0.68660 1.987411
25 0.70100 1.988823
26 0.71420 1.984156
27 0.72680 1.990762
28 0.73990 1.984130
29 0.75250 1.977704
30 0.76320 1.980128
31 0.77280 1.982066
32 0.78380 1.990357
33 0.79470 1.995071
34 0.80480 1.996911
35 0.81250 1.998753
36 0.82180 2.005230
37 0.82850 2.009250
38 0.83520 2.010788
39 0.84340 2.015816
40 0.84970 2.012883
41 0.85550 2.012367
42 0.86130 2.013572
43 0.86760 2.009826
44 0.87300 2.011080
45 0.87790 2.005388
46 0.88420 2.009724
47 0.88800 2.010900
48 0.89200 2.011820
49 0.89660 2.010040
