0 0.00030 0.563492
1 0.00060 0.563492
2 0.00120 0.380070
3 0.00270 0.210675
4 0.00470 0.555498
5 0.00780 0.675969
6 0.01110 0.616779
7 0.01690 0.564037
8 0.02350 0.882312
9 0.03190 0.821412
10 0.04200 0.863906
11 0.05210 0.807238
12 0.06610 0.977000
13 0.08180 1.071196
14 0.10170 1.149382
15 0.12300 1.129074
16 0.14700 1.191792
17 0.17320 1.324928
18 0.20250 1.354998
19 0.23410 1.421969
20 0.26910 1.435116
21 0.30540 1.483565
22 0.34300 1.532650
23 0.38080 1.596789
24 0.41920 1.627017
25 0.45560 1.666617
26 0.49440 1.694882
27 0.52840 1.737150
28 0.56240 1.761090
29 0.59680 1.775522
30 0.62850 1.817755
31 0.66020 1.835694
32 0.68850 1.848020
33 0.71210 1.857138
34 0.73610 1.880195
35 0.76130 1.898252
36 0.78380 1.920242
37 0.80330 1.920207
38 0.82150 1.939285
39 0.84060 1.946954
40 0.85600 1.956674
41 0.86890 1.965515
42 0.88150 1.971604
43 0.89420 1.975690
44 0.90490 1.979185
45 0.91380 1.981369
46 0.92290 1.986819
47 0.93100 1.990080
48 0.93770 1.992976
49 0.94450 1.994784
