0 0.00030 nan
1 0.00060 inf
2 0.00120 inf
3 0.00270 inf
4 0.00470 inf
5 0.00780 1.587337
6 0.01110 1.660391
7 0.01690 1.481443
8 0.02350 1.535392
9 0.03190 1.541448
10 0.04200 1.611458
11 0.05210 1.604091
12 0.06610 1.655085
13 0.08180 1.698334
14 0.10170 1.690707
15 0.12300 1.718640
16 0.14700 1.744753
17 0.17320 1.755404
18 0.20250 1.804867
19 0.23410 1.812258
20 0.26910 1.797768
21 0.30540 1.808790
22 0.34300 1.828660
23 0.38080 1.833062
24 0.41920 1.859382
25 0.45560 1.855927
26 0.49440 1.873388
27 0.52840 1.879744
28 0.56240 1.886376
29 0.59680 1.879849
30 0.62850 1.886129
31 0.66020 1.892889
32 0.68850 1.898435
33 0.71210 1.905487
34 0.73610 1.912743
35 0.76130 1.922863
36 0.78380 1.922659
37 0.80330 1.929537
38 0.82150 1.928903
39 0.84060 1.935574
40 0.85600 1.940366
41 0.86890 1.945946
42 0.88150 1.948116
43 0.89420 1.954385
44 0.90490 1.958481
45 0.91380 1.961402
46 0.92290 1.962771
47 0.93100 1.963837
48 0.93770 1.967862
49 0.94450 1.971324
