0 0.00150 0.047941
1 0.00910 0.197198
2 0.02180 0.366359
3 0.04300 0.584486
4 0.06740 0.783580
5 0.10050 0.955391
6 0.13720 1.171375
7 0.17330 1.272803
8 0.21190 1.414418
9 0.25480 1.538206
10 0.29820 1.628714
11 0.34490 1.702546
12 0.38840 1.763957
13 0.42910 1.818264
14 0.46980 1.867012
15 0.50710 1.895843
16 0.54150 1.915728
17 0.57500 1.934172
18 0.60740 1.948710
19 0.63940 1.955618
20 0.66920 1.963601
21 0.69630 1.968604
22 0.72180 1.978760
23 0.74450 1.980947
24 0.76270 1.983131
25 0.78420 1.987856
26 0.79920 1.991117
27 0.81600 1.989712
28 0.83120 1.990281
29 0.84680 1.992817
30 0.85900 1.995191
31 0.87220 1.998273
32 0.88320 2.002227
33 0.89410 2.002227
34 0.90340 2.004377
35 0.91210 2.003142
36 0.91690 2.003142
37 0.92380 2.003142
38 0.92980 2.003142
39 0.93550 2.001909
40 0.94250 2.000678
41 0.94730 2.000678
42 0.95130 2.000678
43 0.95620 2.000678
44 0.95980 2.000678
45 0.96220 2.000678
46 0.96440 2.000678
47 0.96700 2.000678
48 0.97010 2.000678
49 0.97210 2.000678
