0 0.00150 inf
1 0.00910 1.176091
2 0.02180 1.139879
3 0.04300 1.239478
4 0.06740 1.318608
5 0.10050 1.376015
6 0.13720 1.466490
7 0.17330 1.471292
8 0.21190 1.504572
9 0.25480 1.527455
10 0.29820 1.549557
11 0.34490 1.577082
12 0.38840 1.619626
13 0.42910 1.649815
14 0.46980 1.685187
15 0.50710 1.706422
16 0.54150 1.710348
17 0.57500 1.722959
18 0.60740 1.741387
19 0.63940 1.757056
20 0.66920 1.774725
21 0.69630 1.788160
22 0.72180 1.807181
23 0.74450 1.819653
24 0.76270 1.827439
25 0.78420 1.840366
26 0.79920 1.850662
27 0.81600 1.855592
28 0.83120 1.862629
29 0.84680 1.871667
30 0.85900 1.877526
31 0.87220 1.885169
32 0.88320 1.891740
33 0.89410 1.894769
34 0.90340 1.899821
35 0.91210 1.906452
36 0.91690 1.910187
37 0.92380 1.915419
38 0.92980 1.919229
39 0.93550 1.922839
40 0.94250 1.926163
41 0.94730 1.928640
42 0.95130 1.931434
43 0.95620 1.934847
44 0.95980 1.937398
45 0.96220 1.938486
46 0.96440 1.939922
47 0.96700 1.940819
48 0.97010 1.941756
49 0.97210 1.943197
