0 0.04240 2.049202
1 0.08360 1.796456
2 0.12640 1.920301
3 0.16470 1.917792
4 0.19940 1.861074
5 0.23560 1.925206
6 0.26910 1.947683
7 0.29750 1.888301
8 0.32980 1.900662
9 0.36340 1.987683
10 0.39470 1.930234
11 0.42090 1.881358
12 0.44710 1.932269
13 0.47270 1.916929
14 0.49980 1.958108
15 0.52230 1.933733
16 0.54350 1.905411
17 0.56370 1.944429
18 0.58340 1.950562
19 0.60230 1.927374
20 0.62150 1.917866
21 0.63670 1.973397
22 0.65240 1.930964
23 0.66680 1.900712
24 0.68050 1.910458
25 0.69730 1.959705
26 0.71380 1.992719
27 0.72680 1.907175
28 0.73970 1.898234
29 0.75060 1.906224
30 0.76210 1.957150
31 0.77420 1.984410
32 0.78340 1.986892
33 0.79560 1.944236
34 0.80470 1.904714
35 0.81490 1.916482
36 0.82310 1.922375
37 0.83060 1.930641
38 0.83810 1.963092
39 0.84710 1.973441
40 0.85250 1.959751
41 0.85840 1.961082
42 0.86420 1.961253
43 0.87020 1.903397
44 0.87690 1.912643
45 0.88270 1.927768
46 0.88940 1.933082
47 0.89470 1.937626
48 0.90060 1.940646
49 0.90590 1.955456
