0 0.04240 1.875061
1 0.08360 1.870696
2 0.12640 1.964462
3 0.16470 1.911772
4 0.19940 2.005752
5 0.23560 2.015040
6 0.26910 2.053078
7 0.29750 2.103550
8 0.32980 2.116130
9 0.36340 2.079698
10 0.39470 2.038078
11 0.42090 2.049409
12 0.44710 2.023450
13 0.47270 2.021492
14 0.49980 2.003828
15 0.52230 1.972637
16 0.54350 1.978479
17 0.56370 1.959112
18 0.58340 1.971629
19 0.60230 1.971902
20 0.62150 1.987580
21 0.63670 1.993546
22 0.65240 2.004980
23 0.66680 2.005988
24 0.68050 2.003306
25 0.69730 1.990810
26 0.71380 1.990454
27 0.72680 1.995124
28 0.73970 2.003029
29 0.75060 2.000820
30 0.76210 2.005448
31 0.77420 2.006672
32 0.78340 2.000238
33 0.79560 2.012713
34 0.80470 2.008600
35 0.81490 2.010850
36 0.82310 2.014080
37 0.83060 2.013114
38 0.83810 2.014693
39 0.84710 2.009808
40 0.85250 2.010523
41 0.85840 2.015314
42 0.86420 2.016252
43 0.87020 2.015052
44 0.87690 2.017340
45 0.88270 2.019765
46 0.88940 2.017629
47 0.89470 2.019285
48 0.90060 2.022077
49 0.90590 2.023382
