0 0.00020 0.000000
1 0.00050 0.800000
2 0.00070 1.901955
3 0.00120 0.928771
4 0.00240 0.912383
5 0.00470 1.203425
6 0.00880 1.263372
7 0.01520 1.445603
8 0.02280 1.461927
9 0.03340 1.505890
10 0.04520 1.466556
11 0.06030 1.488207
12 0.07840 1.535505
13 0.10060 1.544540
14 0.12650 1.593136
15 0.15660 1.575862
16 0.19150 1.586049
17 0.23270 1.641931
18 0.27040 1.656779
19 0.31610 1.711349
20 0.35840 1.725070
21 0.40160 1.740344
22 0.44870 1.775926
23 0.49180 1.780529
24 0.53760 1.777735
25 0.57940 1.782485
26 0.62270 1.837428
27 0.65820 1.870721
28 0.69320 1.824253
29 0.72460 1.850885
30 0.75710 1.893552
31 0.78630 1.865054
32 0.81200 1.877610
33 0.83770 1.917714
34 0.86010 1.926029
35 0.87930 1.953704
36 0.89230 1.950481
37 0.90740 1.911141
38 0.92050 1.917381
39 0.93210 1.921479
40 0.94090 1.922900
41 0.94850 1.921918
42 0.95650 1.920792
43 0.96160 1.940789
44 0.96840 1.943520
45 0.97360 1.946737
46 0.97640 1.946273
47 0.97910 1.944821
48 0.98160 1.948940
49 0.98340 1.951958
