0 0.00020 nan
1 0.00050 inf
2 0.00070 inf
3 0.00120 0.903090
4 0.00240 1.204120
5 0.00470 1.462398
6 0.00880 1.913814
7 0.01520 1.724276
8 0.02280 1.832509
9 0.03340 1.958086
10 0.04520 1.892713
11 0.06030 1.898894
12 0.07840 1.946636
13 0.10060 1.930115
14 0.12650 1.925170
15 0.15660 1.868959
16 0.19150 1.896332
17 0.23270 1.880643
18 0.27040 1.870447
19 0.31610 1.853293
20 0.35840 1.869232
21 0.40160 1.875954
22 0.44870 1.895680
23 0.49180 1.904615
24 0.53760 1.920198
25 0.57940 1.931824
26 0.62270 1.935922
27 0.65820 1.942612
28 0.69320 1.947194
29 0.72460 1.947942
30 0.75710 1.961183
31 0.78630 1.954510
32 0.81200 1.965999
33 0.83770 1.966270
34 0.86010 1.965267
35 0.87930 1.968441
36 0.89230 1.971726
37 0.90740 1.975790
38 0.92050 1.973828
39 0.93210 1.977774
40 0.94090 1.980166
41 0.94850 1.983419
42 0.95650 1.986906
43 0.96160 1.987327
44 0.96840 1.992288
45 0.97360 1.993489
46 0.97640 1.993301
47 0.97910 1.993196
48 0.98160 1.992767
49 0.98340 1.991645
