0 0.00029 0.124068
1 0.00062 0.198295
2 0.00120 0.418388
3 0.00202 0.475884
4 0.00324 0.591827
5 0.00502 0.763845
6 0.00745 0.787290
7 0.01057 0.874966
8 0.01459 0.875776
9 0.01973 1.028751
10 0.02599 1.026440
11 0.03380 1.150148
12 0.04333 1.226535
13 0.05466 1.275214
14 0.06754 1.285074
15 0.08269 1.364486
16 0.09927 1.427702
17 0.11758 1.506588
18 0.13799 1.556937
19 0.16042 1.591372
20 0.18474 1.631084
21 0.21079 1.652286
22 0.23862 1.693567
23 0.26708 1.728800
24 0.29686 1.751499
25 0.32813 1.794578
26 0.36012 1.828130
27 0.39219 1.855295
28 0.42438 1.883277
29 0.45711 1.901551
30 0.48955 1.925251
31 0.52119 1.946630
32 0.55179 1.961842
33 0.58202 1.965660
34 0.61121 1.970897
35 0.63924 1.979147
36 0.66607 1.978974
37 0.69185 1.982050
38 0.71599 1.981529
39 0.73882 1.984319
40 0.76002 1.987829
41 0.77979 1.988755
42 0.79827 1.989251
43 0.81552 1.990540
44 0.83161 1.990969
45 0.84672 1.991828
46 0.86034 1.991893
47 0.87284 1.991893
48 0.88389 1.991893
49 0.89408 1.991959
