0 0.00030 0.563492
1 0.00120 0.000000
2 0.00230 0.361608
3 0.00460 0.342551
4 0.00840 0.483936
5 0.01380 0.514268
6 0.02010 0.805260
7 0.02710 0.712558
8 0.03710 0.890419
9 0.05090 0.962340
10 0.06760 0.915206
11 0.08450 0.992331
12 0.10700 1.103373
13 0.13310 1.127530
14 0.16070 1.146212
15 0.19080 1.256608
16 0.22270 1.297978
17 0.25850 1.409684
18 0.29520 1.470634
19 0.33010 1.501779
20 0.37010 1.530446
21 0.40700 1.558330
22 0.44290 1.594861
23 0.47810 1.647195
24 0.51610 1.692407
25 0.55470 1.749836
26 0.59140 1.783473
27 0.62440 1.807076
28 0.65530 1.836259
29 0.68320 1.854115
30 0.71060 1.875677
31 0.73590 1.882767
32 0.76220 1.897362
33 0.78550 1.916020
34 0.80650 1.920891
35 0.82130 1.927806
36 0.83810 1.940375
37 0.85260 1.950397
38 0.86610 1.959134
39 0.87810 1.963187
40 0.88980 1.971269
41 0.90070 1.976931
42 0.91210 1.980052
43 0.92100 1.983537
44 0.92800 1.985928
45 0.93370 1.988826
46 0.93960 1.989554
47 0.94530 1.993530
48 0.95050 1.995337
49 0.95630 1.995337
