0 0.00030 nan
1 0.00120 0.778151
2 0.00230 0.929419
3 0.00460 1.371068
4 0.00840 1.685742
5 0.01380 1.556303
6 0.02010 1.615424
7 0.02710 1.658445
8 0.03710 1.607455
9 0.05090 1.568202
10 0.06760 1.572991
11 0.08450 1.592653
12 0.10700 1.626169
13 0.13310 1.639408
14 0.16070 1.678560
15 0.19080 1.692889
16 0.22270 1.712817
17 0.25850 1.739543
18 0.29520 1.759869
19 0.33010 1.786690
20 0.37010 1.804090
21 0.40700 1.822175
22 0.44290 1.845804
23 0.47810 1.863295
24 0.51610 1.869515
25 0.55470 1.886255
26 0.59140 1.893577
27 0.62440 1.892869
28 0.65530 1.908313
29 0.68320 1.918175
30 0.71060 1.929643
31 0.73590 1.929304
32 0.76220 1.932266
33 0.78550 1.935535
34 0.80650 1.938273
35 0.82130 1.935591
36 0.83810 1.940402
37 0.85260 1.943374
38 0.86610 1.948020
39 0.87810 1.951229
40 0.88980 1.955450
41 0.90070 1.958722
42 0.91210 1.962747
43 0.92100 1.965838
44 0.92800 1.967136
45 0.93370 1.970617
46 0.93960 1.973140
47 0.94530 1.975073
48 0.95050 1.978616
49 0.95630 1.981189
