0 0.04420 1.660231
1 0.08930 1.833873
2 0.12760 1.919213
3 0.16550 1.976683
4 0.20270 1.827926
5 0.23980 1.870351
6 0.27330 1.845420
7 0.30710 1.959087
8 0.33830 1.872912
9 0.36690 1.928230
10 0.39370 1.960228
11 0.42430 1.872272
12 0.44920 1.985486
13 0.47650 1.888764
14 0.50120 1.959491
15 0.52340 1.946516
16 0.54410 1.915582
17 0.56510 1.958405
18 0.58420 1.938398
19 0.60480 1.935213
20 0.62310 1.922093
21 0.63990 1.975876
22 0.65510 1.910330
23 0.67310 1.904097
24 0.68870 1.959035
25 0.70450 1.993865
26 0.71710 1.905615
27 0.72930 1.898535
28 0.74120 1.915436
29 0.75150 1.960437
30 0.76180 1.985016
31 0.77220 1.981924
32 0.78180 1.949158
33 0.79160 1.911893
34 0.80030 1.914632
35 0.80980 1.915358
36 0.81860 1.921214
37 0.82560 1.946177
38 0.83430 1.976266
39 0.84200 1.962533
40 0.84890 1.964032
41 0.85530 1.939746
42 0.86250 1.908976
43 0.86840 1.907542
44 0.87430 1.928420
45 0.87920 1.934555
46 0.88490 1.932634
47 0.88920 1.934235
48 0.89460 1.951293
49 0.90010 1.947277
