0 0.04420 inf
1 0.08930 2.498311
2 0.12760 2.042050
3 0.16550 1.953034
4 0.20270 1.964312
5 0.23980 1.955169
6 0.27330 1.946076
7 0.30710 1.902396
8 0.33830 1.964077
9 0.36690 1.961830
10 0.39370 1.959824
11 0.42430 1.960263
12 0.44920 1.963403
13 0.47650 1.936650
14 0.50120 1.948113
15 0.52340 1.954648
16 0.54410 1.967024
17 0.56510 1.979847
18 0.58420 1.983539
19 0.60480 1.994332
20 0.62310 2.002895
21 0.63990 1.998270
22 0.65510 1.990220
23 0.67310 1.997347
24 0.68870 1.993004
25 0.70450 1.997244
26 0.71710 2.000540
27 0.72930 1.996866
28 0.74120 1.996665
29 0.75150 1.990814
30 0.76180 1.993350
31 0.77220 1.987310
32 0.78180 1.986917
33 0.79160 1.988775
34 0.80030 1.987933
35 0.80980 1.984815
36 0.81860 1.984213
37 0.82560 1.978702
38 0.83430 1.973831
39 0.84200 1.977473
40 0.84890 1.973823
41 0.85530 1.974407
42 0.86250 1.976023
43 0.86840 1.972126
44 0.87430 1.968439
45 0.87920 1.970387
46 0.88490 1.974150
47 0.88920 1.977022
48 0.89460 1.978543
49 0.90010 1.974693
