0 0.00230 0.067806
1 0.00900 0.183589
2 0.02110 0.340048
3 0.03900 0.549321
4 0.06540 0.797910
5 0.09590 0.937945
6 0.13060 1.133163
7 0.17120 1.294835
8 0.21340 1.463671
9 0.25480 1.567682
10 0.29640 1.619977
11 0.33970 1.688637
12 0.38120 1.751296
13 0.42690 1.816938
14 0.47020 1.848674
15 0.51140 1.878643
16 0.54800 1.903292
17 0.58250 1.931888
18 0.61170 1.943005
19 0.64010 1.958167
20 0.66800 1.965769
21 0.69280 1.973711
22 0.71790 1.978906
23 0.73970 1.985106
24 0.75630 1.988015
25 0.77570 1.992009
26 0.79480 1.992775
27 0.81020 1.991531
28 0.82410 1.995867
29 0.83770 1.996949
30 0.84940 1.999110
31 0.86280 2.000190
32 0.87320 2.000026
33 0.88190 2.002181
34 0.89010 2.002017
35 0.90020 2.001855
36 0.90730 2.001855
37 0.91310 2.002579
38 0.91930 2.002579
39 0.92520 2.002579
40 0.93080 2.002579
41 0.93700 2.000111
42 0.94150 2.000111
43 0.94470 2.000111
44 0.94930 1.998880
45 0.95320 1.998880
46 0.95690 1.998880
47 0.96070 1.998880
48 0.96380 1.997651
49 0.96540 1.997651
