0 0.00230 inf
1 0.00900 1.204120
2 0.02110 1.574031
3 0.03900 1.589205
4 0.06540 1.498311
5 0.09590 1.524805
6 0.13060 1.555094
7 0.17120 1.552590
8 0.21340 1.574101
9 0.25480 1.589918
10 0.29640 1.604045
11 0.33970 1.619877
12 0.38120 1.638378
13 0.42690 1.665802
14 0.47020 1.692855
15 0.51140 1.718461
16 0.54800 1.737418
17 0.58250 1.761961
18 0.61170 1.779887
19 0.64010 1.792321
20 0.66800 1.813795
21 0.69280 1.829562
22 0.71790 1.844378
23 0.73970 1.855095
24 0.75630 1.864593
25 0.77570 1.876673
26 0.79480 1.889556
27 0.81020 1.899747
28 0.82410 1.900236
29 0.83770 1.908891
30 0.84940 1.914683
31 0.86280 1.923419
32 0.87320 1.929996
33 0.88190 1.935842
34 0.89010 1.939029
35 0.90020 1.946830
36 0.90730 1.947347
37 0.91310 1.952574
38 0.91930 1.955758
39 0.92520 1.960489
40 0.93080 1.964777
41 0.93700 1.968157
42 0.94150 1.971738
43 0.94470 1.974105
44 0.94930 1.977577
45 0.95320 1.980655
46 0.95690 1.983361
47 0.96070 1.985810
48 0.96380 1.987994
49 0.96540 1.988915
