1 0.00010 0.000000
2 0.02010 1.436796
3 0.04010 1.468013
4 0.06010 1.465020
5 0.08010 1.435596
6 0.10010 1.490434
7 0.12010 1.468217
8 0.14010 1.460103
9 0.16010 1.509657
10 0.18010 1.524310
11 0.20010 1.489934
12 0.22010 1.460592
13 0.24010 1.482691
14 0.26010 1.488527
15 0.28010 1.492415
16 0.30010 1.521529
17 0.32010 1.447245
18 0.34010 1.433010
19 0.36010 1.506311
20 0.38010 1.487063
21 0.40010 1.475452
22 0.42010 1.521544
23 0.44010 1.471015
24 0.46010 1.461467
25 0.48010 1.486511
26 0.50010 1.476886
27 0.52010 1.454195
28 0.54010 1.501875
29 0.56010 1.475679
30 0.58010 1.475958
31 0.60010 1.488759
32 0.62010 1.472995
33 0.64010 1.454158
34 0.66010 1.462457
35 0.68010 1.484819
36 0.70010 1.515183
37 0.72010 1.490840
38 0.74010 1.448938
39 0.76010 1.486282
40 0.78010 1.482288
41 0.80010 1.490196
42 0.82010 1.489280
43 0.84010 1.495305
44 0.86010 1.489006
45 0.88010 1.468668
46 0.90010 1.490761
47 0.92010 1.465235
48 0.94010 1.477587
49 0.96010 1.496555
50 0.98010 1.504885
