1 0.00010 nan
2 0.02010 inf
3 0.04010 inf
4 0.06010 1.977724
5 0.08010 1.892095
6 0.10010 2.451786
7 0.12010 1.894316
8 0.14010 1.980003
9 0.16010 1.945715
10 0.18010 2.132168
11 0.20010 2.186310
12 0.22010 2.371376
13 0.24010 2.190077
14 0.26010 1.870584
15 0.28010 1.843403
16 0.30010 1.947028
17 0.32010 2.273233
18 0.34010 2.013627
19 0.36010 2.061914
20 0.38010 2.096172
21 0.40010 2.103901
22 0.42010 1.909801
23 0.44010 2.048475
24 0.46010 2.106398
25 0.48010 2.150586
26 0.50010 2.013138
27 0.52010 1.977667
28 0.54010 2.005821
29 0.56010 1.908627
30 0.58010 1.975056
31 0.60010 2.071882
32 0.62010 1.985210
33 0.64010 2.012084
34 0.66010 2.029486
35 0.68010 2.025994
36 0.70010 1.984435
37 0.72010 1.969908
38 0.74010 2.014698
39 0.76010 1.963435
40 0.78010 1.998001
41 0.80010 1.991780
42 0.82010 1.980768
43 0.84010 1.965549
44 0.86010 2.015660
45 0.88010 1.989871
46 0.90010 2.013800
47 0.92010 1.992083
48 0.94010 1.960664
49 0.96010 1.990909
50 0.98010 1.980123
