0 0.04740 1.902809
1 0.09240 1.877130
2 0.13450 1.880850
3 0.17310 1.825362
4 0.21080 1.859271
5 0.24640 1.867571
6 0.28270 1.878527
7 0.30990 1.950328
8 0.34100 1.881781
9 0.36860 1.922163
10 0.39370 1.942137
11 0.41980 1.903146
12 0.44510 1.899798
13 0.46880 1.962508
14 0.49280 1.912824
15 0.51380 1.973272
16 0.53890 1.898742
17 0.55930 1.930612
18 0.57960 1.962549
19 0.59950 1.913209
20 0.61920 1.891238
21 0.63630 1.967294
22 0.65360 1.974348
23 0.67030 1.902693
24 0.68460 1.909493
25 0.69780 1.958366
26 0.70880 1.969834
27 0.72140 1.993413
28 0.73320 1.926392
29 0.74500 1.900832
30 0.75640 1.908931
31 0.76790 1.960629
32 0.78160 1.983196
33 0.79250 1.958823
34 0.80260 1.913685
35 0.81120 1.917824
36 0.81980 1.924292
37 0.82760 1.926605
38 0.83480 1.941928
39 0.84280 1.967879
40 0.84910 1.977930
41 0.85650 1.962505
42 0.86270 1.964978
43 0.87180 1.911424
44 0.87880 1.925165
45 0.88370 1.929895
46 0.88930 1.933546
47 0.89420 1.945778
48 0.89860 1.943298
49 0.90260 1.954731
