0 0.04740 1.886491
1 0.09240 1.739045
2 0.13450 1.846955
3 0.17310 1.849343
4 0.21080 1.946814
5 0.24640 2.004134
6 0.28270 1.977152
7 0.30990 1.985710
8 0.34100 1.979665
9 0.36860 1.986938
10 0.39370 2.006792
11 0.41980 2.033104
12 0.44510 2.040320
13 0.46880 2.004526
14 0.49280 1.982598
15 0.51380 1.983691
16 0.53890 1.976832
17 0.55930 1.980761
18 0.57960 1.982238
19 0.59950 1.984090
20 0.61920 1.985512
21 0.63630 1.982937
22 0.65360 1.977802
23 0.67030 1.974982
24 0.68460 1.984216
25 0.69780 1.989708
26 0.70880 1.996440
27 0.72140 2.004948
28 0.73320 2.014345
29 0.74500 2.009390
30 0.75640 2.016111
31 0.76790 2.025192
32 0.78160 2.030563
33 0.79250 2.031104
34 0.80260 2.029314
35 0.81120 2.027187
36 0.81980 2.026141
37 0.82760 2.023359
38 0.83480 2.024147
39 0.84280 2.024012
40 0.84910 2.018750
41 0.85650 2.010257
42 0.86270 2.011495
43 0.87180 2.008748
44 0.87880 2.003653
45 0.88370 2.004106
46 0.88930 2.004179
47 0.89420 2.006361
48 0.89860 2.008003
49 0.90260 2.011792
