0 0.00050 0.000000
1 0.00130 0.467970
2 0.00270 1.132030
3 0.00500 1.238745
4 0.00780 1.315803
5 0.01160 1.530412
6 0.01530 1.482887
7 0.02080 1.487726
8 0.02820 1.495312
9 0.03640 1.419953
10 0.04640 1.370248
11 0.05840 1.549606
12 0.07430 1.456875
13 0.09240 1.473762
14 0.11570 1.558064
15 0.14200 1.548129
16 0.17510 1.603219
17 0.21250 1.634556
18 0.25700 1.691955
19 0.30000 1.712069
20 0.34850 1.744488
21 0.39400 1.753850
22 0.43940 1.766796
23 0.48970 1.782105
24 0.53650 1.811281
25 0.57850 1.799293
26 0.62290 1.836647
27 0.66550 1.874099
28 0.70300 1.864276
29 0.73660 1.897336
30 0.76870 1.912943
31 0.79870 1.884897
32 0.82350 1.902043
33 0.84580 1.908168
34 0.86580 1.924805
35 0.88400 1.943215
36 0.89850 1.925766
37 0.91290 1.908943
38 0.92490 1.912801
39 0.93650 1.913841
40 0.94580 1.931705
41 0.95380 1.934507
42 0.96140 1.946224
43 0.96590 1.949525
44 0.97000 1.957071
45 0.97290 1.953881
46 0.97670 1.956597
47 0.97950 1.961486
48 0.98250 1.960828
49 0.98410 1.960828
