0 0.00050 nan
1 0.00130 inf
2 0.00270 1.431364
3 0.00500 1.361728
4 0.00780 1.514105
5 0.01160 1.735066
6 0.01530 1.908485
7 0.02080 1.930694
8 0.02820 2.054996
9 0.03640 2.022566
10 0.04640 2.008068
11 0.05840 1.939935
12 0.07430 1.922756
13 0.09240 1.970689
14 0.11570 1.984234
15 0.14200 1.968327
16 0.17510 1.964160
17 0.21250 1.956502
18 0.25700 1.904817
19 0.30000 1.887462
20 0.34850 1.895189
21 0.39400 1.890250
22 0.43940 1.895181
23 0.48970 1.920224
24 0.53650 1.927643
25 0.57850 1.928651
26 0.62290 1.927943
27 0.66550 1.943139
28 0.70300 1.944422
29 0.73660 1.953776
30 0.76870 1.963230
31 0.79870 1.960891
32 0.82350 1.963164
33 0.84580 1.964012
34 0.86580 1.972395
35 0.88400 1.976336
36 0.89850 1.980986
37 0.91290 1.986126
38 0.92490 1.988451
39 0.93650 1.986545
40 0.94580 1.988154
41 0.95380 1.991839
42 0.96140 1.993836
43 0.96590 1.996152
44 0.97000 1.997186
45 0.97290 1.998131
46 0.97670 1.999882
47 0.97950 2.000879
48 0.98250 2.003204
49 0.98410 2.004728
