0 0.00040 0.199902
1 0.00100 0.777722
2 0.00240 0.326592
3 0.00370 0.554860
4 0.00580 0.671325
5 0.00910 0.670202
6 0.01300 0.768334
7 0.01790 0.687660
8 0.02390 0.834060
9 0.03210 0.901191
10 0.04350 0.974237
11 0.05490 0.945709
12 0.06820 0.974310
13 0.08440 1.054801
14 0.10190 1.082152
15 0.12210 1.206589
16 0.14270 1.244260
17 0.16570 1.239672
18 0.19010 1.271338
19 0.21730 1.335590
20 0.24870 1.380373
21 0.28330 1.390520
22 0.32010 1.437077
23 0.35470 1.504256
24 0.39340 1.537547
25 0.43060 1.595132
26 0.46570 1.647316
27 0.49930 1.704625
28 0.53290 1.736239
29 0.56640 1.780545
30 0.59880 1.803287
31 0.63150 1.823192
32 0.66020 1.841299
33 0.68720 1.860527
34 0.71250 1.887952
35 0.73720 1.904189
36 0.76040 1.920646
37 0.78300 1.934105
38 0.80340 1.948528
39 0.82210 1.962416
40 0.84340 1.967671
41 0.86170 1.970922
42 0.87700 1.977951
43 0.88880 1.979748
44 0.89960 1.983914
45 0.90980 1.987026
46 0.92030 1.989924
47 0.93000 1.990697
48 0.93830 1.995391
49 0.94450 1.996470
