0 0.00040 inf
1 0.00100 inf
2 0.00240 1.414973
3 0.00370 1.707570
4 0.00580 1.477121
5 0.00910 1.342423
6 0.01300 1.457377
7 0.01790 1.519609
8 0.02390 1.691671
9 0.03210 1.590507
10 0.04350 1.685335
11 0.05490 1.695417
12 0.06820 1.660968
13 0.08440 1.718778
14 0.10190 1.737352
15 0.12210 1.762782
16 0.14270 1.791010
17 0.16570 1.816600
18 0.19010 1.822168
19 0.21730 1.821954
20 0.24870 1.817635
21 0.28330 1.828448
22 0.32010 1.848717
23 0.35470 1.860866
24 0.39340 1.867641
25 0.43060 1.872282
26 0.46570 1.885660
27 0.49930 1.905743
28 0.53290 1.926759
29 0.56640 1.936422
30 0.59880 1.931398
31 0.63150 1.941847
32 0.66020 1.944521
33 0.68720 1.954461
34 0.71250 1.959338
35 0.73720 1.963955
36 0.76040 1.963788
37 0.78300 1.963819
38 0.80340 1.971023
39 0.82210 1.972191
40 0.84340 1.978643
41 0.86170 1.986373
42 0.87700 1.989428
43 0.88880 1.997342
44 0.89960 2.001718
45 0.90980 2.001744
46 0.92030 2.001466
47 0.93000 2.003018
48 0.93830 2.001834
49 0.94450 2.004601
