0 0.00020 0.000000
1 0.00030 0.000000
2 0.00080 1.045140
3 0.00180 0.849356
4 0.00340 0.649826
5 0.00560 0.308042
6 0.00960 0.500311
7 0.01420 0.782561
8 0.02120 0.772451
9 0.02990 0.798274
10 0.04020 0.866302
11 0.05250 0.945403
12 0.06570 0.953380
13 0.07950 1.009986
14 0.09590 1.153845
15 0.11680 1.145818
16 0.14050 1.195349
17 0.16500 1.262440
18 0.19320 1.388367
19 0.22200 1.415267
20 0.24950 1.455136
21 0.27590 1.520315
22 0.30750 1.515367
23 0.33970 1.561615
24 0.37380 1.612677
25 0.40720 1.635675
26 0.44090 1.661817
27 0.47240 1.694467
28 0.50840 1.757682
29 0.54150 1.758189
30 0.57290 1.780231
31 0.60490 1.817602
32 0.63710 1.847364
33 0.66770 1.856826
34 0.69290 1.881903
35 0.71920 1.888346
36 0.74100 1.899457
37 0.76170 1.911898
38 0.77990 1.921112
39 0.79820 1.926807
40 0.81480 1.934884
41 0.83080 1.947374
42 0.84510 1.951064
43 0.85920 1.963956
44 0.87400 1.964236
45 0.88570 1.970941
46 0.89640 1.969513
47 0.90730 1.973220
48 0.91590 1.981624
49 0.92390 1.981624
