0 0.00020 inf
1 0.00030 inf
2 0.00080 inf
3 0.00180 inf
4 0.00340 1.653213
5 0.00560 1.832509
6 0.00960 1.404834
7 0.01420 1.451567
8 0.02120 1.319626
9 0.02990 1.440122
10 0.04020 1.564451
11 0.05250 1.579784
12 0.06570 1.633468
13 0.07950 1.607341
14 0.09590 1.654667
15 0.11680 1.697495
16 0.14050 1.713526
17 0.16500 1.721438
18 0.19320 1.740527
19 0.22200 1.745876
20 0.24950 1.776017
21 0.27590 1.785927
22 0.30750 1.791335
23 0.33970 1.788023
24 0.37380 1.818668
25 0.40720 1.838505
26 0.44090 1.843693
27 0.47240 1.844696
28 0.50840 1.865880
29 0.54150 1.878493
30 0.57290 1.884433
31 0.60490 1.876528
32 0.63710 1.888833
33 0.66770 1.890046
34 0.69290 1.893300
35 0.71920 1.901111
36 0.74100 1.906480
37 0.76170 1.915072
38 0.77990 1.918213
39 0.79820 1.923499
40 0.81480 1.928498
41 0.83080 1.931766
42 0.84510 1.932393
43 0.85920 1.938304
44 0.87400 1.942959
45 0.88570 1.945129
46 0.89640 1.951039
47 0.90730 1.954281
48 0.91590 1.957519
49 0.92390 1.961477
