0 0.00040 0.563492
1 0.00100 0.092787
2 0.00230 0.469729
3 0.00450 0.791334
4 0.00680 0.495122
5 0.00980 0.829516
6 0.01470 0.742896
7 0.02040 0.763587
8 0.02680 0.962343
9 0.03480 0.893990
10 0.04510 1.011879
11 0.05840 1.064080
12 0.07160 1.115858
13 0.08760 1.216149
14 0.10780 1.177817
15 0.12880 1.255576
16 0.15690 1.314306
17 0.18480 1.368227
18 0.21320 1.354347
19 0.24390 1.387507
20 0.27380 1.403674
21 0.30740 1.477008
22 0.34130 1.509210
23 0.37860 1.552633
24 0.41640 1.586913
25 0.45260 1.651399
26 0.48960 1.681235
27 0.52550 1.722953
28 0.56010 1.764569
29 0.59970 1.796476
30 0.63590 1.822234
31 0.67260 1.857675
32 0.70110 1.873823
33 0.72910 1.900775
34 0.75440 1.918516
35 0.77680 1.937638
36 0.80030 1.944544
37 0.82020 1.959576
38 0.83850 1.967967
39 0.85640 1.980361
40 0.87180 1.983542
41 0.88410 1.985211
42 0.89420 1.988868
43 0.90450 1.990897
44 0.91340 1.993815
45 0.92160 1.987249
46 0.93010 1.989267
47 0.93630 1.990356
48 0.94260 1.992171
49 0.94850 1.995796
