0 0.00040 nan
1 0.00100 0.477121
2 0.00230 1.278754
3 0.00450 1.406540
4 0.00680 1.380211
5 0.00980 1.574031
6 0.01470 1.538717
7 0.02040 1.660391
8 0.02680 1.605664
9 0.03480 1.623895
10 0.04510 1.716467
11 0.05840 1.705864
12 0.07160 1.725596
13 0.08760 1.781242
14 0.10780 1.783904
15 0.12880 1.768132
16 0.15690 1.791257
17 0.18480 1.817006
18 0.21320 1.783403
19 0.24390 1.808071
20 0.27380 1.793566
21 0.30740 1.821934
22 0.34130 1.822510
23 0.37860 1.821425
24 0.41640 1.820304
25 0.45260 1.835318
26 0.48960 1.846863
27 0.52550 1.859231
28 0.56010 1.868283
29 0.59970 1.879708
30 0.63590 1.895613
31 0.67260 1.894482
32 0.70110 1.899245
33 0.72910 1.902839
34 0.75440 1.909193
35 0.77680 1.915958
36 0.80030 1.922567
37 0.82020 1.931496
38 0.83850 1.938424
39 0.85640 1.947190
40 0.87180 1.951750
41 0.88410 1.960053
42 0.89420 1.963270
43 0.90450 1.968547
44 0.91340 1.971480
45 0.92160 1.972754
46 0.93010 1.975265
47 0.93630 1.978334
48 0.94260 1.981775
49 0.94850 1.983933
