0 0.00040 0.000000
1 0.00140 1.766015
2 0.00330 1.139199
3 0.00520 1.443073
4 0.00930 1.315748
5 0.01530 1.454972
6 0.02240 1.415135
7 0.03260 1.503900
8 0.04380 1.346545
9 0.05710 1.452943
10 0.07300 1.460556
11 0.09250 1.568229
12 0.11310 1.567082
13 0.13920 1.597937
14 0.16570 1.611195
15 0.19470 1.607540
16 0.23000 1.593740
17 0.26720 1.655046
18 0.30890 1.699274
19 0.35610 1.703985
20 0.40710 1.746149
21 0.45030 1.752074
22 0.49350 1.794822
23 0.53570 1.764623
24 0.58090 1.813352
25 0.61970 1.796950
26 0.66050 1.823944
27 0.69760 1.862866
28 0.73320 1.847797
29 0.76360 1.866573
30 0.79340 1.878806
31 0.81800 1.891935
32 0.84090 1.909138
33 0.85970 1.921716
34 0.87490 1.900922
35 0.89230 1.902942
36 0.90560 1.900944
37 0.91700 1.903169
38 0.93040 1.920981
39 0.94080 1.928705
40 0.94850 1.934997
41 0.95660 1.949182
42 0.96360 1.951073
43 0.96790 1.953598
44 0.97220 1.956444
45 0.97510 1.962116
46 0.97890 1.962587
47 0.98300 1.962116
48 0.98450 1.963058
49 0.98620 1.964328
