0 0.00040 nan
1 0.00140 inf
2 0.00330 inf
3 0.00520 inf
4 0.00930 inf
5 0.01530 2.227887
6 0.02240 1.966924
7 0.03260 1.865865
8 0.04380 1.910269
9 0.05710 1.961205
10 0.07300 1.994694
11 0.09250 1.899297
12 0.11310 1.817660
13 0.13920 1.784312
14 0.16570 1.789463
15 0.19470 1.829448
16 0.23000 1.839252
17 0.26720 1.869704
18 0.30890 1.880141
19 0.35610 1.883046
20 0.40710 1.897029
21 0.45030 1.909255
22 0.49350 1.922853
23 0.53570 1.922720
24 0.58090 1.926844
25 0.61970 1.929145
26 0.66050 1.928166
27 0.69760 1.926180
28 0.73320 1.933419
29 0.76360 1.948897
30 0.79340 1.945226
31 0.81800 1.951199
32 0.84090 1.961281
33 0.85970 1.967969
34 0.87490 1.974285
35 0.89230 1.981031
36 0.90560 1.979293
37 0.91700 1.982000
38 0.93040 1.982548
39 0.94080 1.985920
40 0.94850 1.988274
41 0.95660 1.991852
42 0.96360 1.986950
43 0.96790 1.990508
44 0.97220 1.990023
45 0.97510 1.990865
46 0.97890 1.991758
47 0.98300 1.994741
48 0.98450 1.995864
49 0.98620 1.996950
