0 0.04460 1.754927
1 0.08870 1.832169
2 0.12970 1.923959
3 0.16870 1.885686
4 0.20520 1.827375
5 0.23980 1.855455
6 0.27290 1.911775
7 0.30800 1.953904
8 0.34070 1.909392
9 0.36950 1.886692
10 0.39710 1.966401
11 0.42650 1.880394
12 0.45250 1.962041
13 0.47550 1.878936
14 0.50040 1.960170
15 0.52410 1.956962
16 0.54530 1.906273
17 0.56690 1.947760
18 0.58490 1.962472
19 0.60380 1.919957
20 0.62100 1.890907
21 0.63960 1.970474
22 0.65510 1.981091
23 0.66880 1.900580
24 0.68320 1.912307
25 0.69690 1.942382
26 0.71030 1.966269
27 0.72380 1.995858
28 0.73640 1.907188
29 0.74760 1.906326
30 0.75940 1.898807
31 0.77000 1.925467
32 0.78020 1.967450
33 0.78910 1.983196
34 0.79810 1.960000
35 0.80660 1.917787
36 0.81460 1.912455
37 0.82270 1.916704
38 0.83080 1.925271
39 0.83810 1.934664
40 0.84620 1.974166
41 0.85360 1.978870
42 0.85970 1.966711
43 0.86540 1.964860
44 0.87190 1.966465
45 0.87770 1.930233
46 0.88290 1.918897
47 0.88800 1.906431
48 0.89370 1.917306
49 0.89780 1.927892
