0 0.04460 1.924279
1 0.08870 1.867762
2 0.12970 1.950087
3 0.16870 1.874647
4 0.20520 1.819270
5 0.23980 1.859938
6 0.27290 1.872156
7 0.30800 1.926797
8 0.34070 1.951435
9 0.36950 1.949721
10 0.39710 1.943767
11 0.42650 1.953065
12 0.45250 1.961862
13 0.47550 1.971934
14 0.50040 1.983852
15 0.52410 1.986279
16 0.54530 1.986810
17 0.56690 2.005272
18 0.58490 2.020494
19 0.60380 2.021407
20 0.62100 2.024779
21 0.63960 2.033812
22 0.65510 2.029489
23 0.66880 2.020558
24 0.68320 2.018197
25 0.69690 2.006838
26 0.71030 2.006679
27 0.72380 2.011717
28 0.73640 2.011527
29 0.74760 2.013931
30 0.75940 2.009071
31 0.77000 2.017052
32 0.78020 2.008786
33 0.78910 2.009473
34 0.79810 2.012483
35 0.80660 2.010811
36 0.81460 2.008839
37 0.82270 2.010774
38 0.83080 2.015759
39 0.83810 2.017951
40 0.84620 2.019582
41 0.85360 2.021873
42 0.85970 2.026256
43 0.86540 2.025155
44 0.87190 2.030099
45 0.87770 2.029619
46 0.88290 2.028542
47 0.88800 2.032163
48 0.89370 2.030574
49 0.89780 2.032877
