0 0.00040 0.000000
1 0.00110 1.901955
2 0.00240 1.288957
3 0.00440 1.317113
4 0.00790 1.294625
5 0.01200 1.435349
6 0.01760 1.299411
7 0.02510 1.330404
8 0.03480 1.435564
9 0.04770 1.419288
10 0.06370 1.553809
11 0.08220 1.570420
12 0.10000 1.558655
13 0.12420 1.586558
14 0.15010 1.608966
15 0.17620 1.561538
16 0.20600 1.589890
17 0.23720 1.572704
18 0.27420 1.607351
19 0.31140 1.646201
20 0.35260 1.668479
21 0.39750 1.704926
22 0.44370 1.725428
23 0.48830 1.732229
24 0.53340 1.773415
25 0.58190 1.790052
26 0.62970 1.828287
27 0.67220 1.824016
28 0.70750 1.852461
29 0.74040 1.870800
30 0.77200 1.857608
31 0.80140 1.884117
32 0.82640 1.906202
33 0.84650 1.909994
34 0.86830 1.893125
35 0.88400 1.902147
36 0.89910 1.900561
37 0.91140 1.895219
38 0.92210 1.906300
39 0.93280 1.930532
40 0.94240 1.941257
41 0.95100 1.945763
42 0.95840 1.947289
43 0.96470 1.949648
44 0.96980 1.951404
45 0.97430 1.956533
46 0.97710 1.958095
47 0.97970 1.960213
48 0.98210 1.961814
49 0.98380 1.962286
