0 0.00040 nan
1 0.00110 inf
2 0.00240 inf
3 0.00440 inf
4 0.00790 1.618048
5 0.01200 1.615424
6 0.01760 1.787106
7 0.02510 1.763428
8 0.03480 1.801918
9 0.04770 1.889862
10 0.06370 1.919825
11 0.08220 1.883797
12 0.10000 1.903299
13 0.12420 1.837746
14 0.15010 1.868357
15 0.17620 1.885280
16 0.20600 1.864661
17 0.23720 1.859032
18 0.27420 1.867912
19 0.31140 1.872572
20 0.35260 1.878060
21 0.39750 1.878086
22 0.44370 1.864483
23 0.48830 1.876093
24 0.53340 1.887223
25 0.58190 1.906745
26 0.62970 1.900003
27 0.67220 1.907174
28 0.70750 1.904489
29 0.74040 1.916254
30 0.77200 1.923377
31 0.80140 1.934257
32 0.82640 1.937561
33 0.84650 1.939845
34 0.86830 1.941171
35 0.88400 1.935576
36 0.89910 1.937647
37 0.91140 1.938132
38 0.92210 1.938340
39 0.93280 1.941033
40 0.94240 1.947402
41 0.95100 1.946901
42 0.95840 1.948945
43 0.96470 1.952532
44 0.96980 1.954125
45 0.97430 1.952221
46 0.97710 1.952546
47 0.97970 1.954428
48 0.98210 1.956118
49 0.98380 1.956263
