0 0.04750 1.739954
1 0.08930 1.849608
2 0.12970 1.927007
3 0.16830 1.862044
4 0.20360 1.819470
5 0.23920 1.854206
6 0.27430 1.943285
7 0.30820 1.958993
8 0.33860 1.888801
9 0.36750 1.986828
10 0.39780 1.888018
11 0.42510 1.976611
12 0.45010 1.897243
13 0.47270 2.002117
14 0.49680 1.886728
15 0.51790 1.947473
16 0.53930 1.963880
17 0.56060 1.917299
18 0.58090 1.954100
19 0.60020 1.962549
20 0.61750 1.933037
21 0.63290 1.899563
22 0.65090 1.982972
23 0.66800 1.958184
24 0.68080 1.910502
25 0.69410 1.911310
26 0.70700 1.941083
27 0.72180 1.969596
28 0.73650 1.999247
29 0.74970 1.897595
30 0.76160 1.904873
31 0.77410 1.940417
32 0.78490 1.977719
33 0.79400 1.983859
34 0.80250 1.966496
35 0.80970 1.943466
36 0.81750 1.914830
37 0.82600 1.919649
38 0.83390 1.927182
39 0.84090 1.930816
40 0.84870 1.944775
41 0.85510 1.983548
42 0.86140 1.974108
43 0.86760 1.966618
44 0.87400 1.970694
45 0.88010 1.923076
46 0.88530 1.919743
47 0.89080 1.918928
48 0.89590 1.932153
49 0.90200 1.937401
