0 0.04750 1.963788
1 0.08930 2.188928
2 0.12970 2.216825
3 0.16830 2.144185
4 0.20360 2.250149
5 0.23920 2.090689
6 0.27430 2.084725
7 0.30820 2.012837
8 0.33860 1.977529
9 0.36750 2.019947
10 0.39780 1.993721
11 0.42510 1.994150
12 0.45010 1.996855
13 0.47270 1.985815
14 0.49680 1.985949
15 0.51790 1.992743
16 0.53930 1.967285
17 0.56060 1.970469
18 0.58090 1.947380
19 0.60020 1.942887
20 0.61750 1.950341
21 0.63290 1.943692
22 0.65090 1.948429
23 0.66800 1.951836
24 0.68080 1.952093
25 0.69410 1.962282
26 0.70700 1.965381
27 0.72180 1.970539
28 0.73650 1.970456
29 0.74970 1.961895
30 0.76160 1.970050
31 0.77410 1.965289
32 0.78490 1.968723
33 0.79400 1.965449
34 0.80250 1.971226
35 0.80970 1.968189
36 0.81750 1.967939
37 0.82600 1.969632
38 0.83390 1.969694
39 0.84090 1.969833
40 0.84870 1.971380
41 0.85510 1.974029
42 0.86140 1.977647
43 0.86760 1.979416
44 0.87400 1.974824
45 0.88010 1.972338
46 0.88530 1.973142
47 0.89080 1.964791
48 0.89590 1.958193
49 0.90200 1.954927
