0 0.04620 1.679629
1 0.09100 1.906891
2 0.13010 1.946681
3 0.16760 1.835623
4 0.20590 1.820055
5 0.23990 1.865737
6 0.27330 1.939769
7 0.30540 1.947781
8 0.34030 1.891337
9 0.37100 1.923333
10 0.40220 1.969235
11 0.43030 1.881882
12 0.45660 1.980201
13 0.48310 1.879537
14 0.50600 1.950801
15 0.53010 1.908480
16 0.55040 1.910061
17 0.56920 1.948325
18 0.58760 1.905070
19 0.60360 1.906409
20 0.62300 1.955155
21 0.64160 1.945733
22 0.65980 1.898593
23 0.67590 1.928699
24 0.69090 1.959509
25 0.70600 1.972631
26 0.71950 1.897099
27 0.73110 1.898044
28 0.74290 1.940775
29 0.75530 1.976026
30 0.76570 1.983308
31 0.77670 1.953659
32 0.78680 1.907145
33 0.79610 1.917233
34 0.80560 1.923312
35 0.81250 1.916560
36 0.82000 1.941295
37 0.82890 1.972837
38 0.83800 1.964399
39 0.84360 1.959936
40 0.85020 1.958316
41 0.85660 1.926454
42 0.86160 1.910089
43 0.86670 1.907346
44 0.87250 1.922298
45 0.87730 1.927746
46 0.88320 1.930837
47 0.88950 1.954873
48 0.89460 1.942901
49 0.89870 1.942987
