0 0.04620 inf
1 0.09100 1.718778
2 0.13010 1.817565
3 0.16760 1.869232
4 0.20590 1.849660
5 0.23990 1.883368
6 0.27330 1.917130
7 0.30540 1.966924
8 0.34030 1.933332
9 0.37100 1.970282
10 0.40220 1.933113
11 0.43030 1.934863
12 0.45660 1.943624
13 0.48310 1.944008
14 0.50600 1.966402
15 0.53010 1.974083
16 0.55040 1.975082
17 0.56920 1.974058
18 0.58760 1.983852
19 0.60360 1.995666
20 0.62300 1.983815
21 0.64160 1.987742
22 0.65980 1.993704
23 0.67590 1.991396
24 0.69090 1.991949
25 0.70600 1.986482
26 0.71950 1.985098
27 0.73110 1.984985
28 0.74290 1.988490
29 0.75530 1.990718
30 0.76570 1.985461
31 0.77670 1.986457
32 0.78680 1.980310
33 0.79610 1.985981
34 0.80560 1.986085
35 0.81250 1.984950
36 0.82000 1.986639
37 0.82890 1.985911
38 0.83800 1.988766
39 0.84360 1.990333
40 0.85020 1.992835
41 0.85660 1.993451
42 0.86160 1.995815
43 0.86670 1.996096
44 0.87250 1.990743
45 0.87730 1.991023
46 0.88320 1.987115
47 0.88950 1.987081
48 0.89460 1.989366
49 0.89870 1.992040
