0 0.00280 0.129216
1 0.01060 0.237182
2 0.02710 0.456015
3 0.05170 0.678875
4 0.08360 0.899353
5 0.11890 1.080075
6 0.15580 1.261207
7 0.19710 1.418001
8 0.23770 1.515167
9 0.28030 1.619084
10 0.32090 1.693069
11 0.36440 1.743269
12 0.40710 1.803519
13 0.44720 1.850298
14 0.48510 1.888034
15 0.52620 1.914982
16 0.56410 1.939141
17 0.59680 1.948308
18 0.62730 1.964196
19 0.65490 1.975628
20 0.68320 1.977878
21 0.70740 1.982975
22 0.72830 1.985725
23 0.75170 1.988112
24 0.77090 1.991219
25 0.78990 1.992303
26 0.80590 1.993230
27 0.82300 1.995959
28 0.83830 1.998116
29 0.85090 1.998116
30 0.86030 2.000111
31 0.87180 1.999954
32 0.88400 1.999954
33 0.89370 1.999954
34 0.90230 1.999954
35 0.90830 1.999954
36 0.91550 1.999954
37 0.92280 2.000678
38 0.92940 2.000678
39 0.93540 2.000678
40 0.94110 2.000678
41 0.94560 2.000678
42 0.94980 2.000678
43 0.95330 2.000678
44 0.95670 2.000678
45 0.95900 2.000678
46 0.96170 2.000678
47 0.96490 2.000678
48 0.96750 2.000678
49 0.96980 2.001751
