0 0.00280 inf
1 0.01060 inf
2 0.02710 1.322219
3 0.05170 1.397940
4 0.08360 1.430664
5 0.11890 1.389363
6 0.15580 1.428032
7 0.19710 1.488103
8 0.23770 1.526947
9 0.28030 1.590874
10 0.32090 1.613464
11 0.36440 1.639499
12 0.40710 1.655006
13 0.44720 1.680240
14 0.48510 1.687041
15 0.52620 1.709521
16 0.56410 1.734590
17 0.59680 1.749943
18 0.62730 1.771268
19 0.65490 1.789922
20 0.68320 1.806689
21 0.70740 1.814252
22 0.72830 1.826113
23 0.75170 1.840218
24 0.77090 1.848784
25 0.78990 1.856409
26 0.80590 1.862621
27 0.82300 1.873168
28 0.83830 1.881202
29 0.85090 1.886578
30 0.86030 1.893072
31 0.87180 1.900101
32 0.88400 1.907664
33 0.89370 1.914353
34 0.90230 1.918033
35 0.90830 1.922461
36 0.91550 1.926560
37 0.92280 1.931284
38 0.92940 1.936871
39 0.93540 1.938711
40 0.94110 1.942921
41 0.94560 1.946943
42 0.94980 1.950566
43 0.95330 1.952082
44 0.95670 1.954649
45 0.95900 1.956142
46 0.96170 1.958283
47 0.96490 1.960673
48 0.96750 1.962897
49 0.96980 1.964911
