0 0.00230 0.063214
1 0.01110 0.445960
2 0.02460 0.496252
3 0.04570 0.536871
4 0.07370 0.873942
5 0.11080 1.001928
6 0.15170 1.163310
7 0.19420 1.313558
8 0.23470 1.458166
9 0.28020 1.556423
10 0.32220 1.622248
11 0.36380 1.690839
12 0.40360 1.748567
13 0.44160 1.801377
14 0.48160 1.845631
15 0.51830 1.878709
16 0.55420 1.908470
17 0.58720 1.928246
18 0.62030 1.945879
19 0.64820 1.950322
20 0.67430 1.959821
21 0.69830 1.970572
22 0.72160 1.976485
23 0.74300 1.977943
24 0.76480 1.980855
25 0.78330 1.987026
26 0.79990 1.989197
27 0.81510 1.989971
28 0.82980 1.992134
29 0.84430 1.993586
30 0.85640 1.994311
31 0.86740 1.994311
32 0.87830 1.994156
33 0.88870 1.994002
34 0.89670 1.995081
35 0.90630 1.996158
36 0.91440 1.996158
37 0.92070 1.996158
38 0.92620 1.996883
39 0.93350 1.996728
40 0.93810 1.997805
41 0.94180 1.997805
42 0.94540 1.997805
43 0.94930 1.997805
44 0.95320 1.997805
45 0.95600 1.997805
46 0.95970 1.997805
47 0.96360 1.997805
48 0.96650 1.997805
49 0.96890 1.997805
