0 0.00230 nan
1 0.01110 inf
2 0.02460 0.845098
3 0.04570 1.150245
4 0.07370 1.273446
5 0.11080 1.288140
6 0.15170 1.388427
7 0.19420 1.440080
8 0.23470 1.486182
9 0.28020 1.540032
10 0.32220 1.580071
11 0.36380 1.607070
12 0.40360 1.645813
13 0.44160 1.667104
14 0.48160 1.688533
15 0.51830 1.715703
16 0.55420 1.744534
17 0.58720 1.760724
18 0.62030 1.774217
19 0.64820 1.796681
20 0.67430 1.806071
21 0.69830 1.825539
22 0.72160 1.842180
23 0.74300 1.855181
24 0.76480 1.869161
25 0.78330 1.882142
26 0.79990 1.888843
27 0.81510 1.900177
28 0.82980 1.908146
29 0.84430 1.913170
30 0.85640 1.920117
31 0.86740 1.923336
32 0.87830 1.930838
33 0.88870 1.938324
34 0.89670 1.942306
35 0.90630 1.946418
36 0.91440 1.950454
37 0.92070 1.954657
38 0.92620 1.957760
39 0.93350 1.963256
40 0.93810 1.965589
41 0.94180 1.967211
42 0.94540 1.970173
43 0.94930 1.972008
44 0.95320 1.974906
45 0.95600 1.975840
46 0.95970 1.978426
47 0.96360 1.981322
48 0.96650 1.983649
49 0.96890 1.982045
