0 0.00230 0.030888
1 0.00970 0.224018
2 0.02360 0.356804
3 0.04630 0.644064
4 0.07570 0.873058
5 0.11090 1.018067
6 0.14430 1.180539
7 0.18420 1.335758
8 0.22550 1.428438
9 0.27010 1.546680
10 0.31090 1.643733
11 0.35510 1.722378
12 0.39800 1.786908
13 0.43870 1.833925
14 0.47900 1.871175
15 0.51940 1.897029
16 0.55350 1.919658
17 0.58440 1.943277
18 0.61530 1.948428
19 0.64800 1.961970
20 0.67690 1.973428
21 0.70470 1.980583
22 0.72690 1.984641
23 0.74850 1.986456
24 0.76950 1.988116
25 0.78830 1.989773
26 0.80410 1.993027
27 0.81980 1.996273
28 0.83480 1.997195
29 0.84790 1.998273
30 0.86150 1.998116
31 0.87330 1.998116
32 0.88170 1.997959
33 0.89050 1.997959
34 0.89980 1.999954
35 0.90770 2.001028
36 0.91490 2.001028
37 0.92260 2.001028
38 0.92780 2.001028
39 0.93420 2.001028
40 0.93780 2.002100
41 0.94240 2.002100
42 0.94620 2.002100
43 0.95080 2.002100
44 0.95440 2.002100
45 0.95780 2.002100
46 0.96140 2.002100
47 0.96490 2.002100
48 0.96710 2.000872
49 0.96970 2.000872
