0 0.00230 nan
1 0.00970 inf
2 0.02360 1.857332
3 0.04630 1.484300
4 0.07570 1.432167
5 0.11090 1.430929
6 0.14430 1.466336
7 0.18420 1.490427
8 0.22550 1.557774
9 0.27010 1.594562
10 0.31090 1.615167
11 0.35510 1.616555
12 0.39800 1.638330
13 0.43870 1.650420
14 0.47900 1.681515
15 0.51940 1.704288
16 0.55350 1.708344
17 0.58440 1.734061
18 0.61530 1.758090
19 0.64800 1.781521
20 0.67690 1.795847
21 0.70470 1.811163
22 0.72690 1.828501
23 0.74850 1.838574
24 0.76950 1.851434
25 0.78830 1.861913
26 0.80410 1.869492
27 0.81980 1.879873
28 0.83480 1.890549
29 0.84790 1.896845
30 0.86150 1.903421
31 0.87330 1.909160
32 0.88170 1.915184
33 0.89050 1.920439
34 0.89980 1.926543
35 0.90770 1.932742
36 0.91490 1.937865
37 0.92260 1.943781
38 0.92780 1.947912
39 0.93420 1.952969
40 0.93780 1.955786
41 0.94240 1.958167
42 0.94620 1.961091
43 0.95080 1.964444
44 0.95440 1.966915
45 0.95780 1.969349
46 0.96140 1.971888
47 0.96490 1.973792
48 0.96710 1.975154
49 0.96970 1.976983
