0 0.00300 0.047114
1 0.01160 0.245994
2 0.02730 0.464223
3 0.04800 0.668516
4 0.07470 0.813415
5 0.10740 1.024649
6 0.14350 1.190861
7 0.18290 1.314228
8 0.22590 1.486640
9 0.27020 1.566031
10 0.31300 1.630882
11 0.35420 1.705582
12 0.39830 1.771592
13 0.44180 1.819278
14 0.48140 1.853231
15 0.51990 1.887126
16 0.55560 1.908929
17 0.59100 1.929146
18 0.62180 1.945367
19 0.64740 1.952644
20 0.67640 1.961671
21 0.70330 1.969716
22 0.72450 1.975909
23 0.74690 1.976858
24 0.76520 1.982662
25 0.78360 1.984328
26 0.80200 1.985993
27 0.81720 1.988156
28 0.83290 1.992118
29 0.84400 1.992695
30 0.85650 1.993626
31 0.86890 1.993481
32 0.87780 1.994555
33 0.88720 1.995629
34 0.89800 1.994411
35 0.90690 1.995484
36 0.91370 1.995484
37 0.91930 1.995484
38 0.92500 1.995484
39 0.92970 1.995484
40 0.93510 1.995484
41 0.94060 1.995484
42 0.94490 1.995484
43 0.94880 1.995484
44 0.95240 1.995484
45 0.95500 1.995484
46 0.95890 1.995484
47 0.96170 1.995484
48 0.96420 1.995484
49 0.96710 1.995484
