0 0.00300 inf
1 0.01160 1.230449
2 0.02730 1.014240
3 0.04800 1.035975
4 0.07470 1.234934
5 0.10740 1.258832
6 0.14350 1.348771
7 0.18290 1.418897
8 0.22590 1.473387
9 0.27020 1.528053
10 0.31300 1.571087
11 0.35420 1.616406
12 0.39830 1.636961
13 0.44180 1.665791
14 0.48140 1.685365
15 0.51990 1.706475
16 0.55560 1.734533
17 0.59100 1.764313
18 0.62180 1.767799
19 0.64740 1.782185
20 0.67640 1.798500
21 0.70330 1.809185
22 0.72450 1.824446
23 0.74690 1.830960
24 0.76520 1.840433
25 0.78360 1.849051
26 0.80200 1.861178
27 0.81720 1.872448
28 0.83290 1.882791
29 0.84400 1.888980
30 0.85650 1.895805
31 0.86890 1.906324
32 0.87780 1.912054
33 0.88720 1.917046
34 0.89800 1.923671
35 0.90690 1.928223
36 0.91370 1.931605
37 0.91930 1.936101
38 0.92500 1.940511
39 0.92970 1.942443
40 0.93510 1.946652
41 0.94060 1.950583
42 0.94490 1.950238
43 0.94880 1.952318
44 0.95240 1.954034
45 0.95500 1.955897
46 0.95890 1.958786
47 0.96170 1.960823
48 0.96420 1.962489
49 0.96710 1.964700
