0 0.00050 0.000000
1 0.00210 1.796741
2 0.00460 1.203425
3 0.00750 1.326392
4 0.01080 1.404636
5 0.01520 1.486132
6 0.02070 1.462318
7 0.02680 1.409857
8 0.03710 1.459330
9 0.05110 1.385114
10 0.06830 1.544582
11 0.08840 1.545886
12 0.11240 1.535488
13 0.13700 1.602852
14 0.16810 1.628633
15 0.19740 1.685597
16 0.22940 1.628048
17 0.26430 1.656252
18 0.30070 1.684952
19 0.33770 1.695739
20 0.38200 1.718085
21 0.42250 1.729376
22 0.46490 1.765249
23 0.50710 1.743187
24 0.54390 1.780025
25 0.58530 1.808309
26 0.62410 1.785765
27 0.66150 1.817780
28 0.69400 1.844853
29 0.72940 1.876565
30 0.75930 1.873298
31 0.78740 1.879949
32 0.81290 1.903271
33 0.83440 1.902754
34 0.85600 1.929127
35 0.87410 1.913444
36 0.89050 1.916111
37 0.90440 1.915477
38 0.91690 1.914605
39 0.92690 1.908477
40 0.93550 1.907158
41 0.94290 1.923960
42 0.94960 1.934836
43 0.95720 1.941224
44 0.96290 1.949250
45 0.96650 1.951028
46 0.97080 1.954407
47 0.97490 1.955642
48 0.97790 1.959756
49 0.98060 1.958338
