0 0.00050 inf
1 0.00210 1.079181
2 0.00460 1.653213
3 0.00750 1.968483
4 0.01080 2.130334
5 0.01520 2.315970
6 0.02070 2.198657
7 0.02680 2.134602
8 0.03710 1.851937
9 0.05110 1.840781
10 0.06830 1.851258
11 0.08840 1.862546
12 0.11240 1.877563
13 0.13700 1.889377
14 0.16810 1.886843
15 0.19740 1.916215
16 0.22940 1.919712
17 0.26430 1.943626
18 0.30070 1.937270
19 0.33770 1.947483
20 0.38200 1.945630
21 0.42250 1.963451
22 0.46490 1.958106
23 0.50710 1.963491
24 0.54390 1.966237
25 0.58530 1.971659
26 0.62410 1.979409
27 0.66150 1.986105
28 0.69400 1.991403
29 0.72940 1.977888
30 0.75930 1.987376
31 0.78740 1.992128
32 0.81290 1.999437
33 0.83440 1.997266
34 0.85600 1.999884
35 0.87410 2.003606
36 0.89050 2.003136
37 0.90440 2.007801
38 0.91690 2.009722
39 0.92690 2.005065
40 0.93550 2.009345
41 0.94290 2.011222
42 0.94960 2.011044
43 0.95720 2.010378
44 0.96290 2.014561
45 0.96650 2.013866
46 0.97080 2.014668
47 0.97490 2.017952
48 0.97790 2.018216
49 0.98060 2.017523
