0 0.00030 0.000000
1 0.00150 1.200000
2 0.00360 1.258882
3 0.00730 1.057312
4 0.01240 1.284839
5 0.01830 1.343875
6 0.02580 1.398308
7 0.03500 1.493276
8 0.04890 1.487364
9 0.06630 1.432682
10 0.08630 1.485265
11 0.10920 1.521077
12 0.13150 1.510816
13 0.16320 1.607445
14 0.19830 1.619127
15 0.23790 1.642965
16 0.27540 1.694415
17 0.32120 1.653978
18 0.36480 1.687472
19 0.41000 1.707698
20 0.45510 1.730836
21 0.50070 1.796356
22 0.54570 1.771828
23 0.58860 1.813705
24 0.62880 1.821545
25 0.66660 1.823089
26 0.70090 1.848211
27 0.73890 1.839333
28 0.76720 1.853769
29 0.79540 1.871948
30 0.82190 1.899927
31 0.84500 1.920299
32 0.86370 1.909555
33 0.87820 1.904287
34 0.89490 1.907761
35 0.91000 1.907248
36 0.92300 1.905666
37 0.93420 1.927954
38 0.94270 1.932279
39 0.95170 1.938644
40 0.95810 1.937703
41 0.96290 1.950802
42 0.96800 1.954615
43 0.97160 1.956508
44 0.97490 1.957596
45 0.97910 1.958068
46 0.98180 1.959955
47 0.98360 1.959625
48 0.98570 1.961698
49 0.98710 1.961698
