0 0.00030 nan
1 0.00150 inf
2 0.00360 1.060698
3 0.00730 1.596597
4 0.01240 1.921686
5 0.01830 1.764923
6 0.02580 1.696065
7 0.03500 1.830375
8 0.04890 1.855006
9 0.06630 1.875742
10 0.08630 1.905153
11 0.10920 1.898412
12 0.13150 1.862696
13 0.16320 1.845584
14 0.19830 1.890749
15 0.23790 1.891321
16 0.27540 1.912963
17 0.32120 1.916347
18 0.36480 1.918167
19 0.41000 1.937589
20 0.45510 1.968448
21 0.50070 1.960324
22 0.54570 1.974485
23 0.58860 1.974300
24 0.62880 1.977013
25 0.66660 1.990220
26 0.70090 1.976056
27 0.73890 1.968625
28 0.76720 1.972223
29 0.79540 1.972826
30 0.82190 1.963275
31 0.84500 1.971508
32 0.86370 1.975460
33 0.87820 1.973551
34 0.89490 1.980090
35 0.91000 1.981872
36 0.92300 1.984344
37 0.93420 1.989755
38 0.94270 1.990178
39 0.95170 1.993058
40 0.95810 1.997389
41 0.96290 1.997292
42 0.96800 1.998421
43 0.97160 1.998826
44 0.97490 1.999052
45 0.97910 2.002453
46 0.98180 2.004516
47 0.98360 2.004458
48 0.98570 2.004822
49 0.98710 2.005764
