0 0.00030 0.000000
1 0.00070 0.155056
2 0.00120 0.174631
3 0.00270 0.336441
4 0.00490 0.482021
5 0.00820 0.677661
6 0.01450 0.630609
7 0.02200 0.709221
8 0.02880 0.724352
9 0.03770 0.789361
10 0.05080 0.874863
11 0.06660 1.019218
12 0.08840 1.071484
13 0.11080 1.103728
14 0.13510 1.168699
15 0.16170 1.232364
16 0.18900 1.263424
17 0.22190 1.327934
18 0.25920 1.431491
19 0.29510 1.488724
20 0.33260 1.512414
21 0.37340 1.563914
22 0.41170 1.578094
23 0.44870 1.604167
24 0.48870 1.657800
25 0.52550 1.722077
26 0.56410 1.754675
27 0.59460 1.776356
28 0.62350 1.806314
29 0.65360 1.831438
30 0.67960 1.826300
31 0.70370 1.829966
32 0.72950 1.874476
33 0.75470 1.887103
34 0.77760 1.902616
35 0.79780 1.913440
36 0.81660 1.925508
37 0.83680 1.943755
38 0.85290 1.952682
39 0.86730 1.957934
40 0.88030 1.961103
41 0.89140 1.967642
42 0.90220 1.972400
43 0.91190 1.976632
44 0.92060 1.982824
45 0.92800 1.987752
46 0.93550 1.988684
47 0.94060 1.988684
48 0.94620 1.990852
49 0.95180 1.991578
