0 0.00030 inf
1 0.00070 inf
2 0.00120 inf
3 0.00270 1.397940
4 0.00490 1.698970
5 0.00820 1.778151
6 0.01450 1.465713
7 0.02200 1.369606
8 0.02880 1.465949
9 0.03770 1.531479
10 0.05080 1.525450
11 0.06660 1.490467
12 0.08840 1.578724
13 0.11080 1.577820
14 0.13510 1.631912
15 0.16170 1.693175
16 0.18900 1.729044
17 0.22190 1.726302
18 0.25920 1.744945
19 0.29510 1.767686
20 0.33260 1.766526
21 0.37340 1.800412
22 0.41170 1.815835
23 0.44870 1.826257
24 0.48870 1.846592
25 0.52550 1.862260
26 0.56410 1.873803
27 0.59460 1.877388
28 0.62350 1.893270
29 0.65360 1.901909
30 0.67960 1.910710
31 0.70370 1.917330
32 0.72950 1.929831
33 0.75470 1.936992
34 0.77760 1.942758
35 0.79780 1.947306
36 0.81660 1.950066
37 0.83680 1.957053
38 0.85290 1.961197
39 0.86730 1.957897
40 0.88030 1.961833
41 0.89140 1.965551
42 0.90220 1.967889
43 0.91190 1.969883
44 0.92060 1.971207
45 0.92800 1.972626
46 0.93550 1.976549
47 0.94060 1.978350
48 0.94620 1.981554
49 0.95180 1.983804
