0 0.00210 0.033903
1 0.00900 0.158499
2 0.02400 0.373291
3 0.04350 0.683445
4 0.07020 0.755724
5 0.10310 0.946128
6 0.14230 1.137683
7 0.18070 1.288793
8 0.22450 1.444479
9 0.26660 1.551526
10 0.31170 1.658241
11 0.35640 1.722993
12 0.40070 1.774706
13 0.44590 1.829923
14 0.48410 1.870266
15 0.52440 1.896743
16 0.55920 1.924524
17 0.59460 1.934900
18 0.62440 1.947503
19 0.65320 1.955742
20 0.68270 1.962910
21 0.71010 1.968622
22 0.73200 1.978809
23 0.75510 1.981711
24 0.77540 1.984461
25 0.79420 1.990594
26 0.81100 1.990594
27 0.82480 1.992771
28 0.83880 1.994574
29 0.84960 1.995652
30 0.86320 1.995652
31 0.87400 1.995652
32 0.88330 1.995500
33 0.89320 1.996576
34 0.90200 1.996576
35 0.91090 1.996576
36 0.91870 1.996576
37 0.92510 1.998374
38 0.93000 1.998374
39 0.93700 1.998374
40 0.94230 1.997148
41 0.94580 1.995923
42 0.94910 1.995923
43 0.95220 1.995923
44 0.95630 1.995923
45 0.95870 1.995923
46 0.96050 1.995923
47 0.96290 1.995923
48 0.96530 1.996998
49 0.96760 1.996998
