0 0.00210 nan
1 0.00900 inf
2 0.02400 1.361728
3 0.04350 1.493358
4 0.07020 1.447158
5 0.10310 1.427831
6 0.14230 1.437751
7 0.18070 1.454258
8 0.22450 1.479844
9 0.26660 1.523050
10 0.31170 1.562175
11 0.35640 1.597131
12 0.40070 1.628723
13 0.44590 1.665594
14 0.48410 1.668416
15 0.52440 1.684951
16 0.55920 1.703604
17 0.59460 1.718796
18 0.62440 1.745218
19 0.65320 1.758820
20 0.68270 1.770703
21 0.71010 1.780551
22 0.73200 1.791842
23 0.75510 1.810423
24 0.77540 1.827174
25 0.79420 1.837355
26 0.81100 1.848935
27 0.82480 1.858673
28 0.83880 1.867814
29 0.84960 1.872478
30 0.86320 1.880600
31 0.87400 1.888814
32 0.88330 1.895178
33 0.89320 1.898208
34 0.90200 1.902016
35 0.91090 1.907963
36 0.91870 1.912427
37 0.92510 1.915818
38 0.93000 1.919836
39 0.93700 1.925613
40 0.94230 1.929419
41 0.94580 1.931053
42 0.94910 1.933670
43 0.95220 1.936284
44 0.95630 1.939002
45 0.95870 1.940792
46 0.96050 1.942146
47 0.96290 1.943983
48 0.96530 1.945777
49 0.96760 1.947505
