0 0.00210 0.000000
1 0.00930 0.220060
2 0.02050 0.392144
3 0.04050 0.610550
4 0.06780 0.774601
5 0.09940 0.998005
6 0.13280 1.150650
7 0.17320 1.265976
8 0.21520 1.372456
9 0.25560 1.496050
10 0.29900 1.611773
11 0.34410 1.675896
12 0.38760 1.745165
13 0.42600 1.794824
14 0.46580 1.838877
15 0.50530 1.877669
16 0.53980 1.900389
17 0.57470 1.928785
18 0.60570 1.945594
19 0.63430 1.961008
20 0.66440 1.968293
21 0.69020 1.976930
22 0.71380 1.982038
23 0.73440 1.983858
24 0.75550 1.991123
25 0.77180 1.993860
26 0.78950 1.994945
27 0.80780 2.001079
28 0.82210 2.000914
29 0.83720 2.001992
30 0.84740 2.004147
31 0.85840 2.004871
32 0.86920 2.004871
33 0.87920 2.004871
34 0.88690 2.004705
35 0.89500 2.004705
36 0.90240 2.005780
37 0.90940 2.005615
38 0.91610 2.005615
39 0.92210 2.004377
40 0.92910 2.004215
41 0.93360 2.004055
42 0.93800 2.004055
43 0.94190 2.004055
44 0.94660 2.004055
45 0.95170 2.004055
46 0.95570 2.004055
47 0.95890 2.002824
48 0.96250 2.001595
49 0.96530 2.001595
