0 0.00210 inf
1 0.00930 inf
2 0.02050 1.024134
3 0.04050 1.194316
4 0.06780 1.181486
5 0.09940 1.294982
6 0.13280 1.378749
7 0.17320 1.450826
8 0.21520 1.476715
9 0.25560 1.496701
10 0.29900 1.551206
11 0.34410 1.557808
12 0.38760 1.579086
13 0.42600 1.586384
14 0.46580 1.621409
15 0.50530 1.663284
16 0.53980 1.682151
17 0.57470 1.705818
18 0.60570 1.726774
19 0.63430 1.741641
20 0.66440 1.756543
21 0.69020 1.776108
22 0.71380 1.791229
23 0.73440 1.801136
24 0.75550 1.809551
25 0.77180 1.816700
26 0.78950 1.826641
27 0.80780 1.836180
28 0.82210 1.845752
29 0.83720 1.854759
30 0.84740 1.863367
31 0.85840 1.871174
32 0.86920 1.876652
33 0.87920 1.881133
34 0.88690 1.884634
35 0.89500 1.890266
36 0.90240 1.895932
37 0.90940 1.901665
38 0.91610 1.906048
39 0.92210 1.910448
40 0.92910 1.916385
41 0.93360 1.919655
42 0.93800 1.922926
43 0.94190 1.926012
44 0.94660 1.929394
45 0.95170 1.931990
46 0.95570 1.933582
47 0.95890 1.936038
48 0.96250 1.936485
49 0.96530 1.937492
