0 0.00010 0.000000
1 0.00040 0.000000
2 0.00120 0.321345
3 0.00230 0.461843
4 0.00410 0.265518
5 0.00720 0.538336
6 0.01170 0.713989
7 0.01810 0.564571
8 0.02660 0.778120
9 0.03930 0.868664
10 0.05220 0.855584
11 0.06660 1.000794
12 0.08640 1.080156
13 0.10590 1.134280
14 0.12700 1.226745
15 0.15100 1.258346
16 0.17700 1.325698
17 0.20740 1.353267
18 0.23760 1.400725
19 0.27320 1.474103
20 0.30620 1.503733
21 0.33970 1.520105
22 0.37580 1.552177
23 0.41090 1.606716
24 0.44750 1.623027
25 0.48160 1.665169
26 0.51790 1.698585
27 0.55330 1.736753
28 0.58690 1.780704
29 0.61960 1.805308
30 0.64870 1.845481
31 0.67980 1.842306
32 0.71140 1.861004
33 0.73810 1.876661
34 0.76040 1.892117
35 0.77990 1.901268
36 0.79980 1.913836
37 0.81880 1.924446
38 0.83640 1.932308
39 0.85040 1.940302
40 0.86440 1.943880
41 0.87980 1.951977
42 0.89030 1.960226
43 0.90030 1.971138
44 0.90900 1.976277
45 0.91690 1.981769
46 0.92310 1.985262
47 0.92980 1.986196
48 0.93670 1.987288
49 0.94320 1.989878
