0 0.00010 nan
1 0.00040 nan
2 0.00120 inf
3 0.00230 1.230449
4 0.00410 1.623249
5 0.00720 1.491362
6 0.01170 1.367090
7 0.01810 1.478727
8 0.02660 1.485316
9 0.03930 1.545925
10 0.05220 1.632204
11 0.06660 1.733012
12 0.08640 1.721897
13 0.10590 1.704722
14 0.12700 1.709593
15 0.15100 1.732394
16 0.17700 1.781217
17 0.20740 1.796692
18 0.23760 1.826955
19 0.27320 1.829840
20 0.30620 1.820849
21 0.33970 1.836143
22 0.37580 1.858391
23 0.41090 1.865992
24 0.44750 1.876425
25 0.48160 1.886436
26 0.51790 1.899256
27 0.55330 1.904665
28 0.58690 1.926824
29 0.61960 1.945629
30 0.64870 1.955994
31 0.67980 1.965137
32 0.71140 1.968466
33 0.73810 1.977691
34 0.76040 1.986161
35 0.77990 1.996045
36 0.79980 1.999457
37 0.81880 2.008159
38 0.83640 2.010197
39 0.85040 2.009483
40 0.86440 2.013770
41 0.87980 2.017488
42 0.89030 2.019142
43 0.90030 2.022532
44 0.90900 2.023709
45 0.91690 2.027003
46 0.92310 2.029800
47 0.92980 2.033873
48 0.93670 2.035195
49 0.94320 2.037379
