0 0.00200 0.035642
1 0.00980 0.287429
2 0.02350 0.418301
3 0.04280 0.676388
4 0.06720 0.848244
5 0.09910 0.978689
6 0.13360 1.124334
7 0.17380 1.302542
8 0.21510 1.388972
9 0.25890 1.495238
10 0.30210 1.582458
11 0.34610 1.664133
12 0.39030 1.723192
13 0.42870 1.773792
14 0.46470 1.822841
15 0.50030 1.848744
16 0.53650 1.882859
17 0.57010 1.905354
18 0.60410 1.922526
19 0.63380 1.943932
20 0.66090 1.954534
21 0.68890 1.968147
22 0.71360 1.976570
23 0.73440 1.982613
24 0.75520 1.985159
25 0.77440 1.989877
26 0.79190 1.991891
27 0.80960 1.994823
28 0.82510 1.995391
29 0.83880 1.996115
30 0.85020 1.996683
31 0.86260 1.997761
32 0.87270 1.999759
33 0.88430 1.998528
34 0.89460 1.998528
35 0.90270 1.997299
36 0.90990 1.996073
37 0.91780 1.996073
38 0.92350 1.996073
39 0.92890 1.997148
40 0.93410 1.995923
41 0.93890 1.995923
42 0.94190 1.995923
43 0.94670 1.994701
44 0.95110 1.994701
45 0.95460 1.994701
46 0.95720 1.994701
47 0.95980 1.994701
48 0.96230 1.994701
49 0.96480 1.994701
