0 0.00200 inf
1 0.00980 1.380211
2 0.02350 1.934498
3 0.04280 1.688420
4 0.06720 1.414973
5 0.09910 1.471781
6 0.13360 1.503968
7 0.17380 1.541345
8 0.21510 1.509970
9 0.25890 1.544576
10 0.30210 1.582413
11 0.34610 1.624269
12 0.39030 1.650140
13 0.42870 1.668962
14 0.46470 1.700861
15 0.50030 1.728631
16 0.53650 1.753441
17 0.57010 1.771830
18 0.60410 1.801607
19 0.63380 1.815771
20 0.66090 1.825239
21 0.68890 1.835340
22 0.71360 1.843680
23 0.73440 1.855225
24 0.75520 1.869887
25 0.77440 1.881595
26 0.79190 1.892815
27 0.80960 1.899634
28 0.82510 1.910783
29 0.83880 1.920403
30 0.85020 1.927170
31 0.86260 1.933578
32 0.87270 1.940870
33 0.88430 1.948669
34 0.89460 1.955297
35 0.90270 1.960147
36 0.90990 1.961097
37 0.91780 1.966238
38 0.92350 1.967786
39 0.92890 1.972526
40 0.93410 1.976247
41 0.93890 1.980133
42 0.94190 1.981047
43 0.94670 1.984369
44 0.95110 1.987715
45 0.95460 1.990231
46 0.95720 1.992016
47 0.95980 1.993002
48 0.96230 1.994830
49 0.96480 1.996356
