0 0.04880 1.738295
1 0.09270 1.844596
2 0.13370 1.849624
3 0.17600 1.872457
4 0.21340 1.861538
5 0.24890 1.880224
6 0.28220 1.871039
7 0.31710 1.973682
8 0.34860 1.923410
9 0.38130 1.878069
10 0.40750 1.978478
11 0.43480 1.899049
12 0.46090 1.990481
13 0.48650 1.881620
14 0.51140 1.965010
15 0.53140 1.925022
16 0.55240 1.907478
17 0.57100 1.954604
18 0.58950 1.958802
19 0.60770 1.933572
20 0.62660 1.928069
21 0.64280 1.976233
22 0.65890 1.915077
23 0.67440 1.907536
24 0.68800 1.935514
25 0.70250 1.968768
26 0.71400 1.989888
27 0.72850 1.896877
28 0.73970 1.901093
29 0.75140 1.958305
30 0.76130 1.971413
31 0.77310 1.973253
32 0.78220 1.940261
33 0.79170 1.912899
34 0.80260 1.920812
35 0.81060 1.921214
36 0.81760 1.941928
37 0.82740 1.972573
38 0.83650 1.961911
39 0.84350 1.965323
40 0.85010 1.920494
41 0.85660 1.902653
42 0.86420 1.919503
43 0.86900 1.928286
44 0.87590 1.930615
45 0.88070 1.934429
46 0.88470 1.939221
47 0.88980 1.944973
48 0.89390 1.941386
49 0.89830 1.941331
