0 0.04880 1.685742
1 0.09270 1.873902
2 0.13370 1.959638
3 0.17600 1.926685
4 0.21340 1.950851
5 0.24890 2.027438
6 0.28220 1.972427
7 0.31710 1.968372
8 0.34860 1.987046
9 0.38130 1.983802
10 0.40750 1.970845
11 0.43480 1.979028
12 0.46090 1.972129
13 0.48650 1.971475
14 0.51140 1.949903
15 0.53140 1.968997
16 0.55240 1.984253
17 0.57100 1.967211
18 0.58950 1.967193
19 0.60770 1.976116
20 0.62660 1.978779
21 0.64280 1.987233
22 0.65890 1.995609
23 0.67440 1.985589
24 0.68800 1.977771
25 0.70250 1.980072
26 0.71400 1.979575
27 0.72850 1.972769
28 0.73970 1.964178
29 0.75140 1.962755
30 0.76130 1.965320
31 0.77310 1.969855
32 0.78220 1.967768
33 0.79170 1.961340
34 0.80260 1.966273
35 0.81060 1.964868
36 0.81760 1.966066
37 0.82740 1.964182
38 0.83650 1.967471
39 0.84350 1.967551
40 0.85010 1.964519
41 0.85660 1.967015
42 0.86420 1.965023
43 0.86900 1.963119
44 0.87590 1.968410
45 0.88070 1.969193
46 0.88470 1.966149
47 0.88980 1.958106
48 0.89390 1.960817
49 0.89830 1.961400
