0 0.00020 0.000000
1 0.00060 1.200000
2 0.00160 0.701955
3 0.00280 1.041154
4 0.00390 1.049363
5 0.00660 1.207859
6 0.01130 1.137411
7 0.01710 1.217959
8 0.02530 1.450880
9 0.03780 1.363866
10 0.05440 1.456272
11 0.07520 1.530028
12 0.09810 1.579292
13 0.12580 1.581039
14 0.15700 1.607482
15 0.19080 1.614758
16 0.22900 1.687663
17 0.27290 1.669269
18 0.31600 1.695680
19 0.35790 1.757293
20 0.40270 1.725106
21 0.44750 1.748696
22 0.48920 1.804433
23 0.53250 1.767731
24 0.57500 1.802884
25 0.61660 1.815460
26 0.65620 1.813281
27 0.69510 1.864045
28 0.72970 1.852972
29 0.76200 1.863463
30 0.79220 1.872710
31 0.81930 1.907774
32 0.84020 1.882871
33 0.86100 1.888932
34 0.87760 1.881624
35 0.89340 1.893616
36 0.90670 1.907477
37 0.91780 1.920073
38 0.92800 1.935457
39 0.93710 1.940937
40 0.94540 1.943750
41 0.95240 1.942877
42 0.95860 1.950776
43 0.96300 1.946799
44 0.96850 1.940554
45 0.97280 1.940211
46 0.97610 1.936913
47 0.97930 1.930833
48 0.98180 1.933009
49 0.98320 1.930339
