0 0.00020 nan
1 0.00060 inf
2 0.00160 inf
3 0.00280 inf
4 0.00390 inf
5 0.00660 1.716003
6 0.01130 1.774517
7 0.01710 1.821732
8 0.02530 1.797960
9 0.03780 1.856470
10 0.05440 1.915927
11 0.07520 1.833572
12 0.09810 1.879320
13 0.12580 1.844733
14 0.15700 1.831420
15 0.19080 1.888720
16 0.22900 1.889641
17 0.27290 1.886628
18 0.31600 1.877834
19 0.35790 1.870130
20 0.40270 1.879840
21 0.44750 1.896856
22 0.48920 1.892220
23 0.53250 1.906117
24 0.57500 1.924583
25 0.61660 1.940553
26 0.65620 1.951865
27 0.69510 1.945710
28 0.72970 1.955547
29 0.76200 1.950736
30 0.79220 1.951839
31 0.81930 1.954885
32 0.84020 1.954816
33 0.86100 1.964609
34 0.87760 1.965162
35 0.89340 1.960310
36 0.90670 1.959132
37 0.91780 1.959552
38 0.92800 1.964653
39 0.93710 1.968458
40 0.94540 1.970150
41 0.95240 1.970902
42 0.95860 1.972120
43 0.96300 1.972975
44 0.96850 1.974837
45 0.97280 1.977967
46 0.97610 1.978139
47 0.97930 1.978309
48 0.98180 1.977781
49 0.98320 1.978911
