0 0.00050 0.000000
1 0.00160 1.833985
2 0.00300 1.200000
3 0.00570 1.501955
4 0.00990 1.351025
5 0.01520 1.214569
6 0.02360 1.235451
7 0.03410 1.376819
8 0.04710 1.419391
9 0.06400 1.515015
10 0.08450 1.580362
11 0.10950 1.528844
12 0.13490 1.565176
13 0.16400 1.609423
14 0.19350 1.606471
15 0.22600 1.693707
16 0.26250 1.641780
17 0.30260 1.680238
18 0.34530 1.705608
19 0.39000 1.731663
20 0.43710 1.743132
21 0.48270 1.723934
22 0.52970 1.776214
23 0.57530 1.780666
24 0.62120 1.842074
25 0.66150 1.810338
26 0.69810 1.845552
27 0.73450 1.877968
28 0.76840 1.850123
29 0.79710 1.889708
30 0.82180 1.912839
31 0.84110 1.912739
32 0.86190 1.929206
33 0.87920 1.914850
34 0.89500 1.900590
35 0.90830 1.909060
36 0.92030 1.911925
37 0.92810 1.904014
38 0.93820 1.930420
39 0.94610 1.938001
40 0.95290 1.946811
41 0.95880 1.950142
42 0.96450 1.952990
43 0.96920 1.954927
44 0.97270 1.955874
45 0.97640 1.956179
46 0.98110 1.956321
47 0.98280 1.954286
48 0.98460 1.955849
49 0.98610 1.956179
