0 0.00050 inf
1 0.00160 inf
2 0.00300 inf
3 0.00570 inf
4 0.00990 1.924279
5 0.01520 1.919078
6 0.02360 1.700415
7 0.03410 1.840644
8 0.04710 1.927142
9 0.06400 1.797806
10 0.08450 1.767568
11 0.10950 1.790442
12 0.13490 1.804669
13 0.16400 1.822095
14 0.19350 1.846596
15 0.22600 1.865301
16 0.26250 1.880609
17 0.30260 1.878866
18 0.34530 1.876691
19 0.39000 1.895962
20 0.43710 1.905144
21 0.48270 1.878079
22 0.52970 1.883691
23 0.57530 1.884790
24 0.62120 1.904155
25 0.66150 1.914138
26 0.69810 1.909843
27 0.73450 1.920615
28 0.76840 1.923656
29 0.79710 1.932228
30 0.82180 1.943704
31 0.84110 1.944453
32 0.86190 1.949837
33 0.87920 1.954061
34 0.89500 1.950720
35 0.90830 1.954361
36 0.92030 1.959300
37 0.92810 1.960931
38 0.93820 1.965442
39 0.94610 1.965766
40 0.95290 1.970033
41 0.95880 1.972815
42 0.96450 1.975741
43 0.96920 1.974830
44 0.97270 1.972144
45 0.97640 1.974072
46 0.98110 1.976490
47 0.98280 1.977839
48 0.98460 1.978194
49 0.98610 1.979352
