0 0.04580 1.706429
1 0.08830 1.828639
2 0.13090 1.960990
3 0.17040 1.827609
4 0.20910 1.879738
5 0.24180 1.865081
6 0.27690 1.887205
7 0.31220 1.929476
8 0.34300 1.932849
9 0.37050 1.883350
10 0.39700 1.949632
11 0.42550 1.871165
12 0.45280 1.934660
13 0.47650 1.874479
14 0.50120 1.955887
15 0.52250 1.920117
16 0.54470 1.909802
17 0.56540 1.944258
18 0.58330 1.910982
19 0.60260 1.909869
20 0.62020 1.947267
21 0.63620 1.963762
22 0.65250 1.925239
23 0.66670 1.901714
24 0.68220 1.936729
25 0.69650 1.972570
26 0.70970 1.938353
27 0.72160 1.894639
28 0.73340 1.895876
29 0.74730 1.946506
30 0.75850 1.975089
31 0.76920 1.969103
32 0.77870 1.932368
33 0.78950 1.910848
34 0.79930 1.915891
35 0.80800 1.924292
36 0.81720 1.946304
37 0.82470 1.969401
38 0.83160 1.985519
39 0.84080 1.961967
40 0.84800 1.965174
41 0.85480 1.949794
42 0.86220 1.911437
43 0.86780 1.908822
44 0.87380 1.915804
45 0.88020 1.925435
46 0.88600 1.934376
47 0.89090 1.935325
48 0.89560 1.938908
49 0.89980 1.950230
