0 0.04580 inf
1 0.08830 2.459392
2 0.13090 2.222066
3 0.17040 2.022316
4 0.20910 2.004574
5 0.24180 2.019116
6 0.27690 2.048212
7 0.31220 2.039357
8 0.34300 2.045975
9 0.37050 2.036709
10 0.39700 2.032313
11 0.42550 2.020702
12 0.45280 2.042581
13 0.47650 2.026621
14 0.50120 2.024733
15 0.52250 2.005496
16 0.54470 2.017294
17 0.56540 2.007638
18 0.58330 1.999578
19 0.60260 2.002561
20 0.62020 2.006940
21 0.63620 2.011229
22 0.65250 2.012030
23 0.66670 1.995037
24 0.68220 1.985603
25 0.69650 1.983555
26 0.70970 1.987058
27 0.72160 1.994804
28 0.73340 1.981692
29 0.74730 1.990172
30 0.75850 1.983957
31 0.76920 1.987430
32 0.77870 1.983226
33 0.78950 1.985152
34 0.79930 1.980691
35 0.80800 1.975159
36 0.81720 1.977241
37 0.82470 1.979081
38 0.83160 1.984302
39 0.84080 1.983960
40 0.84800 1.979895
41 0.85480 1.981753
42 0.86220 1.982196
43 0.86780 1.986313
44 0.87380 1.987605
45 0.88020 1.989775
46 0.88600 1.990262
47 0.89090 1.994709
48 0.89560 1.996637
49 0.89980 1.996311
