0 0.04530 1.773871
1 0.09100 1.847864
2 0.13330 1.953799
3 0.17490 1.812009
4 0.21040 1.830412
5 0.24550 1.851678
6 0.27780 1.943677
7 0.31200 1.938136
8 0.34470 1.882123
9 0.37500 1.876039
10 0.40400 1.967278
11 0.42970 1.897227
12 0.45650 1.979277
13 0.48210 1.892938
14 0.50670 1.943103
15 0.53000 1.902339
16 0.55220 1.926682
17 0.57070 1.949354
18 0.58860 1.926055
19 0.61060 1.910098
20 0.62680 1.921517
21 0.64280 1.975831
22 0.65850 1.932018
23 0.67610 1.900548
24 0.69170 1.929361
25 0.70640 1.955758
26 0.72310 1.971033
27 0.73490 1.900156
28 0.74710 1.897026
29 0.75980 1.942024
30 0.77120 1.974853
31 0.78330 1.978944
32 0.79450 1.903088
33 0.80370 1.909039
34 0.81330 1.920901
35 0.82140 1.923490
36 0.82980 1.953078
37 0.83720 1.963602
38 0.84600 1.954537
39 0.85280 1.965902
40 0.86150 1.918188
41 0.86700 1.909328
42 0.87200 1.903560
43 0.87720 1.914686
44 0.88220 1.925107
45 0.88730 1.933871
46 0.89270 1.936561
47 0.89790 1.947197
48 0.90340 1.946396
49 0.90790 1.942423
