0 0.04530 inf
1 0.09100 2.058173
2 0.13330 1.943865
3 0.17490 2.039234
4 0.21040 2.120067
5 0.24550 2.064271
6 0.27780 2.041685
7 0.31200 2.026241
8 0.34470 1.998162
9 0.37500 2.002940
10 0.40400 1.993751
11 0.42970 1.998222
12 0.45650 2.021788
13 0.48210 2.003983
14 0.50670 2.001533
15 0.53000 1.983191
16 0.55220 1.956080
17 0.57070 1.964442
18 0.58860 1.966320
19 0.61060 1.973731
20 0.62680 1.979932
21 0.64280 1.968727
22 0.65850 1.977543
23 0.67610 1.988588
24 0.69170 1.980285
25 0.70640 1.987805
26 0.72310 1.980711
27 0.73490 1.986813
28 0.74710 1.987133
29 0.75980 1.988540
30 0.77120 1.994114
31 0.78330 1.989187
32 0.79450 1.982963
33 0.80370 1.982618
34 0.81330 1.983986
35 0.82140 1.978322
36 0.82980 1.975229
37 0.83720 1.978410
38 0.84600 1.979526
39 0.85280 1.976218
40 0.86150 1.979950
41 0.86700 1.977098
42 0.87200 1.975122
43 0.87720 1.975760
44 0.88220 1.977666
45 0.88730 1.977268
46 0.89270 1.977104
47 0.89790 1.978183
48 0.90340 1.979639
49 0.90790 1.979854
