0 0.00200 0.071284
1 0.00780 0.064491
2 0.02050 0.375458
3 0.04160 0.620638
4 0.06850 0.857329
5 0.10010 1.014350
6 0.13540 1.135219
7 0.17230 1.281882
8 0.21060 1.421449
9 0.25180 1.488932
10 0.29900 1.604304
11 0.34190 1.683453
12 0.38500 1.732590
13 0.42900 1.808350
14 0.46920 1.847802
15 0.50690 1.876173
16 0.54080 1.899023
17 0.57470 1.921520
18 0.60720 1.931641
19 0.64080 1.946190
20 0.66950 1.955106
21 0.69350 1.960135
22 0.71800 1.963904
23 0.73930 1.968525
24 0.75880 1.969842
25 0.77750 1.974812
26 0.79720 1.978813
27 0.81400 1.980628
28 0.83060 1.983894
29 0.84540 1.987153
30 0.85780 1.992567
31 0.87050 1.992567
32 0.88100 1.993647
33 0.88990 1.994726
34 0.89920 1.994726
35 0.90740 1.993495
36 0.91780 1.993495
37 0.92510 1.993495
38 0.92990 1.994574
39 0.93510 1.994423
40 0.94040 1.994423
41 0.94580 1.994423
42 0.94890 1.994423
43 0.95290 1.994423
44 0.95650 1.995500
45 0.96070 1.997299
46 0.96320 1.997299
47 0.96530 1.997299
48 0.96840 1.997299
49 0.97040 1.998374
