0 0.00200 nan
1 0.00780 inf
2 0.02050 1.472269
3 0.04160 1.168792
4 0.06850 1.241262
5 0.10010 1.306306
6 0.13540 1.362023
7 0.17230 1.393928
8 0.21060 1.469896
9 0.25180 1.507068
10 0.29900 1.527002
11 0.34190 1.556574
12 0.38500 1.598536
13 0.42900 1.638141
14 0.46920 1.668257
15 0.50690 1.687992
16 0.54080 1.703228
17 0.57470 1.725750
18 0.60720 1.748607
19 0.64080 1.769806
20 0.66950 1.781437
21 0.69350 1.796521
22 0.71800 1.811162
23 0.73930 1.827061
24 0.75880 1.840771
25 0.77750 1.856465
26 0.79720 1.869264
27 0.81400 1.874276
28 0.83060 1.883950
29 0.84540 1.891286
30 0.85780 1.897598
31 0.87050 1.906666
32 0.88100 1.914625
33 0.88990 1.920810
34 0.89920 1.926916
35 0.90740 1.931888
36 0.91780 1.938401
37 0.92510 1.941964
38 0.92990 1.941386
39 0.93510 1.943150
40 0.94040 1.945199
41 0.94580 1.948303
42 0.94890 1.950560
43 0.95290 1.953639
44 0.95650 1.956469
45 0.96070 1.959721
46 0.96320 1.961516
47 0.96530 1.962996
48 0.96840 1.965178
49 0.97040 1.966611
