0 0.04470 1.697715
1 0.08770 1.809707
2 0.12930 1.934977
3 0.16670 1.865574
4 0.20620 1.828364
5 0.24450 1.863357
6 0.27830 1.889346
7 0.31220 1.894080
8 0.34670 1.934843
9 0.37730 1.849502
10 0.40440 1.971984
11 0.43160 1.887408
12 0.45810 1.952727
13 0.48170 1.907940
14 0.50610 1.934727
15 0.53030 1.901576
16 0.55100 1.929518
17 0.57440 1.959548
18 0.59380 1.925275
19 0.61400 1.921539
20 0.63080 1.966522
21 0.64590 1.978388
22 0.66160 1.894839
23 0.67670 1.911642
24 0.69080 1.958642
25 0.70630 1.980551
26 0.71960 1.911298
27 0.73370 1.897074
28 0.74430 1.898554
29 0.75590 1.952731
30 0.76750 1.979176
31 0.77820 1.964929
32 0.78640 1.947557
33 0.79400 1.914791
34 0.80360 1.909624
35 0.81080 1.915900
36 0.81840 1.922775
37 0.82490 1.944542
38 0.83340 1.972367
39 0.83950 1.981870
40 0.84670 1.964017
41 0.85330 1.959406
42 0.85920 1.958692
43 0.86620 1.914497
44 0.87310 1.903978
45 0.87840 1.907525
46 0.88460 1.935254
47 0.88980 1.938130
48 0.89550 1.943131
49 0.89910 1.938013
