0 0.04470 1.897627
1 0.08770 1.983777
2 0.12930 2.017729
3 0.16670 2.169842
4 0.20620 2.067655
5 0.24450 2.057856
6 0.27830 2.033424
7 0.31220 1.945285
8 0.34670 1.950140
9 0.37730 1.962132
10 0.40440 1.904736
11 0.43160 1.921178
12 0.45810 1.939147
13 0.48170 1.959523
14 0.50610 1.959348
15 0.53030 1.967004
16 0.55100 1.955873
17 0.57440 1.948542
18 0.59380 1.950727
19 0.61400 1.961035
20 0.63080 1.973691
21 0.64590 1.979575
22 0.66160 1.976172
23 0.67670 1.967216
24 0.69080 1.971726
25 0.70630 1.973890
26 0.71960 1.974924
27 0.73370 1.987458
28 0.74430 1.992297
29 0.75590 1.995988
30 0.76750 1.999526
31 0.77820 2.000960
32 0.78640 2.005662
33 0.79400 2.006759
34 0.80360 2.006786
35 0.81080 2.000664
36 0.81840 2.003704
37 0.82490 2.004651
38 0.83340 2.005064
39 0.83950 2.001928
40 0.84670 2.002080
41 0.85330 2.005460
42 0.85920 2.006314
43 0.86620 2.007882
44 0.87310 2.007218
45 0.87840 2.009139
46 0.88460 2.005169
47 0.88980 2.004988
48 0.89550 2.004685
49 0.89910 2.006605
