0 0.04840 1.765524
1 0.09250 1.888900
2 0.13180 1.827413
3 0.17480 1.929367
4 0.21350 1.972123
5 0.24620 1.870351
6 0.28350 1.909667
7 0.31470 1.968281
8 0.34620 1.940676
9 0.37390 1.863397
10 0.40180 1.980423
11 0.43030 1.889619
12 0.45750 1.944828
13 0.48370 1.911209
14 0.50640 1.948463
15 0.52920 1.901962
16 0.55240 1.919486
17 0.57270 1.947523
18 0.59320 1.921546
19 0.61110 1.924028
20 0.62860 1.928608
21 0.64410 1.976882
22 0.65960 1.914885
23 0.67570 1.911310
24 0.69060 1.950098
25 0.70280 1.959981
26 0.71540 1.990105
27 0.72760 1.903170
28 0.74040 1.902335
29 0.75150 1.914389
30 0.76580 1.973063
31 0.77620 1.980580
32 0.78830 1.939646
33 0.79940 1.916792
34 0.80820 1.923711
35 0.81760 1.919649
36 0.82620 1.927182
37 0.83610 1.960417
38 0.84530 1.968100
39 0.85210 1.962554
40 0.85840 1.960740
41 0.86440 1.913642
42 0.87150 1.909498
43 0.87770 1.922270
44 0.88280 1.930922
45 0.88830 1.938158
46 0.89330 1.937309
47 0.89710 1.939461
48 0.90180 1.962373
49 0.90610 1.947799
