0 0.04840 1.995635
1 0.09250 1.744293
2 0.13180 1.771465
3 0.17480 1.853770
4 0.21350 1.810929
5 0.24620 1.832884
6 0.28350 1.832509
7 0.31470 1.844523
8 0.34620 1.878748
9 0.37390 1.861631
10 0.40180 1.901486
11 0.43030 1.900367
12 0.45750 1.916883
13 0.48370 1.917587
14 0.50640 1.945759
15 0.52920 1.944844
16 0.55240 1.954427
17 0.57270 1.935219
18 0.59320 1.933385
19 0.61110 1.942324
20 0.62860 1.943176
21 0.64410 1.948739
22 0.65960 1.955874
23 0.67570 1.960202
24 0.69060 1.952899
25 0.70280 1.962242
26 0.71540 1.963612
27 0.72760 1.963915
28 0.74040 1.968668
29 0.75150 1.967110
30 0.76580 1.968062
31 0.77620 1.972345
32 0.78830 1.975992
33 0.79940 1.977548
34 0.80820 1.978792
35 0.81760 1.983771
36 0.82620 1.990388
37 0.83610 1.980622
38 0.84530 1.979501
39 0.85210 1.983354
40 0.85840 1.979372
41 0.86440 1.976688
42 0.87150 1.977812
43 0.87770 1.978074
44 0.88280 1.977565
45 0.88830 1.978822
46 0.89330 1.977048
47 0.89710 1.975355
48 0.90180 1.977475
49 0.90610 1.978930
