0 0.00020 0.000000
1 0.00070 0.800000
2 0.00130 0.966015
3 0.00330 1.244603
4 0.00550 1.190101
5 0.00930 1.335881
6 0.01500 1.303770
7 0.02160 1.320982
8 0.03230 1.530412
9 0.04460 1.487295
10 0.06040 1.486487
11 0.08060 1.537107
12 0.10380 1.573409
13 0.13300 1.584379
14 0.16290 1.587192
15 0.19890 1.621388
16 0.23480 1.615295
17 0.27660 1.661592
18 0.31660 1.667120
19 0.36040 1.711989
20 0.40460 1.731820
21 0.45590 1.751250
22 0.50460 1.770996
23 0.55390 1.775562
24 0.60010 1.831852
25 0.63900 1.847004
26 0.68060 1.849989
27 0.71730 1.862807
28 0.75050 1.884133
29 0.78170 1.867300
30 0.81080 1.907887
31 0.83510 1.903306
32 0.85570 1.932879
33 0.87510 1.895509
34 0.89070 1.901793
35 0.90570 1.902801
36 0.91960 1.920358
37 0.92930 1.926346
38 0.93920 1.937063
39 0.94920 1.950910
40 0.95470 1.951549
41 0.96110 1.949870
42 0.96640 1.951333
43 0.97100 1.953233
44 0.97450 1.957496
45 0.97710 1.956221
46 0.97980 1.957352
47 0.98250 1.957023
48 0.98550 1.960700
49 0.98660 1.962300
