0 0.00020 nan
1 0.00070 inf
2 0.00130 inf
3 0.00330 inf
4 0.00550 1.477121
5 0.00930 1.447158
6 0.01500 1.604226
7 0.02160 1.757396
8 0.03230 1.861335
9 0.04460 1.809560
10 0.06040 1.790520
11 0.08060 1.869558
12 0.10380 1.767620
13 0.13300 1.773821
14 0.16290 1.752048
15 0.19890 1.806382
16 0.23480 1.838526
17 0.27660 1.839177
18 0.31660 1.851754
19 0.36040 1.842337
20 0.40460 1.840440
21 0.45590 1.857858
22 0.50460 1.857948
23 0.55390 1.875416
24 0.60010 1.887764
25 0.63900 1.890385
26 0.68060 1.904827
27 0.71730 1.909212
28 0.75050 1.914386
29 0.78170 1.924784
30 0.81080 1.927412
31 0.83510 1.928208
32 0.85570 1.929113
33 0.87510 1.930586
34 0.89070 1.928887
35 0.90570 1.931495
36 0.91960 1.937314
37 0.92930 1.942179
38 0.93920 1.947511
39 0.94920 1.948680
40 0.95470 1.951629
41 0.96110 1.953918
42 0.96640 1.953398
43 0.97100 1.955757
44 0.97450 1.957401
45 0.97710 1.957362
46 0.97980 1.958181
47 0.98250 1.957907
48 0.98550 1.959099
49 0.98660 1.959836
