0 0.00010 0.000000
1 0.00040 0.000000
2 0.00130 0.000000
3 0.00290 0.823856
4 0.00440 0.397876
5 0.00700 0.575901
6 0.01010 0.541454
7 0.01560 0.727727
8 0.02130 0.775280
9 0.02910 0.871078
10 0.03910 0.956192
11 0.05030 0.990152
12 0.06410 1.123764
13 0.08220 1.118248
14 0.10220 1.126569
15 0.12540 1.153546
16 0.15160 1.213524
17 0.17810 1.274232
18 0.20590 1.308499
19 0.23820 1.361544
20 0.27050 1.425540
21 0.30320 1.435923
22 0.33890 1.455762
23 0.37290 1.523317
24 0.41080 1.584542
25 0.44460 1.635780
26 0.47860 1.673089
27 0.51410 1.714764
28 0.55140 1.733146
29 0.58730 1.760665
30 0.62340 1.800923
31 0.65800 1.838903
32 0.68710 1.855309
33 0.71640 1.876465
34 0.74240 1.895936
35 0.76530 1.909632
36 0.78850 1.927907
37 0.80820 1.944436
38 0.82630 1.950810
39 0.84360 1.958825
40 0.85950 1.959851
41 0.87310 1.966919
42 0.88390 1.973741
43 0.89400 1.977973
44 0.90370 1.983447
45 0.91280 1.987495
46 0.92100 1.990598
47 0.92910 1.991683
48 0.93520 1.993851
49 0.94130 1.993851
