0 0.00010 nan
1 0.00040 inf
2 0.00130 0.778151
3 0.00290 1.380211
4 0.00440 1.290035
5 0.00700 1.332438
6 0.01010 1.518514
7 0.01560 1.510210
8 0.02130 1.604226
9 0.02910 1.579021
10 0.03910 1.632937
11 0.05030 1.661181
12 0.06410 1.712710
13 0.08220 1.755202
14 0.10220 1.765339
15 0.12540 1.784388
16 0.15160 1.783967
17 0.17810 1.810422
18 0.20590 1.795732
19 0.23820 1.792082
20 0.27050 1.782077
21 0.30320 1.798637
22 0.33890 1.806427
23 0.37290 1.821695
24 0.41080 1.849710
25 0.44460 1.861495
26 0.47860 1.869314
27 0.51410 1.880305
28 0.55140 1.878639
29 0.58730 1.886447
30 0.62340 1.882748
31 0.65800 1.887613
32 0.68710 1.902480
33 0.71640 1.907480
34 0.74240 1.901450
35 0.76530 1.906235
36 0.78850 1.911989
37 0.80820 1.917907
38 0.82630 1.922671
39 0.84360 1.923683
40 0.85950 1.927771
41 0.87310 1.929764
42 0.88390 1.932934
43 0.89400 1.936514
44 0.90370 1.939049
45 0.91280 1.941255
46 0.92100 1.942698
47 0.92910 1.943195
48 0.93520 1.944507
49 0.94130 1.945292
