0 0.00050 0.000000
1 0.00090 0.800000
2 0.00180 1.200000
3 0.00280 0.905214
4 0.00490 1.153212
5 0.00760 1.155587
6 0.01200 1.178443
7 0.01650 1.459321
8 0.02230 1.503052
9 0.03010 1.555016
10 0.04010 1.406204
11 0.05340 1.472585
12 0.06750 1.536585
13 0.08240 1.463320
14 0.09880 1.492263
15 0.11880 1.555265
16 0.14080 1.558896
17 0.16630 1.581206
18 0.19640 1.630781
19 0.22790 1.667739
20 0.25780 1.685521
21 0.29400 1.674685
22 0.33030 1.660983
23 0.37010 1.688019
24 0.41200 1.705661
25 0.45130 1.747909
26 0.49620 1.748744
27 0.53350 1.772276
28 0.57470 1.791376
29 0.61290 1.817077
30 0.64840 1.800484
31 0.68280 1.808278
32 0.71860 1.869987
33 0.75020 1.892150
34 0.77820 1.868825
35 0.80430 1.890972
36 0.82710 1.894773
37 0.84560 1.908362
38 0.86490 1.916190
39 0.88220 1.900572
40 0.89760 1.899805
41 0.90870 1.900884
42 0.92000 1.902058
43 0.93170 1.921096
44 0.93930 1.937733
45 0.94810 1.941962
46 0.95470 1.944195
47 0.96070 1.949962
48 0.96550 1.952855
49 0.97040 1.954807
