0 0.00050 inf
1 0.00090 inf
2 0.00180 1.301030
3 0.00280 1.556303
4 0.00490 1.315270
5 0.00760 1.564271
6 0.01200 1.579784
7 0.01650 1.678215
8 0.02230 1.753692
9 0.03010 1.798574
10 0.04010 1.796147
11 0.05340 1.774325
12 0.06750 1.796748
13 0.08240 1.837724
14 0.09880 1.850145
15 0.11880 1.864389
16 0.14080 1.825693
17 0.16630 1.814477
18 0.19640 1.839624
19 0.22790 1.858928
20 0.25780 1.867793
21 0.29400 1.875494
22 0.33030 1.864784
23 0.37010 1.888699
24 0.41200 1.905504
25 0.45130 1.896440
26 0.49620 1.900103
27 0.53350 1.915324
28 0.57470 1.925958
29 0.61290 1.934317
30 0.64840 1.938927
31 0.68280 1.939678
32 0.71860 1.929327
33 0.75020 1.936301
34 0.77820 1.945611
35 0.80430 1.952226
36 0.82710 1.956611
37 0.84560 1.955151
38 0.86490 1.954921
39 0.88220 1.951809
40 0.89760 1.959749
41 0.90870 1.961919
42 0.92000 1.966257
43 0.93170 1.973870
44 0.93930 1.974917
45 0.94810 1.978920
46 0.95470 1.981802
47 0.96070 1.980355
48 0.96550 1.978221
49 0.97040 1.979828
