0 0.00020 0.000000
1 0.00050 0.155056
2 0.00120 0.081844
3 0.00210 0.358852
4 0.00440 0.146424
5 0.00750 0.537854
6 0.01040 0.655233
7 0.01480 0.709949
8 0.02260 0.794980
9 0.03060 0.874420
10 0.04080 0.833604
11 0.05610 0.973184
12 0.07200 1.059625
13 0.09060 1.063842
14 0.11380 1.209345
15 0.13950 1.258541
16 0.17050 1.297607
17 0.20210 1.302059
18 0.23670 1.399275
19 0.27590 1.456095
20 0.31340 1.484050
21 0.35140 1.533894
22 0.38980 1.541146
23 0.42940 1.587951
24 0.46770 1.653276
25 0.50790 1.702875
26 0.55140 1.753240
27 0.59160 1.781043
28 0.62760 1.786221
29 0.65950 1.820672
30 0.69030 1.846491
31 0.71970 1.881678
32 0.74730 1.897717
33 0.77080 1.902260
34 0.79160 1.916589
35 0.81250 1.927634
36 0.83080 1.939346
37 0.84730 1.945998
38 0.86580 1.952887
39 0.87910 1.960982
40 0.89010 1.967207
41 0.90340 1.971958
42 0.91300 1.977792
43 0.92300 1.984403
44 0.93050 1.987662
45 0.93800 1.990912
46 0.94430 1.993800
47 0.94970 1.992567
48 0.95440 1.992567
49 0.95840 1.993647
