0 0.00020 nan
1 0.00050 nan
2 0.00120 inf
3 0.00210 1.000000
4 0.00440 1.716003
5 0.00750 1.500602
6 0.01040 1.649984
7 0.01480 1.840942
8 0.02260 1.622099
9 0.03060 1.608220
10 0.04080 1.667178
11 0.05610 1.744107
12 0.07200 1.765562
13 0.09060 1.834247
14 0.11380 1.781905
15 0.13950 1.726200
16 0.17050 1.723717
17 0.20210 1.746741
18 0.23670 1.745190
19 0.27590 1.767503
20 0.31340 1.775915
21 0.35140 1.792829
22 0.38980 1.796730
23 0.42940 1.820801
24 0.46770 1.840100
25 0.50790 1.850178
26 0.55140 1.867768
27 0.59160 1.872466
28 0.62760 1.882826
29 0.65950 1.896426
30 0.69030 1.904493
31 0.71970 1.916846
32 0.74730 1.919843
33 0.77080 1.928592
34 0.79160 1.923864
35 0.81250 1.928631
36 0.83080 1.935588
37 0.84730 1.944251
38 0.86580 1.951486
39 0.87910 1.951499
40 0.89010 1.958467
41 0.90340 1.962199
42 0.91300 1.966816
43 0.92300 1.965892
44 0.93050 1.966819
45 0.93800 1.967658
46 0.94430 1.966682
47 0.94970 1.966613
48 0.95440 1.968424
49 0.95840 1.970468
