0 0.04680 1.678341
1 0.09230 1.895840
2 0.13370 1.874912
3 0.17530 1.844370
4 0.21170 1.865634
5 0.25040 1.884808
6 0.28530 1.886487
7 0.31940 1.887213
8 0.35190 1.950971
9 0.38410 1.878113
10 0.41180 1.865442
11 0.43910 1.946961
12 0.46360 1.897354
13 0.49020 1.931371
14 0.51170 1.943048
15 0.53540 1.901955
16 0.55740 1.940835
17 0.57760 1.958735
18 0.59730 1.930953
19 0.61610 1.919529
20 0.63380 1.979122
21 0.64980 1.910035
22 0.66470 1.913972
23 0.68110 1.954683
24 0.69420 1.982552
25 0.70810 1.907476
26 0.72210 1.900428
27 0.73570 1.909178
28 0.74800 1.961905
29 0.75890 1.985918
30 0.77030 1.956368
31 0.78260 1.906154
32 0.79110 1.920493
33 0.80200 1.922955
34 0.81070 1.927005
35 0.81840 1.932993
36 0.82800 1.978586
37 0.83550 1.967204
38 0.84290 1.963638
39 0.85130 1.964261
40 0.85830 1.937490
41 0.86550 1.909066
42 0.87160 1.918937
43 0.87720 1.935585
44 0.88340 1.940087
45 0.88890 1.942071
46 0.89400 1.945278
47 0.89760 1.959847
48 0.90290 1.951535
49 0.90610 1.947914
