0 0.04680 1.924279
1 0.09230 1.848805
2 0.13370 1.928780
3 0.17530 1.939135
4 0.21170 1.925312
5 0.25040 1.947942
6 0.28530 1.913953
7 0.31940 1.860892
8 0.35190 1.889898
9 0.38410 1.898466
10 0.41180 1.870763
11 0.43910 1.881285
12 0.46360 1.906958
13 0.49020 1.911747
14 0.51170 1.938959
15 0.53540 1.934616
16 0.55740 1.947736
17 0.57760 1.957838
18 0.59730 1.950078
19 0.61610 1.961069
20 0.63380 1.958319
21 0.64980 1.959942
22 0.66470 1.968028
23 0.68110 1.960869
24 0.69420 1.960937
25 0.70810 1.959618
26 0.72210 1.966760
27 0.73570 1.963151
28 0.74800 1.964047
29 0.75890 1.968967
30 0.77030 1.972884
31 0.78260 1.977633
32 0.79110 1.976191
33 0.80200 1.978752
34 0.81070 1.977077
35 0.81840 1.979095
36 0.82800 1.975578
37 0.83550 1.977772
38 0.84290 1.981064
39 0.85130 1.984974
40 0.85830 1.989353
41 0.86550 1.990690
42 0.87160 1.991947
43 0.87720 1.996056
44 0.88340 1.999471
45 0.88890 2.000904
46 0.89400 2.000767
47 0.89760 2.001620
48 0.90290 1.998459
49 0.90610 2.001183
