0 0.04610 1.669970
1 0.09030 1.833873
2 0.13210 1.951273
3 0.17120 1.828996
4 0.20940 1.838008
5 0.24540 1.887886
6 0.28060 1.949010
7 0.31980 1.964502
8 0.35050 1.886478
9 0.37960 1.892369
10 0.40730 1.978831
11 0.43330 1.883591
12 0.45890 1.973861
13 0.48170 1.896848
14 0.50540 1.927287
15 0.52750 1.942572
16 0.54790 1.908612
17 0.56940 1.942721
18 0.58690 1.959548
19 0.60610 1.921960
20 0.62390 1.914898
21 0.64120 1.947235
22 0.65720 1.973835
23 0.67190 1.908693
24 0.68650 1.912343
25 0.70150 1.963045
26 0.71360 1.987963
27 0.72730 1.905465
28 0.73970 1.892261
29 0.75020 1.896920
30 0.76160 1.948768
31 0.77280 1.977481
32 0.78340 1.961146
33 0.79380 1.918334
34 0.80350 1.915864
35 0.81380 1.916661
36 0.82380 1.926154
37 0.83260 1.944710
38 0.83870 1.969334
39 0.84530 1.977054
40 0.85280 1.968491
41 0.85960 1.960895
42 0.86460 1.964609
43 0.86950 1.960845
44 0.87420 1.916797
45 0.87860 1.919466
46 0.88530 1.924142
47 0.89000 1.934022
48 0.89500 1.933701
49 0.89920 1.938908
