0 0.04610 inf
1 0.09030 1.885078
2 0.13210 2.037426
3 0.17120 2.009760
4 0.20940 1.979751
5 0.24540 1.965484
6 0.28060 1.948959
7 0.31980 1.902647
8 0.35050 1.929790
9 0.37960 1.927765
10 0.40730 1.954862
11 0.43330 1.980761
12 0.45890 2.002922
13 0.48170 2.000341
14 0.50540 2.016856
15 0.52750 2.006038
16 0.54790 2.022478
17 0.56940 2.045288
18 0.58690 2.038545
19 0.60610 2.037920
20 0.62390 2.036932
21 0.64120 2.031962
22 0.65720 2.027678
23 0.67190 2.027802
24 0.68650 2.015760
25 0.70150 2.006328
26 0.71360 2.012282
27 0.72730 2.008450
28 0.73970 2.009907
29 0.75020 2.017296
30 0.76160 2.002019
31 0.77280 2.004151
32 0.78340 1.999190
33 0.79380 1.987562
34 0.80350 1.980837
35 0.81380 1.982459
36 0.82380 1.981938
37 0.83260 1.990247
38 0.83870 1.993195
39 0.84530 1.996841
40 0.85280 2.001077
41 0.85960 2.001445
42 0.86460 2.002416
43 0.86950 2.002751
44 0.87420 2.000207
45 0.87860 2.004967
46 0.88530 2.009307
47 0.89000 2.009613
48 0.89500 2.011754
49 0.89920 2.014124
