0 0.00050 0.000000
1 0.00190 1.586314
2 0.00330 1.410428
3 0.00580 1.148287
4 0.01060 1.287369
5 0.01720 1.396217
6 0.02680 1.534940
7 0.03670 1.517144
8 0.04940 1.546344
9 0.06500 1.498610
10 0.08570 1.564479
11 0.10570 1.540146
12 0.12660 1.538382
13 0.15610 1.585096
14 0.18410 1.647470
15 0.21430 1.644119
16 0.24730 1.636569
17 0.28570 1.641893
18 0.32740 1.640297
19 0.36630 1.668360
20 0.40900 1.703448
21 0.44800 1.727277
22 0.49190 1.764995
23 0.53510 1.816125
24 0.57620 1.777176
25 0.61790 1.841370
26 0.65670 1.817767
27 0.69530 1.831064
28 0.73040 1.882760
29 0.76370 1.894100
30 0.79180 1.863066
31 0.81450 1.879527
32 0.83570 1.909559
33 0.85630 1.909658
34 0.87440 1.930979
35 0.88880 1.921531
36 0.90280 1.897156
37 0.91370 1.907531
38 0.92470 1.908856
39 0.93550 1.907159
40 0.94330 1.917812
41 0.94890 1.923881
42 0.95590 1.935296
43 0.96180 1.940429
44 0.96650 1.943024
45 0.97060 1.944260
46 0.97430 1.945746
47 0.97770 1.949706
48 0.98060 1.950327
49 0.98350 1.953506
