0 0.00050 nan
1 0.00190 inf
2 0.00330 1.414973
3 0.00580 1.716003
4 0.01060 1.816241
5 0.01720 1.577875
6 0.02680 1.831443
7 0.03670 1.834633
8 0.04940 1.828065
9 0.06500 1.791340
10 0.08570 1.821974
11 0.10570 1.884040
12 0.12660 1.865605
13 0.15610 1.901702
14 0.18410 1.907239
15 0.21430 1.919395
16 0.24730 1.928140
17 0.28570 1.943062
18 0.32740 1.955688
19 0.36630 1.948243
20 0.40900 1.960392
21 0.44800 1.955667
22 0.49190 1.966629
23 0.53510 1.974007
24 0.57620 1.966441
25 0.61790 1.960409
26 0.65670 1.971851
27 0.69530 1.969785
28 0.73040 1.981980
29 0.76370 1.981622
30 0.79180 1.979503
31 0.81450 1.979548
32 0.83570 1.978943
33 0.85630 1.975940
34 0.87440 1.982686
35 0.88880 1.976072
36 0.90280 1.978144
37 0.91370 1.971933
38 0.92470 1.971829
39 0.93550 1.966309
40 0.94330 1.965452
41 0.94890 1.968192
42 0.95590 1.969057
43 0.96180 1.973483
44 0.96650 1.974587
45 0.97060 1.976710
46 0.97430 1.975965
47 0.97770 1.973924
48 0.98060 1.974990
49 0.98350 1.975855
