0 0.04940 1.839965
1 0.09330 1.870296
2 0.13270 1.960340
3 0.17450 1.834581
4 0.21330 1.956738
5 0.24950 1.972796
6 0.28470 1.876444
7 0.31560 1.887772
8 0.34730 1.943462
9 0.37460 1.875984
10 0.40210 1.973069
11 0.42790 1.891732
12 0.45490 1.977929
13 0.47890 1.872355
14 0.50290 1.968665
15 0.52300 1.966039
16 0.54290 1.919733
17 0.56180 1.955923
18 0.58150 1.957414
19 0.60110 1.930473
20 0.61750 1.938165
21 0.63410 1.980821
22 0.65030 1.903374
23 0.66510 1.906053
24 0.68210 1.962736
25 0.69570 1.984175
26 0.70900 1.903772
27 0.72080 1.903568
28 0.73470 1.912917
29 0.74660 1.975089
30 0.75890 1.987920
31 0.77310 1.930108
32 0.78350 1.902419
33 0.79290 1.914191
34 0.80240 1.925048
35 0.81170 1.967258
36 0.82010 1.977973
37 0.82920 1.959779
38 0.83740 1.949032
39 0.84580 1.906664
40 0.85380 1.911134
41 0.86080 1.931285
42 0.86750 1.936222
43 0.87330 1.938352
44 0.87860 1.943192
45 0.88410 1.941049
46 0.88930 1.937869
47 0.89380 1.938518
48 0.89740 1.948628
49 0.90230 1.963579
