0 0.04940 inf
1 0.09330 2.537819
2 0.13270 2.158965
3 0.17450 1.940943
4 0.21330 1.957128
5 0.24950 1.870829
6 0.28470 1.898588
7 0.31560 1.901958
8 0.34730 1.915890
9 0.37460 1.941071
10 0.40210 1.965054
11 0.42790 1.947036
12 0.45490 1.956649
13 0.47890 1.971700
14 0.50290 1.951043
15 0.52300 1.951041
16 0.54290 1.945667
17 0.56180 1.932681
18 0.58150 1.936267
19 0.60110 1.938363
20 0.61750 1.931464
21 0.63410 1.930064
22 0.65030 1.932954
23 0.66510 1.926067
24 0.68210 1.925612
25 0.69570 1.927565
26 0.70900 1.933875
27 0.72080 1.930065
28 0.73470 1.938197
29 0.74660 1.932398
30 0.75890 1.940024
31 0.77310 1.939613
32 0.78350 1.939902
33 0.79290 1.940854
34 0.80240 1.936063
35 0.81170 1.937688
36 0.82010 1.942857
37 0.82920 1.948627
38 0.83740 1.948324
39 0.84580 1.954243
40 0.85380 1.958552
41 0.86080 1.953355
42 0.86750 1.955207
43 0.87330 1.953133
44 0.87860 1.953464
45 0.88410 1.953273
46 0.88930 1.953539
47 0.89380 1.956760
48 0.89740 1.957688
49 0.90230 1.957744
