0 0.04580 1.684913
1 0.08940 1.798639
2 0.12940 1.933901
3 0.17020 1.987482
4 0.21100 1.831942
5 0.24590 1.861457
6 0.28000 1.914677
7 0.31210 1.964970
8 0.34490 1.903078
9 0.37280 2.001158
10 0.40290 1.961756
11 0.43230 1.884008
12 0.45750 1.959305
13 0.48220 1.874840
14 0.50810 1.943416
15 0.52950 1.971105
16 0.54970 1.914353
17 0.56920 1.945274
18 0.59250 1.961738
19 0.61000 1.930232
20 0.62830 1.935024
21 0.64730 1.978119
22 0.66130 1.917588
23 0.67640 1.907536
24 0.69270 1.951718
25 0.70680 1.977627
26 0.72140 1.971769
27 0.73540 1.898593
28 0.74780 1.914330
29 0.75910 1.945059
30 0.76870 1.981189
31 0.77870 1.985680
32 0.78910 1.942448
33 0.79840 1.908118
34 0.80690 1.923479
35 0.81660 1.929137
36 0.82500 1.931842
37 0.83300 1.965511
38 0.84130 1.980047
39 0.85010 1.967859
40 0.85760 1.967928
41 0.86290 1.933725
42 0.86940 1.910854
43 0.87460 1.918777
44 0.87960 1.930639
45 0.88480 1.938264
46 0.88980 1.935806
47 0.89490 1.949308
48 0.90010 1.949931
49 0.90340 1.952461
