0 0.04580 inf
1 0.08940 1.980761
2 0.12940 2.185400
3 0.17020 2.081587
4 0.21100 1.941877
5 0.24590 1.989682
6 0.28000 2.035948
7 0.31210 1.943306
8 0.34490 1.947280
9 0.37280 1.985059
10 0.40290 1.990804
11 0.43230 1.970200
12 0.45750 1.994279
13 0.48220 2.006933
14 0.50810 1.988630
15 0.52950 1.999675
16 0.54970 2.000981
17 0.56920 2.016963
18 0.59250 2.015996
19 0.61000 2.019055
20 0.62830 2.015486
21 0.64730 2.016224
22 0.66130 2.018302
23 0.67640 2.021684
24 0.69270 2.007823
25 0.70680 2.009754
26 0.72140 2.019866
27 0.73540 2.012252
28 0.74780 2.016710
29 0.75910 2.026800
30 0.76870 2.020461
31 0.77870 2.028041
32 0.78910 2.029966
33 0.79840 2.034046
34 0.80690 2.030462
35 0.81660 2.031816
36 0.82500 2.030248
37 0.83300 2.031718
38 0.84130 2.035406
39 0.85010 2.035617
40 0.85760 2.039952
41 0.86290 2.037048
42 0.86940 2.037053
43 0.87460 2.037766
44 0.87960 2.033191
45 0.88480 2.033395
46 0.88980 2.034036
47 0.89490 2.035993
48 0.90010 2.034400
49 0.90340 2.034545
