0 0.04750 1.669970
1 0.09190 1.863426
2 0.13310 1.900422
3 0.17130 1.850290
4 0.21030 1.904739
5 0.24840 1.880869
6 0.28050 1.879227
7 0.31310 1.939214
8 0.34500 1.961858
9 0.37810 1.888554
10 0.40310 1.955942
11 0.43060 1.924497
12 0.45680 1.889267
13 0.48330 1.941829
14 0.50630 1.930881
15 0.53050 1.901090
16 0.55090 1.954592
17 0.57260 1.909098
18 0.58990 1.925810
19 0.60740 1.911400
20 0.62700 1.966048
21 0.64350 1.906569
22 0.66130 1.905019
23 0.67590 1.933941
24 0.69020 1.977629
25 0.70520 1.908718
26 0.71980 1.894857
27 0.73200 1.943508
28 0.74350 1.976123
29 0.75520 1.956127
30 0.76780 1.908317
31 0.77930 1.915070
32 0.78830 1.915528
33 0.79620 1.916743
34 0.80620 1.952799
35 0.81400 1.965995
36 0.82260 1.950514
37 0.83210 1.958071
38 0.83910 1.910937
39 0.84570 1.902474
40 0.85430 1.916578
41 0.86120 1.931552
42 0.86840 1.936604
43 0.87390 1.944514
44 0.87850 1.929993
45 0.88570 1.933805
46 0.89090 1.940070
47 0.89720 1.954106
48 0.90180 1.966281
49 0.90640 1.965989
