0 0.04750 1.944483
1 0.09190 1.797960
2 0.13310 1.930057
3 0.17130 1.973897
4 0.21030 1.868466
5 0.24840 1.895607
6 0.28050 1.953657
7 0.31310 1.967431
8 0.34500 1.980477
9 0.37810 1.992806
10 0.40310 1.983314
11 0.43060 1.976381
12 0.45680 1.960125
13 0.48330 1.964942
14 0.50630 1.974490
15 0.53050 1.986372
16 0.55090 2.000334
17 0.57260 2.000207
18 0.58990 2.002312
19 0.60740 2.008815
20 0.62700 2.011314
21 0.64350 2.014422
22 0.66130 2.017162
23 0.67590 2.017083
24 0.69020 2.011634
25 0.70520 2.016130
26 0.71980 2.016903
27 0.73200 2.018937
28 0.74350 2.027913
29 0.75520 2.031270
30 0.76780 2.033443
31 0.77930 2.035467
32 0.78830 2.037354
33 0.79620 2.029864
34 0.80620 2.027705
35 0.81400 2.024034
36 0.82260 2.024393
37 0.83210 2.023895
38 0.83910 2.017577
39 0.84570 2.019116
40 0.85430 2.016386
41 0.86120 2.020052
42 0.86840 2.013465
43 0.87390 2.014270
44 0.87850 2.012691
45 0.88570 2.010444
46 0.89090 2.007748
47 0.89720 2.010724
48 0.90180 2.009295
49 0.90640 2.010683
