0 0.00140 0.000000
1 0.00720 0.119562
2 0.02110 0.480464
3 0.04040 0.671168
4 0.06670 0.793364
5 0.09730 0.981563
6 0.13470 1.167149
7 0.17210 1.300741
8 0.21700 1.447090
9 0.26000 1.556389
10 0.30630 1.672881
11 0.34910 1.729167
12 0.39370 1.772151
13 0.43640 1.814102
14 0.47490 1.849199
15 0.51100 1.884043
16 0.54900 1.905432
17 0.58340 1.923472
18 0.61410 1.936097
19 0.64630 1.952906
20 0.67400 1.960534
21 0.70050 1.971807
22 0.72600 1.969864
23 0.74940 1.973163
24 0.76940 1.974838
25 0.78840 1.986521
26 0.80460 1.993424
27 0.82090 1.993424
28 0.83690 1.996323
29 0.85020 1.997606
30 0.86220 1.999774
31 0.87400 2.002849
32 0.88350 2.002849
33 0.89290 2.002849
34 0.90140 2.002849
35 0.90800 2.002680
36 0.91500 2.002680
37 0.92310 2.002158
38 0.92970 2.003237
39 0.93510 2.003237
40 0.93980 2.003629
41 0.94520 2.003629
42 0.94960 2.003629
43 0.95410 2.002389
44 0.95750 2.002389
45 0.96010 2.001151
46 0.96220 2.001151
47 0.96520 2.001151
48 0.96750 2.001151
49 0.96950 2.001151
