0 0.00140 inf
1 0.00720 inf
2 0.02110 1.247155
3 0.04040 1.280827
4 0.06670 1.309824
5 0.09730 1.353485
6 0.13470 1.445604
7 0.17210 1.485346
8 0.21700 1.502598
9 0.26000 1.531479
10 0.30630 1.593739
11 0.34910 1.618440
12 0.39370 1.659653
13 0.43640 1.667453
14 0.47490 1.691533
15 0.51100 1.706596
16 0.54900 1.729817
17 0.58340 1.760127
18 0.61410 1.777134
19 0.64630 1.795473
20 0.67400 1.800123
21 0.70050 1.812164
22 0.72600 1.830776
23 0.74940 1.845369
24 0.76940 1.857869
25 0.78840 1.868120
26 0.80460 1.876623
27 0.82090 1.881716
28 0.83690 1.893074
29 0.85020 1.903310
30 0.86220 1.909001
31 0.87400 1.915230
32 0.88350 1.920828
33 0.89290 1.922593
34 0.90140 1.927695
35 0.90800 1.931749
36 0.91500 1.936516
37 0.92310 1.940621
38 0.92970 1.943990
39 0.93510 1.946956
40 0.93980 1.949427
41 0.94520 1.953493
42 0.94960 1.955612
43 0.95410 1.958557
44 0.95750 1.961035
45 0.96010 1.960653
46 0.96220 1.962020
47 0.96520 1.964526
48 0.96750 1.966177
49 0.96950 1.967586
