0 0.00230 0.033903
1 0.00770 0.236576
2 0.02020 0.424698
3 0.03790 0.616833
4 0.06300 0.811854
5 0.09350 1.019577
6 0.13130 1.161415
7 0.16940 1.288970
8 0.21100 1.388941
9 0.25590 1.474356
10 0.30080 1.578047
11 0.34440 1.676823
12 0.38540 1.739120
13 0.42630 1.791205
14 0.46800 1.845697
15 0.50560 1.870206
16 0.53900 1.886975
17 0.57420 1.903413
18 0.60930 1.919869
19 0.63830 1.933744
20 0.66670 1.943168
21 0.69410 1.950086
22 0.72000 1.959542
23 0.74160 1.965284
24 0.76110 1.973782
25 0.78310 1.976921
26 0.80010 1.982011
27 0.81810 1.984188
28 0.83360 1.988531
29 0.84750 1.986998
30 0.86110 1.989886
31 0.87330 1.990967
32 0.88400 1.992046
33 0.89360 1.992046
34 0.90290 1.993125
35 0.91100 1.995279
36 0.91750 1.995279
37 0.92430 1.992824
38 0.93090 1.995700
39 0.93640 1.996775
40 0.94150 1.996775
41 0.94530 1.996775
42 0.95000 1.996775
43 0.95400 1.996775
44 0.95680 1.996775
45 0.96020 1.995550
46 0.96340 1.995550
47 0.96680 1.995550
48 0.96950 1.995550
49 0.97150 1.995550
