0 0.00230 inf
1 0.00770 inf
2 0.02020 1.792392
3 0.03790 1.377618
4 0.06300 1.339451
5 0.09350 1.365598
6 0.13130 1.395406
7 0.16940 1.451387
8 0.21100 1.488899
9 0.25590 1.517678
10 0.30080 1.548238
11 0.34440 1.576561
12 0.38540 1.622769
13 0.42630 1.651405
14 0.46800 1.686801
15 0.50560 1.718571
16 0.53900 1.738967
17 0.57420 1.758146
18 0.60930 1.784243
19 0.63830 1.792392
20 0.66670 1.806027
21 0.69410 1.821671
22 0.72000 1.840961
23 0.74160 1.853086
24 0.76110 1.865581
25 0.78310 1.878439
26 0.80010 1.889077
27 0.81810 1.899343
28 0.83360 1.909114
29 0.84750 1.914659
30 0.86110 1.922453
31 0.87330 1.927800
32 0.88400 1.931912
33 0.89360 1.937457
34 0.90290 1.943985
35 0.91100 1.943966
36 0.91750 1.949441
37 0.92430 1.952126
38 0.93090 1.955894
39 0.93640 1.958980
40 0.94150 1.962845
41 0.94530 1.964117
42 0.95000 1.967408
43 0.95400 1.969349
44 0.95680 1.971541
45 0.96020 1.974008
46 0.96340 1.975343
47 0.96680 1.977347
48 0.96950 1.978040
49 0.97150 1.979478
