0 0.04507 1.241201
1 0.08790 1.697298
2 0.12903 1.871541
3 0.16838 1.943198
4 0.20573 1.978042
5 0.24143 1.994199
6 0.27553 2.002892
7 0.30829 2.007272
8 0.33960 2.009564
9 0.36937 2.010921
10 0.39809 2.011320
11 0.42504 2.011693
12 0.45095 2.012012
13 0.47573 2.012145
14 0.49963 2.012251
15 0.52222 2.012357
16 0.54374 2.012357
17 0.56437 2.012357
18 0.58416 2.012357
19 0.60284 2.012357
20 0.62079 2.012357
21 0.63770 2.012357
22 0.65397 2.012357
23 0.66957 2.012357
24 0.68444 2.012357
25 0.69877 2.012384
26 0.71226 2.012384
27 0.72522 2.012410
28 0.73762 2.012410
29 0.74953 2.012410
30 0.76092 2.012410
31 0.77146 2.012410
32 0.78160 2.012410
33 0.79135 2.012410
34 0.80071 2.012410
35 0.80974 2.012410
36 0.81847 2.012410
37 0.82665 2.012410
38 0.83437 2.012410
39 0.84190 2.012410
40 0.84901 2.012410
41 0.85578 2.012410
42 0.86241 2.012410
43 0.86883 2.012410
44 0.87476 2.012410
45 0.88040 2.012410
46 0.88570 2.012410
47 0.89062 2.012410
48 0.89568 2.012410
49 0.90037 2.012410
