0 0.04500 1.741348
1 0.08800 1.825088
2 0.12970 1.912950
3 0.17050 1.839342
4 0.20610 1.835373
5 0.24500 1.848070
6 0.27970 1.903727
7 0.31380 1.923653
8 0.34460 1.914465
9 0.37410 1.867428
10 0.40230 1.977403
11 0.42960 1.893330
12 0.45580 1.976620
13 0.48050 1.875437
14 0.50440 1.915439
15 0.52680 1.948663
16 0.54660 1.906886
17 0.56490 1.934094
18 0.58280 1.956003
19 0.60110 1.919702
20 0.61850 1.895339
21 0.63630 1.961460
22 0.65450 1.936470
23 0.66920 1.897307
24 0.68370 1.919076
25 0.69770 1.956469
26 0.71180 1.969880
27 0.72570 1.900640
28 0.73830 1.905952
29 0.74920 1.949000
30 0.76010 1.980208
31 0.77030 1.953292
32 0.78150 1.907187
33 0.79080 1.903823
34 0.79970 1.916504
35 0.80850 1.920453
36 0.81750 1.936093
37 0.82610 1.980064
38 0.83460 1.970734
39 0.84150 1.962336
40 0.84750 1.960091
41 0.85490 1.948037
42 0.86060 1.906860
43 0.86740 1.911176
44 0.87350 1.925840
45 0.87980 1.935512
46 0.88500 1.937430
47 0.89050 1.950560
48 0.89550 1.943499
49 0.90070 1.944874
