0 0.04500 1.863323
1 0.08800 1.790988
2 0.12970 1.778151
3 0.17050 1.949765
4 0.20610 1.921426
5 0.24500 1.948666
6 0.27970 1.952679
7 0.31380 1.983288
8 0.34460 1.998612
9 0.37410 1.979140
10 0.40230 2.003843
11 0.42960 2.014880
12 0.45580 2.007811
13 0.48050 1.997491
14 0.50440 2.022320
15 0.52680 2.011443
16 0.54660 2.001980
17 0.56490 1.995147
18 0.58280 2.002973
19 0.60110 1.995048
20 0.61850 1.991780
21 0.63630 1.991584
22 0.65450 1.994674
23 0.66920 1.996581
24 0.68370 1.993639
25 0.69770 1.999451
26 0.71180 1.989600
27 0.72570 1.991205
28 0.73830 1.988289
29 0.74920 1.988143
30 0.76010 1.989034
31 0.77030 1.992826
32 0.78150 1.994323
33 0.79080 1.995171
34 0.79970 1.997893
35 0.80850 2.000478
36 0.81750 1.998199
37 0.82610 2.000622
38 0.83460 2.000402
39 0.84150 2.000079
40 0.84750 2.001886
41 0.85490 2.003971
42 0.86060 2.008058
43 0.86740 2.008556
44 0.87350 2.014728
45 0.87980 2.018101
46 0.88500 2.017418
47 0.89050 2.021611
48 0.89550 2.025125
49 0.90070 2.021752
