0 0.00050 0.000000
1 0.00130 1.267970
2 0.00260 1.300856
3 0.00480 1.265159
4 0.00810 1.455764
5 0.01170 1.266967
6 0.01700 1.331560
7 0.02430 1.486856
8 0.03340 1.361426
9 0.04500 1.439170
10 0.06130 1.540383
11 0.07710 1.518175
12 0.09450 1.502665
13 0.11800 1.515871
14 0.14730 1.569266
15 0.17860 1.595041
16 0.21170 1.587138
17 0.25070 1.652084
18 0.29430 1.637903
19 0.33950 1.687506
20 0.38520 1.730327
21 0.42740 1.738683
22 0.47500 1.746482
23 0.52040 1.773550
24 0.56600 1.772501
25 0.60850 1.807192
26 0.64540 1.802231
27 0.68510 1.838452
28 0.71890 1.861755
29 0.75110 1.839481
30 0.78060 1.858022
31 0.80840 1.886672
32 0.83360 1.915656
33 0.85320 1.907310
34 0.87070 1.893609
35 0.88790 1.894213
36 0.90120 1.891064
37 0.91350 1.911565
38 0.92520 1.932259
39 0.93350 1.938342
40 0.94170 1.945730
41 0.94870 1.948903
42 0.95590 1.949852
43 0.96110 1.950491
44 0.96660 1.951770
45 0.97200 1.964216
46 0.97550 1.963566
47 0.97820 1.966872
48 0.98140 1.966726
49 0.98390 1.957075
