0 0.00050 inf
1 0.00130 inf
2 0.00260 inf
3 0.00480 inf
4 0.00810 inf
5 0.01170 inf
6 0.01700 inf
7 0.02430 2.621176
8 0.03340 2.208844
9 0.04500 2.104292
10 0.06130 1.952170
11 0.07710 1.888901
12 0.09450 1.948965
13 0.11800 1.873238
14 0.14730 1.891576
15 0.17860 1.892410
16 0.21170 1.938571
17 0.25070 1.938591
18 0.29430 1.908008
19 0.33950 1.928475
20 0.38520 1.943588
21 0.42740 1.968670
22 0.47500 1.984429
23 0.52040 1.963874
24 0.56600 1.962786
25 0.60850 1.954009
26 0.64540 1.957970
27 0.68510 1.961392
28 0.71890 1.959575
29 0.75110 1.965243
30 0.78060 1.965773
31 0.80840 1.970671
32 0.83360 1.982063
33 0.85320 1.988775
34 0.87070 1.992075
35 0.88790 1.993106
36 0.90120 1.996928
37 0.91350 1.992078
38 0.92520 1.992950
39 0.93350 1.993979
40 0.94170 1.998624
41 0.94870 1.995295
42 0.95590 1.997307
43 0.96110 1.998019
44 0.96660 1.996863
45 0.97200 1.999825
46 0.97550 2.002154
47 0.97820 2.004148
48 0.98140 2.006558
49 0.98390 2.005192
