0 0.00040 0.000000
1 0.00130 0.467970
2 0.00280 1.894786
3 0.00550 1.080176
4 0.00950 1.554523
5 0.01440 1.592700
6 0.02080 1.421531
7 0.02820 1.421837
8 0.03770 1.388648
9 0.05040 1.414661
10 0.06760 1.506919
11 0.08820 1.591030
12 0.11220 1.674940
13 0.13860 1.573947
14 0.16620 1.646814
15 0.19890 1.640897
16 0.23470 1.679500
17 0.27540 1.633349
18 0.31670 1.650197
19 0.36490 1.672878
20 0.40730 1.686981
21 0.45490 1.735204
22 0.49990 1.758795
23 0.54480 1.796464
24 0.59090 1.804473
25 0.63130 1.852095
26 0.67200 1.851403
27 0.71180 1.849813
28 0.74710 1.887369
29 0.77820 1.870375
30 0.80740 1.885525
31 0.83060 1.910497
32 0.85350 1.921060
33 0.87130 1.931446
34 0.88750 1.909345
35 0.90030 1.908530
36 0.91380 1.907989
37 0.92510 1.902724
38 0.93490 1.911357
39 0.94260 1.909313
40 0.95100 1.933583
41 0.95770 1.944939
42 0.96370 1.955152
43 0.96950 1.955152
44 0.97340 1.954678
45 0.97820 1.956100
46 0.98120 1.953729
47 0.98360 1.955809
48 0.98570 1.956429
49 0.98750 1.961014
