0 0.00040 nan
1 0.00130 inf
2 0.00280 inf
3 0.00550 inf
4 0.00950 1.986772
5 0.01440 2.274158
6 0.02080 1.986772
7 0.02820 1.927370
8 0.03770 1.945890
9 0.05040 1.987766
10 0.06760 1.859103
11 0.08820 1.917243
12 0.11220 1.973705
13 0.13860 2.004618
14 0.16620 2.036581
15 0.19890 2.070524
16 0.23470 2.081065
17 0.27540 2.015576
18 0.31670 2.026383
19 0.36490 2.015761
20 0.40730 1.977286
21 0.45490 1.993821
22 0.49990 1.981496
23 0.54480 1.983415
24 0.59090 1.994637
25 0.63130 2.003752
26 0.67200 1.987399
27 0.71180 1.994868
28 0.74710 1.988006
29 0.77820 1.992118
30 0.80740 1.993524
31 0.83060 1.993871
32 0.85350 1.991957
33 0.87130 1.995480
34 0.88750 2.001715
35 0.90030 2.000977
36 0.91380 2.004844
37 0.92510 2.007732
38 0.93490 2.011609
39 0.94260 2.015219
40 0.95100 2.012801
41 0.95770 2.015639
42 0.96370 2.015405
43 0.96950 2.020013
44 0.97340 2.021716
45 0.97820 2.024969
46 0.98120 2.023472
47 0.98360 2.022804
48 0.98570 2.024183
49 0.98750 2.024346
