0 0.00040 0.000000
1 0.00090 1.267970
2 0.00120 1.833985
3 0.00200 0.966015
4 0.00420 1.143988
5 0.00770 1.175189
6 0.01320 1.191334
7 0.02130 1.365236
8 0.03040 1.458162
9 0.04030 1.475352
10 0.05580 1.487715
11 0.07650 1.595052
12 0.09810 1.586198
13 0.12440 1.609452
14 0.15340 1.624345
15 0.18390 1.567449
16 0.21960 1.658505
17 0.25250 1.666748
18 0.29080 1.679476
19 0.32950 1.692751
20 0.37260 1.702150
21 0.41790 1.698185
22 0.46060 1.714307
23 0.50560 1.734090
24 0.54910 1.769301
25 0.59090 1.805234
26 0.62970 1.788504
27 0.66910 1.801067
28 0.70560 1.853009
29 0.74130 1.839615
30 0.77090 1.868706
31 0.79830 1.881747
32 0.82340 1.909205
33 0.84380 1.913010
34 0.86320 1.890505
35 0.88110 1.902403
36 0.89480 1.904165
37 0.90920 1.909240
38 0.91980 1.927673
39 0.93050 1.940382
40 0.93820 1.946811
41 0.94600 1.947654
42 0.95330 1.952121
43 0.95890 1.952466
44 0.96360 1.955743
45 0.96830 1.960301
46 0.97210 1.955227
47 0.97600 1.942878
48 0.97950 1.942809
49 0.98100 1.944066
