0 0.00040 inf
1 0.00090 inf
2 0.00120 inf
3 0.00200 1.146128
4 0.00420 1.431364
5 0.00770 1.579784
6 0.01320 1.894870
7 0.02130 1.837273
8 0.03040 1.851258
9 0.04030 1.916830
10 0.05580 1.951823
11 0.07650 1.938520
12 0.09810 2.002646
13 0.12440 1.959041
14 0.15340 1.922153
15 0.18390 1.932917
16 0.21960 1.907292
17 0.25250 1.911974
18 0.29080 1.936218
19 0.32950 1.936483
20 0.37260 1.934890
21 0.41790 1.936733
22 0.46060 1.941471
23 0.50560 1.952990
24 0.54910 1.941954
25 0.59090 1.952886
26 0.62970 1.955538
27 0.66910 1.943816
28 0.70560 1.938168
29 0.74130 1.945760
30 0.77090 1.948190
31 0.79830 1.948750
32 0.82340 1.952544
33 0.84380 1.956479
34 0.86320 1.957818
35 0.88110 1.965887
36 0.89480 1.972523
37 0.90920 1.967225
38 0.91980 1.969037
39 0.93050 1.966553
40 0.93820 1.968458
41 0.94600 1.967326
42 0.95330 1.970836
43 0.95890 1.968483
44 0.96360 1.971044
45 0.96830 1.971486
46 0.97210 1.974387
47 0.97600 1.976465
48 0.97950 1.978060
49 0.98100 1.979218
