0 0.00170 0.084253
1 0.00710 0.261699
2 0.02130 0.419464
3 0.04190 0.591964
4 0.06600 0.729828
5 0.09920 0.966795
6 0.13990 1.144126
7 0.17820 1.291786
8 0.21950 1.419918
9 0.26170 1.544409
10 0.30170 1.607877
11 0.34460 1.683947
12 0.38290 1.743871
13 0.42220 1.785387
14 0.45950 1.837195
15 0.49870 1.865624
16 0.53620 1.896763
17 0.56750 1.915708
18 0.60120 1.932237
19 0.63040 1.947162
20 0.66060 1.957389
21 0.68670 1.966460
22 0.71100 1.973130
23 0.73150 1.978243
24 0.75260 1.982459
25 0.77150 1.985004
26 0.78800 1.984851
27 0.80640 1.990281
28 0.82280 1.989614
29 0.83700 1.992505
30 0.84980 1.993230
31 0.86120 1.993954
32 0.87170 1.995603
33 0.88180 1.996528
34 0.88880 1.997606
35 0.89600 1.998683
36 0.90300 1.998683
37 0.91010 1.998374
38 0.91730 1.997148
39 0.92360 1.997148
40 0.92990 1.997148
41 0.93490 1.998222
42 0.93960 1.998222
43 0.94390 1.998222
44 0.94760 1.998222
45 0.95220 1.996998
46 0.95630 1.996998
47 0.95950 1.996998
48 0.96230 1.996998
49 0.96520 1.996998
