0 0.00170 nan
1 0.00710 inf
2 0.02130 0.912045
3 0.04190 1.217484
4 0.06600 1.383591
5 0.09920 1.358041
6 0.13990 1.402548
7 0.17820 1.449671
8 0.21950 1.500829
9 0.26170 1.510029
10 0.30170 1.536427
11 0.34460 1.571944
12 0.38290 1.603313
13 0.42220 1.618973
14 0.45950 1.643574
15 0.49870 1.666071
16 0.53620 1.673886
17 0.56750 1.695686
18 0.60120 1.727862
19 0.63040 1.748596
20 0.66060 1.765606
21 0.68670 1.781091
22 0.71100 1.799399
23 0.73150 1.805787
24 0.75260 1.815624
25 0.77150 1.828070
26 0.78800 1.843544
27 0.80640 1.849050
28 0.82280 1.858011
29 0.83700 1.869982
30 0.84980 1.880419
31 0.86120 1.887149
32 0.87170 1.894316
33 0.88180 1.901923
34 0.88880 1.906183
35 0.89600 1.909987
36 0.90300 1.912825
37 0.91010 1.913879
38 0.91730 1.918319
39 0.92360 1.922222
40 0.92990 1.926146
41 0.93490 1.930143
42 0.93960 1.932412
43 0.94390 1.933504
44 0.94760 1.936235
45 0.95220 1.939798
46 0.95630 1.942706
47 0.95950 1.945225
48 0.96230 1.946224
49 0.96520 1.947922
