0 0.00040 0.000000
1 0.00110 0.185574
2 0.00190 0.318744
3 0.00340 0.726085
4 0.00520 0.586354
5 0.00770 0.485176
6 0.01100 0.722507
7 0.01710 0.782054
8 0.02350 0.807534
9 0.03270 0.930358
10 0.04410 0.910116
11 0.05760 0.962286
12 0.07180 1.062091
13 0.08800 1.084263
14 0.10620 1.075496
15 0.12840 1.151985
16 0.15260 1.186746
17 0.18110 1.261605
18 0.21140 1.320431
19 0.24200 1.359461
20 0.27710 1.418122
21 0.31080 1.491727
22 0.34650 1.540503
23 0.38280 1.563618
24 0.41840 1.579471
25 0.45340 1.601438
26 0.49050 1.653766
27 0.52320 1.696834
28 0.55890 1.728300
29 0.59530 1.766030
30 0.62620 1.800591
31 0.65600 1.818244
32 0.68410 1.837748
33 0.71260 1.853415
34 0.73720 1.876707
35 0.76040 1.881830
36 0.78440 1.914194
37 0.80440 1.933360
38 0.82450 1.948984
39 0.83930 1.950292
40 0.85460 1.959797
41 0.86740 1.968861
42 0.87920 1.967501
43 0.89080 1.968453
44 0.90170 1.974895
45 0.91220 1.978914
46 0.91990 1.982925
47 0.92670 1.986767
48 0.93290 1.990035
49 0.94060 1.994382
