0 0.00040 nan
1 0.00110 0.778151
2 0.00190 0.954243
3 0.00340 1.278754
4 0.00520 1.255273
5 0.00770 1.338456
6 0.01100 1.431364
7 0.01710 1.521792
8 0.02350 1.457377
9 0.03270 1.475740
10 0.04410 1.499785
11 0.05760 1.536198
12 0.07180 1.605940
13 0.08800 1.648784
14 0.10620 1.706902
15 0.12840 1.717751
16 0.15260 1.732502
17 0.18110 1.756583
18 0.21140 1.758309
19 0.24200 1.781724
20 0.27710 1.822822
21 0.31080 1.823241
22 0.34650 1.832468
23 0.38280 1.838813
24 0.41840 1.844967
25 0.45340 1.839030
26 0.49050 1.848870
27 0.52320 1.850074
28 0.55890 1.867495
29 0.59530 1.867671
30 0.62620 1.867692
31 0.65600 1.871013
32 0.68410 1.882348
33 0.71260 1.890047
34 0.73720 1.895140
35 0.76040 1.902853
36 0.78440 1.906161
37 0.80440 1.917030
38 0.82450 1.921844
39 0.83930 1.926270
40 0.85460 1.934171
41 0.86740 1.938890
42 0.87920 1.943455
43 0.89080 1.946354
44 0.90170 1.949684
45 0.91220 1.954142
46 0.91990 1.959253
47 0.92670 1.963333
48 0.93290 1.965131
49 0.94060 1.969691
