0 0.00020 0.000000
1 0.00030 0.000000
2 0.00060 0.709916
3 0.00090 0.380070
4 0.00150 0.062269
5 0.00310 0.506919
6 0.00540 0.554860
7 0.01010 0.499241
8 0.01640 0.746309
9 0.02280 0.857852
10 0.02860 0.971137
11 0.03620 1.101483
12 0.04690 1.028688
13 0.05950 1.012078
14 0.07260 1.170746
15 0.08820 1.305866
16 0.10710 1.262448
17 0.12480 1.260189
18 0.14430 1.282351
19 0.16710 1.332583
20 0.18890 1.336824
21 0.21330 1.328091
22 0.23920 1.384521
23 0.26670 1.461367
24 0.29520 1.511979
25 0.32620 1.524531
26 0.35860 1.580986
27 0.39030 1.583922
28 0.42410 1.638742
29 0.45770 1.665880
30 0.49450 1.716218
31 0.53000 1.741268
32 0.56640 1.761133
33 0.59850 1.795004
34 0.63140 1.821416
35 0.66120 1.841204
36 0.68920 1.863974
37 0.71380 1.872350
38 0.73690 1.880923
39 0.76120 1.897412
40 0.78050 1.901198
41 0.79910 1.915397
42 0.81750 1.920574
43 0.83510 1.942036
44 0.84840 1.948831
45 0.86050 1.958126
46 0.87150 1.966467
47 0.88350 1.961468
48 0.89390 1.971022
49 0.90330 1.973518
