0 0.00020 inf
1 0.00030 inf
2 0.00060 inf
3 0.00090 inf
4 0.00150 inf
5 0.00310 inf
6 0.00540 1.623249
7 0.01010 1.414973
8 0.01640 1.424882
9 0.02280 1.485721
10 0.02860 1.497948
11 0.03620 1.536997
12 0.04690 1.618422
13 0.05950 1.666177
14 0.07260 1.607113
15 0.08820 1.684307
16 0.10710 1.689338
17 0.12480 1.695336
18 0.14430 1.696819
19 0.16710 1.700634
20 0.18890 1.715467
21 0.21330 1.730128
22 0.23920 1.736872
23 0.26670 1.753363
24 0.29520 1.761552
25 0.32620 1.772583
26 0.35860 1.791785
27 0.39030 1.802963
28 0.42410 1.813921
29 0.45770 1.818533
30 0.49450 1.822397
31 0.53000 1.836844
32 0.56640 1.841567
33 0.59850 1.836999
34 0.63140 1.849504
35 0.66120 1.861335
36 0.68920 1.879828
37 0.71380 1.887149
38 0.73690 1.894141
39 0.76120 1.897066
40 0.78050 1.899385
41 0.79910 1.904221
42 0.81750 1.906922
43 0.83510 1.915622
44 0.84840 1.914727
45 0.86050 1.917862
46 0.87150 1.922847
47 0.88350 1.926967
48 0.89390 1.931455
49 0.90330 1.933401
