0 0.00260 0.028366
1 0.01100 0.272062
2 0.02710 0.418840
3 0.04860 0.653911
4 0.07640 0.898158
5 0.11110 1.117046
6 0.14850 1.278774
7 0.18790 1.357361
8 0.22740 1.443466
9 0.27000 1.544104
10 0.31270 1.639646
11 0.35750 1.701555
12 0.40270 1.765495
13 0.44100 1.807692
14 0.48050 1.835296
15 0.51810 1.871348
16 0.55270 1.888762
17 0.58430 1.903927
18 0.62190 1.932791
19 0.65270 1.946103
20 0.67750 1.958572
21 0.70030 1.967608
22 0.72410 1.972456
23 0.74500 1.979389
24 0.76570 1.979098
25 0.78440 1.980915
26 0.80170 1.983096
27 0.81810 1.988536
28 0.83200 1.991789
29 0.84590 1.992872
30 0.85760 1.993954
31 0.86920 1.992719
32 0.87860 1.994880
33 0.88800 1.995959
34 0.89660 1.995959
35 0.90480 1.997038
36 0.91140 1.997038
37 0.91700 1.997038
38 0.92330 1.998116
39 0.93010 1.996883
40 0.93420 1.996883
41 0.93790 1.996883
42 0.94320 1.997959
43 0.94620 1.997959
44 0.95090 1.999035
45 0.95410 1.999035
46 0.95730 1.999035
47 0.95950 1.999035
48 0.96300 1.999035
49 0.96660 1.999035
