0 0.00260 inf
1 0.01100 1.146128
2 0.02710 1.056905
3 0.04860 1.130334
4 0.07640 1.263488
5 0.11110 1.375765
6 0.14850 1.373214
7 0.18790 1.452183
8 0.22740 1.501110
9 0.27000 1.531863
10 0.31270 1.582324
11 0.35750 1.640170
12 0.40270 1.668889
13 0.44100 1.667909
14 0.48050 1.688239
15 0.51810 1.721514
16 0.55270 1.744698
17 0.58430 1.754707
18 0.62190 1.775438
19 0.65270 1.796991
20 0.67750 1.812637
21 0.70030 1.823741
22 0.72410 1.841623
23 0.74500 1.856114
24 0.76570 1.867062
25 0.78440 1.876636
26 0.80170 1.882365
27 0.81810 1.892126
28 0.83200 1.900329
29 0.84590 1.909750
30 0.85760 1.917086
31 0.86920 1.922904
32 0.87860 1.928633
33 0.88800 1.933835
34 0.89660 1.939213
35 0.90480 1.943997
36 0.91140 1.947769
37 0.91700 1.952164
38 0.92330 1.955873
39 0.93010 1.958639
40 0.93420 1.960692
41 0.93790 1.963416
42 0.94320 1.967464
43 0.94620 1.969695
44 0.95090 1.973164
45 0.95410 1.974384
46 0.95730 1.975654
47 0.95950 1.977294
48 0.96300 1.978509
49 0.96660 1.981021
