0 0.00030 0.000000
1 0.00050 0.000000
2 0.00130 1.901955
3 0.00340 0.790912
4 0.00580 1.499384
5 0.01030 1.329372
6 0.01620 1.509789
7 0.02160 1.483053
8 0.03050 1.470348
9 0.04040 1.589543
10 0.05240 1.504666
11 0.06800 1.500015
12 0.08590 1.529282
13 0.10790 1.533850
14 0.13130 1.571985
15 0.15580 1.565586
16 0.18710 1.585714
17 0.22250 1.628212
18 0.25660 1.636169
19 0.29140 1.637254
20 0.33330 1.666423
21 0.37550 1.693800
22 0.42040 1.748105
23 0.46550 1.747445
24 0.51030 1.777546
25 0.55390 1.787498
26 0.59810 1.838128
27 0.63330 1.844627
28 0.66830 1.831692
29 0.70450 1.837618
30 0.73650 1.877991
31 0.76440 1.898618
32 0.79080 1.876485
33 0.81410 1.872923
34 0.83640 1.905903
35 0.85870 1.913019
36 0.87600 1.936888
37 0.89210 1.900935
38 0.90550 1.904470
39 0.91670 1.909136
40 0.92850 1.915942
41 0.93620 1.920689
42 0.94350 1.910004
43 0.95040 1.920288
44 0.95710 1.924053
45 0.96360 1.932711
46 0.96820 1.935488
47 0.97180 1.941423
48 0.97560 1.946718
49 0.97860 1.945598
