0 0.00030 inf
1 0.00050 inf
2 0.00130 inf
3 0.00340 inf
4 0.00580 inf
5 0.01030 2.107210
6 0.01620 2.363612
7 0.02160 2.235528
8 0.03050 2.385606
9 0.04040 1.939519
10 0.05240 2.007653
11 0.06800 2.012837
12 0.08590 1.989397
13 0.10790 2.034380
14 0.13130 1.971485
15 0.15580 1.965524
16 0.18710 1.947630
17 0.22250 1.947546
18 0.25660 1.944620
19 0.29140 1.930842
20 0.33330 1.954192
21 0.37550 1.961641
22 0.42040 1.953330
23 0.46550 1.955355
24 0.51030 1.940147
25 0.55390 1.943166
26 0.59810 1.942504
27 0.63330 1.957797
28 0.66830 1.957248
29 0.70450 1.968311
30 0.73650 1.966467
31 0.76440 1.968910
32 0.79080 1.963333
33 0.81410 1.961973
34 0.83640 1.963444
35 0.85870 1.967522
36 0.87600 1.972849
37 0.89210 1.973317
38 0.90550 1.976890
39 0.91670 1.982934
40 0.92850 1.981559
41 0.93620 1.983062
42 0.94350 1.977340
43 0.95040 1.975798
44 0.95710 1.975988
45 0.96360 1.976627
46 0.96820 1.976730
47 0.97180 1.978453
48 0.97560 1.980360
49 0.97860 1.982632
