0 0.00030 0.000000
1 0.00080 1.200000
2 0.00140 0.589572
3 0.00200 0.867970
4 0.00300 1.143929
5 0.00490 1.028817
6 0.00730 1.638370
7 0.00970 1.336794
8 0.01500 1.301564
9 0.02150 1.439500
10 0.03300 1.388348
11 0.04530 1.601310
12 0.06060 1.546998
13 0.08050 1.536236
14 0.10410 1.528054
15 0.12700 1.564387
16 0.15410 1.590529
17 0.18320 1.659719
18 0.21800 1.609363
19 0.25440 1.665984
20 0.29120 1.653615
21 0.33100 1.664110
22 0.37470 1.735670
23 0.41850 1.743967
24 0.46500 1.781688
25 0.50880 1.769174
26 0.55020 1.786800
27 0.59380 1.818211
28 0.63710 1.811570
29 0.67710 1.825716
30 0.71400 1.858853
31 0.74390 1.888146
32 0.77830 1.868445
33 0.80920 1.902533
34 0.83060 1.905236
35 0.85050 1.925698
36 0.86840 1.901293
37 0.88630 1.903773
38 0.90080 1.901299
39 0.91490 1.914587
40 0.92350 1.920582
41 0.93440 1.933020
42 0.94290 1.936097
43 0.95030 1.937091
44 0.95690 1.944866
45 0.96240 1.948057
46 0.96780 1.946023
47 0.97150 1.954219
48 0.97560 1.957536
49 0.97890 1.957865
