0 0.00030 inf
1 0.00080 inf
2 0.00140 inf
3 0.00200 inf
4 0.00300 1.579784
5 0.00490 1.556303
6 0.00730 1.564271
7 0.00970 1.553276
8 0.01500 1.647383
9 0.02150 1.582631
10 0.03300 1.664642
11 0.04530 1.684461
12 0.06060 1.654964
13 0.08050 1.697727
14 0.10410 1.764308
15 0.12700 1.795795
16 0.15410 1.815656
17 0.18320 1.821836
18 0.21800 1.843821
19 0.25440 1.842581
20 0.29120 1.862497
21 0.33100 1.884891
22 0.37470 1.901291
23 0.41850 1.911982
24 0.46500 1.919933
25 0.50880 1.911673
26 0.55020 1.923164
27 0.59380 1.925264
28 0.63710 1.925992
29 0.67710 1.929804
30 0.71400 1.942292
31 0.74390 1.945916
32 0.77830 1.937863
33 0.80920 1.934831
34 0.83060 1.937867
35 0.85050 1.939885
36 0.86840 1.942504
37 0.88630 1.944059
38 0.90080 1.947676
39 0.91490 1.947307
40 0.92350 1.947756
41 0.93440 1.952878
42 0.94290 1.955939
43 0.95030 1.960373
44 0.95690 1.958680
45 0.96240 1.956529
46 0.96780 1.956448
47 0.97150 1.957938
48 0.97560 1.956830
49 0.97890 1.957293
