0 0.00030 0.000000
1 0.00060 0.000000
2 0.00180 1.200000
3 0.00470 1.629657
4 0.00800 1.438244
5 0.01320 1.420299
6 0.02080 1.397648
7 0.02930 1.388591
8 0.04000 1.380095
9 0.05360 1.496692
10 0.06990 1.514132
11 0.08790 1.587225
12 0.11190 1.542106
13 0.13690 1.531741
14 0.16650 1.581505
15 0.20320 1.593037
16 0.24380 1.611643
17 0.28470 1.637708
18 0.32800 1.663352
19 0.37470 1.686198
20 0.42370 1.713646
21 0.47200 1.746564
22 0.52420 1.773876
23 0.57180 1.787155
24 0.61870 1.824300
25 0.66040 1.855606
26 0.70100 1.834870
27 0.73680 1.886168
28 0.76990 1.888979
29 0.79980 1.889222
30 0.82300 1.910325
31 0.84700 1.934029
32 0.86890 1.906234
33 0.88660 1.909651
34 0.90080 1.912684
35 0.91380 1.922231
36 0.92700 1.932294
37 0.93900 1.939715
38 0.94870 1.945546
39 0.95430 1.947636
40 0.96160 1.958590
41 0.96690 1.955672
42 0.97220 1.936972
43 0.97570 1.929667
44 0.97820 1.924258
45 0.98130 1.928282
46 0.98320 1.928918
47 0.98470 1.929814
48 0.98610 1.931194
49 0.98750 1.930734
