0 0.00030 nan
1 0.00060 inf
2 0.00180 inf
3 0.00470 inf
4 0.00800 1.832509
5 0.01320 1.819544
6 0.02080 1.799341
7 0.02930 1.758046
8 0.04000 1.790285
9 0.05360 1.877467
10 0.06990 1.959382
11 0.08790 1.949133
12 0.11190 1.936436
13 0.13690 1.837047
14 0.16650 1.836348
15 0.20320 1.849439
16 0.24380 1.858172
17 0.28470 1.879430
18 0.32800 1.892254
19 0.37470 1.901247
20 0.42370 1.903948
21 0.47200 1.893050
22 0.52420 1.908665
23 0.57180 1.899039
24 0.61870 1.910991
25 0.66040 1.912618
26 0.70100 1.915855
27 0.73680 1.917077
28 0.76990 1.920593
29 0.79980 1.920884
30 0.82300 1.926794
31 0.84700 1.930150
32 0.86890 1.931233
33 0.88660 1.932152
34 0.90080 1.937464
35 0.91380 1.943648
36 0.92700 1.947548
37 0.93900 1.953125
38 0.94870 1.951494
39 0.95430 1.954086
40 0.96160 1.955233
41 0.96690 1.957381
42 0.97220 1.960212
43 0.97570 1.962002
44 0.97820 1.961965
45 0.98130 1.963041
46 0.98320 1.963192
47 0.98470 1.962452
48 0.98610 1.963514
49 0.98750 1.964631
