0 0.04570 1.777914
1 0.09210 1.927101
2 0.13480 1.937447
3 0.17820 1.848822
4 0.21750 1.963183
5 0.25070 1.877314
6 0.28600 1.874097
7 0.31560 1.942887
8 0.34810 1.876323
9 0.37550 1.917940
10 0.40290 1.965750
11 0.42810 1.879613
12 0.45340 1.939699
13 0.47830 1.887345
14 0.50090 1.925375
15 0.52420 1.957414
16 0.54440 1.908508
17 0.56430 1.947561
18 0.58450 1.918153
19 0.60520 1.896578
20 0.62180 1.953714
21 0.63910 1.928857
22 0.65510 1.891577
23 0.67100 1.921358
24 0.68550 1.957300
25 0.69900 1.981258
26 0.71280 1.908091
27 0.72560 1.895311
28 0.73830 1.907830
29 0.75140 1.947289
30 0.76460 1.982035
31 0.77560 1.963087
32 0.78570 1.904921
33 0.79650 1.919162
34 0.80550 1.921974
35 0.81360 1.938501
36 0.82260 1.975488
37 0.83050 1.977930
38 0.83800 1.963300
39 0.84570 1.959787
40 0.85170 1.957036
41 0.85730 1.915421
42 0.86280 1.905619
43 0.86850 1.903503
44 0.87350 1.924645
45 0.87840 1.934018
46 0.88360 1.934438
47 0.88890 1.939282
48 0.89330 1.945808
49 0.89900 1.942341
