0 0.04570 1.880814
1 0.09210 2.238046
2 0.13480 2.260668
3 0.17820 2.139879
4 0.21750 2.068881
5 0.25070 2.046566
6 0.28600 2.101335
7 0.31560 2.106644
8 0.34810 2.099811
9 0.37550 2.071882
10 0.40290 2.057666
11 0.42810 2.012348
12 0.45340 2.021842
13 0.47830 2.016402
14 0.50090 2.010150
15 0.52420 2.011510
16 0.54440 1.998624
17 0.56430 1.998538
18 0.58450 1.994920
19 0.60520 1.990436
20 0.62180 1.992060
21 0.63910 1.983360
22 0.65510 1.987418
23 0.67100 1.984884
24 0.68550 1.996177
25 0.69900 2.001589
26 0.71280 1.993196
27 0.72560 1.987552
28 0.73830 1.982516
29 0.75140 1.982389
30 0.76460 1.985556
31 0.77560 1.986864
32 0.78570 1.987764
33 0.79650 1.988478
34 0.80550 1.991346
35 0.81360 1.992438
36 0.82260 1.987873
37 0.83050 1.993324
38 0.83800 1.993665
39 0.84570 1.990280
40 0.85170 1.988767
41 0.85730 1.988226
42 0.86280 1.990225
43 0.86850 1.980594
44 0.87350 1.978366
45 0.87840 1.976500
46 0.88360 1.980296
47 0.88890 1.979827
48 0.89330 1.982732
49 0.89900 1.982823
