0 0.00130 0.000000
1 0.00720 0.310364
2 0.01850 0.524950
3 0.03850 0.705416
4 0.06490 0.839122
5 0.09380 1.005330
6 0.13010 1.108068
7 0.17030 1.247359
8 0.21110 1.376018
9 0.25340 1.479146
10 0.29770 1.583105
11 0.34150 1.652385
12 0.38360 1.705368
13 0.42240 1.763990
14 0.45880 1.814925
15 0.49690 1.845717
16 0.53560 1.885862
17 0.56940 1.908140
18 0.60420 1.930527
19 0.63550 1.945423
20 0.66400 1.953319
21 0.69080 1.963664
22 0.71360 1.966314
23 0.73620 1.970281
24 0.76070 1.975028
25 0.78040 1.978887
26 0.79540 1.981067
27 0.81120 1.986145
28 0.82640 1.991208
29 0.84170 1.992290
30 0.85480 1.993017
31 0.86530 1.993940
32 0.87560 1.997549
33 0.88600 1.995805
34 0.89390 1.995805
35 0.90120 1.995805
36 0.90820 1.996883
37 0.91500 1.996883
38 0.92110 1.995652
39 0.92750 1.995652
40 0.93280 1.995652
41 0.93710 1.995652
42 0.94010 1.995652
43 0.94460 1.996728
44 0.94890 1.996728
45 0.95150 1.996728
46 0.95460 1.997805
47 0.95700 1.997805
48 0.95970 1.996576
49 0.96270 1.995349
