0 0.00130 nan
1 0.00720 0.698970
2 0.01850 1.633468
3 0.03850 1.531479
4 0.06490 1.338819
5 0.09380 1.392283
6 0.13010 1.435514
7 0.17030 1.512367
8 0.21110 1.510158
9 0.25340 1.530865
10 0.29770 1.549906
11 0.34150 1.580874
12 0.38360 1.606000
13 0.42240 1.637308
14 0.45880 1.665311
15 0.49690 1.694118
16 0.53560 1.710266
17 0.56940 1.740166
18 0.60420 1.764547
19 0.63550 1.783231
20 0.66400 1.795272
21 0.69080 1.812343
22 0.71360 1.830233
23 0.73620 1.846849
24 0.76070 1.858464
25 0.78040 1.865529
26 0.79540 1.875692
27 0.81120 1.885321
28 0.82640 1.898278
29 0.84170 1.906141
30 0.85480 1.914846
31 0.86530 1.920272
32 0.87560 1.928814
33 0.88600 1.935634
34 0.89390 1.941948
35 0.90120 1.946549
36 0.90820 1.948911
37 0.91500 1.953450
38 0.92110 1.957060
39 0.92750 1.960896
40 0.93280 1.965524
41 0.93710 1.967378
42 0.94010 1.969316
43 0.94460 1.972970
44 0.94890 1.976450
45 0.95150 1.978383
46 0.95460 1.980725
47 0.95700 1.982212
48 0.95970 1.984096
49 0.96270 1.986207
