0 0.00030 0.000000
1 0.00110 0.800000
2 0.00310 1.380484
3 0.00630 1.385083
4 0.01130 1.435985
5 0.01730 1.483229
6 0.02440 1.502026
7 0.03390 1.515207
8 0.04390 1.610888
9 0.05700 1.622515
10 0.07060 1.571623
11 0.08850 1.530975
12 0.10700 1.572169
13 0.12860 1.593073
14 0.15390 1.595117
15 0.18710 1.642471
16 0.21710 1.557701
17 0.25090 1.603248
18 0.29090 1.632150
19 0.33630 1.682444
20 0.38330 1.678754
21 0.43070 1.743460
22 0.47180 1.751949
23 0.51940 1.775112
24 0.56340 1.787299
25 0.60940 1.831590
26 0.64970 1.822385
27 0.68890 1.843516
28 0.72570 1.881010
29 0.75930 1.869572
30 0.79080 1.885558
31 0.81830 1.887130
32 0.84050 1.914129
33 0.85940 1.921873
34 0.87950 1.903213
35 0.89580 1.898348
36 0.91040 1.904317
37 0.92160 1.904729
38 0.93090 1.903624
39 0.94060 1.921506
40 0.94850 1.937353
41 0.95560 1.941981
42 0.96170 1.954106
43 0.96580 1.952233
44 0.96970 1.958578
45 0.97470 1.957649
46 0.97780 1.957192
47 0.98110 1.958626
48 0.98320 1.959571
49 0.98530 1.962730
