0 0.00030 nan
1 0.00110 inf
2 0.00310 1.301030
3 0.00630 1.698970
4 0.01130 2.071882
5 0.01730 2.027350
6 0.02440 2.081587
7 0.03390 2.061452
8 0.04390 1.894316
9 0.05700 1.882036
10 0.07060 1.898273
11 0.08850 1.907753
12 0.10700 1.957320
13 0.12860 2.004628
14 0.15390 2.005916
15 0.18710 2.006272
16 0.21710 1.998523
17 0.25090 1.970500
18 0.29090 1.962192
19 0.33630 1.977070
20 0.38330 1.985106
21 0.43070 2.006708
22 0.47180 2.010956
23 0.51940 2.002691
24 0.56340 2.003878
25 0.60940 1.996573
26 0.64970 1.993008
27 0.68890 1.986732
28 0.72570 1.992218
29 0.75930 1.987924
30 0.79080 1.980782
31 0.81830 1.993621
32 0.84050 1.993495
33 0.85940 1.995936
34 0.87950 2.002145
35 0.89580 2.004040
36 0.91040 2.009752
37 0.92160 2.018508
38 0.93090 2.022805
39 0.94060 2.026335
40 0.94850 2.029763
41 0.95560 2.031475
42 0.96170 2.035603
43 0.96580 2.038994
44 0.96970 2.040781
45 0.97470 2.039694
46 0.97780 2.039518
47 0.98110 2.040459
48 0.98320 2.041841
49 0.98530 2.043219
