0 0.00040 0.000000
1 0.00110 1.200000
2 0.00190 1.033985
3 0.00320 1.590912
4 0.00520 1.412206
5 0.00910 1.594812
6 0.01390 1.510209
7 0.01940 1.451376
8 0.02620 1.532877
9 0.03350 1.590912
10 0.04110 1.527930
11 0.05000 1.506982
12 0.06250 1.526323
13 0.07720 1.529300
14 0.09340 1.593351
15 0.11250 1.573727
16 0.13180 1.588363
17 0.15550 1.575289
18 0.18050 1.620778
19 0.20940 1.604855
20 0.23830 1.583802
21 0.27300 1.618338
22 0.31230 1.641460
23 0.35540 1.697802
24 0.39620 1.722549
25 0.43840 1.748813
26 0.48180 1.779383
27 0.52190 1.802977
28 0.56590 1.815110
29 0.60250 1.857663
30 0.63960 1.864618
31 0.67650 1.844074
32 0.71450 1.886780
33 0.74590 1.885192
34 0.77390 1.876071
35 0.80020 1.877129
36 0.82500 1.892638
37 0.84780 1.916360
38 0.86450 1.928697
39 0.88160 1.904081
40 0.89730 1.901946
41 0.90940 1.904137
42 0.92210 1.907564
43 0.93190 1.907245
44 0.94030 1.915087
45 0.94930 1.934924
46 0.95510 1.946154
47 0.96040 1.951781
48 0.96510 1.956084
49 0.96990 1.957978
