0 0.00040 inf
1 0.00110 inf
2 0.00190 inf
3 0.00320 inf
4 0.00520 inf
5 0.00910 2.100371
6 0.01390 1.826075
7 0.01940 1.995635
8 0.02620 1.746245
9 0.03350 1.800029
10 0.04110 1.866019
11 0.05000 1.846867
12 0.06250 1.851258
13 0.07720 1.895265
14 0.09340 1.911477
15 0.11250 1.917556
16 0.13180 1.907496
17 0.15550 1.922322
18 0.18050 1.909972
19 0.20940 1.920488
20 0.23830 1.907125
21 0.27300 1.890731
22 0.31230 1.899026
23 0.35540 1.892002
24 0.39620 1.904679
25 0.43840 1.899612
26 0.48180 1.887907
27 0.52190 1.891719
28 0.56590 1.889054
29 0.60250 1.897843
30 0.63960 1.907248
31 0.67650 1.906286
32 0.71450 1.911053
33 0.74590 1.923906
34 0.77390 1.928005
35 0.80020 1.928216
36 0.82500 1.935066
37 0.84780 1.947819
38 0.86450 1.950719
39 0.88160 1.957452
40 0.89730 1.956521
41 0.90940 1.961843
42 0.92210 1.965127
43 0.93190 1.969646
44 0.94030 1.972245
45 0.94930 1.967394
46 0.95510 1.970781
47 0.96040 1.967942
48 0.96510 1.971521
49 0.96990 1.974086
