0 0.00040 0.000000
1 0.00070 0.000000
2 0.00100 0.399804
3 0.00150 0.380070
4 0.00250 0.318744
5 0.00440 0.802703
6 0.00670 1.064258
7 0.01030 0.731895
8 0.01420 0.705944
9 0.01950 0.883989
10 0.02640 0.836606
11 0.03450 0.795190
12 0.04570 0.767401
13 0.05850 0.951668
14 0.07250 0.980174
15 0.09060 1.088227
16 0.10920 1.110858
17 0.13240 1.132242
18 0.15820 1.257578
19 0.18820 1.247454
20 0.21990 1.319110
21 0.25390 1.360620
22 0.29010 1.436009
23 0.32670 1.524253
24 0.37100 1.571695
25 0.40890 1.620890
26 0.44650 1.674330
27 0.48510 1.716900
28 0.52530 1.738103
29 0.55930 1.750037
30 0.59140 1.775469
31 0.62360 1.798547
32 0.65670 1.828339
33 0.68710 1.860271
34 0.71130 1.862381
35 0.73650 1.870111
36 0.76080 1.887195
37 0.78030 1.900561
38 0.79880 1.907533
39 0.81560 1.914575
40 0.83300 1.922487
41 0.84880 1.938019
42 0.86400 1.955127
43 0.87870 1.961489
44 0.89130 1.960976
45 0.89960 1.962817
46 0.90950 1.973905
47 0.91820 1.980855
48 0.92700 1.983035
49 0.93300 1.985939
