0 0.00040 inf
1 0.00070 inf
2 0.00100 inf
3 0.00150 inf
4 0.00250 1.724276
5 0.00440 1.518514
6 0.00670 1.507856
7 0.01030 1.594235
8 0.01420 1.672098
9 0.01950 1.581413
10 0.02640 1.541579
11 0.03450 1.507084
12 0.04570 1.561752
13 0.05850 1.562431
14 0.07250 1.609906
15 0.09060 1.624336
16 0.10920 1.643010
17 0.13240 1.652004
18 0.15820 1.637089
19 0.18820 1.663503
20 0.21990 1.683005
21 0.25390 1.706139
22 0.29010 1.711986
23 0.32670 1.738204
24 0.37100 1.770119
25 0.40890 1.779106
26 0.44650 1.795313
27 0.48510 1.811150
28 0.52530 1.820241
29 0.55930 1.828834
30 0.59140 1.842896
31 0.62360 1.853493
32 0.65670 1.871177
33 0.68710 1.882329
34 0.71130 1.891941
35 0.73650 1.895514
36 0.76080 1.909049
37 0.78030 1.915379
38 0.79880 1.922675
39 0.81560 1.924265
40 0.83300 1.932518
41 0.84880 1.937747
42 0.86400 1.944109
43 0.87870 1.942439
44 0.89130 1.941445
45 0.89960 1.942679
46 0.90950 1.945169
47 0.91820 1.947202
48 0.92700 1.952396
49 0.93300 1.952325
