0 0.00150 0.095882
1 0.00950 0.157741
2 0.02370 0.356958
3 0.04350 0.598521
4 0.07070 0.868051
5 0.10190 0.985348
6 0.14150 1.190188
7 0.18110 1.307762
8 0.22050 1.408310
9 0.26490 1.537800
10 0.31120 1.601163
11 0.35190 1.674244
12 0.39400 1.743843
13 0.43380 1.799065
14 0.47170 1.831615
15 0.50880 1.866465
16 0.54300 1.906712
17 0.57560 1.920485
18 0.60560 1.935164
19 0.63550 1.950066
20 0.66280 1.964125
21 0.68800 1.969860
22 0.71140 1.974318
23 0.73400 1.975540
24 0.75510 1.982824
25 0.77550 1.983974
26 0.79240 1.985638
27 0.80860 1.986725
28 0.82600 1.988386
29 0.84130 1.989109
30 0.85320 1.988961
31 0.86560 1.990044
32 0.87670 1.990044
33 0.88610 1.991127
34 0.89390 1.992209
35 0.90180 1.992209
36 0.90880 1.992059
37 0.91670 1.993139
38 0.92260 1.993139
39 0.92780 1.993139
40 0.93330 1.994219
41 0.93880 1.994219
42 0.94290 1.994219
43 0.94710 1.994219
44 0.95080 1.994219
45 0.95540 1.994219
46 0.95940 1.994219
47 0.96270 1.995297
48 0.96500 1.995297
49 0.96710 1.995297
