0 0.00150 nan
1 0.00950 inf
2 0.02370 1.929419
3 0.04350 1.585461
4 0.07070 1.527200
5 0.10190 1.412647
6 0.14150 1.442782
7 0.18110 1.507316
8 0.22050 1.524648
9 0.26490 1.539415
10 0.31120 1.541183
11 0.35190 1.559558
12 0.39400 1.577866
13 0.43380 1.591554
14 0.47170 1.626449
15 0.50880 1.664277
16 0.54300 1.690414
17 0.57560 1.708164
18 0.60560 1.730164
19 0.63550 1.749129
20 0.66280 1.768564
21 0.68800 1.782253
22 0.71140 1.796542
23 0.73400 1.812648
24 0.75510 1.826328
25 0.77550 1.837364
26 0.79240 1.847723
27 0.80860 1.850550
28 0.82600 1.862748
29 0.84130 1.869533
30 0.85320 1.876683
31 0.86560 1.884257
32 0.87670 1.890595
33 0.88610 1.895726
34 0.89390 1.901530
35 0.90180 1.907096
36 0.90880 1.911759
37 0.91670 1.916988
38 0.92260 1.919452
39 0.92780 1.921087
40 0.93330 1.922612
41 0.93880 1.924869
42 0.94290 1.925651
43 0.94710 1.928814
44 0.95080 1.931856
45 0.95540 1.934559
46 0.95940 1.937904
47 0.96270 1.940552
48 0.96500 1.942492
49 0.96710 1.943009
