0 0.00160 0.188669
1 0.00800 0.215321
2 0.02220 0.396709
3 0.04250 0.644979
4 0.06750 0.772285
5 0.09830 0.960396
6 0.13250 1.092752
7 0.17050 1.219472
8 0.21190 1.348253
9 0.25120 1.439876
10 0.29640 1.570104
11 0.33900 1.640858
12 0.38280 1.727503
13 0.42330 1.777462
14 0.46250 1.839313
15 0.50230 1.875428
16 0.53870 1.896743
17 0.57320 1.915668
18 0.60440 1.937689
19 0.63050 1.940673
20 0.65860 1.953643
21 0.68480 1.966528
22 0.71080 1.972017
23 0.73370 1.974796
24 0.75360 1.980274
25 0.77210 1.985214
26 0.79000 1.989203
27 0.80770 1.991219
28 0.82290 1.993385
29 0.83670 1.997353
30 0.84890 1.998076
31 0.86010 1.999156
32 0.87120 1.996683
33 0.88160 1.996528
34 0.89240 1.997606
35 0.89950 1.997606
36 0.90820 1.997606
37 0.91600 1.997452
38 0.92330 1.997452
39 0.92930 1.998528
40 0.93540 1.997299
41 0.93930 1.997299
42 0.94470 1.997299
43 0.94950 1.997299
44 0.95290 1.997299
45 0.95600 1.997299
46 0.95910 1.996073
47 0.96170 1.996073
48 0.96440 1.996073
49 0.96670 1.996073
