0 0.00160 inf
1 0.00800 inf
2 0.02220 1.441957
3 0.04250 1.344214
4 0.06750 1.356774
5 0.09830 1.379735
6 0.13250 1.470129
7 0.17050 1.462196
8 0.21190 1.480092
9 0.25120 1.509901
10 0.29640 1.562788
11 0.33900 1.605017
12 0.38280 1.628609
13 0.42330 1.647430
14 0.46250 1.685580
15 0.50230 1.708981
16 0.53870 1.742371
17 0.57320 1.760897
18 0.60440 1.772954
19 0.63050 1.784511
20 0.65860 1.809302
21 0.68480 1.825256
22 0.71080 1.841193
23 0.73370 1.853086
24 0.75360 1.859243
25 0.77210 1.870942
26 0.79000 1.881712
27 0.80770 1.892063
28 0.82290 1.901256
29 0.83670 1.913074
30 0.84890 1.923468
31 0.86010 1.933678
32 0.87120 1.938590
33 0.88160 1.945894
34 0.89240 1.954446
35 0.89950 1.957358
36 0.90820 1.964275
37 0.91600 1.967834
38 0.92330 1.972500
39 0.92930 1.977052
40 0.93540 1.982021
41 0.93930 1.982533
42 0.94470 1.986907
43 0.94950 1.989384
44 0.95290 1.992260
45 0.95600 1.994561
46 0.95910 1.996971
47 0.96170 1.998757
48 0.96440 2.000811
49 0.96670 2.002392
