0 0.00030 0.281746
1 0.00090 0.000000
2 0.00150 0.563492
3 0.00290 0.612005
4 0.00540 0.593065
5 0.00930 0.816367
6 0.01480 0.661261
7 0.02250 0.889751
8 0.03200 0.930668
9 0.04180 0.924979
10 0.05580 0.930175
11 0.07230 1.027374
12 0.09040 1.155614
13 0.11060 1.189854
14 0.13120 1.253022
15 0.15590 1.304506
16 0.18050 1.343261
17 0.21000 1.407815
18 0.23880 1.452615
19 0.27150 1.449631
20 0.30250 1.502455
21 0.33480 1.522072
22 0.36430 1.557834
23 0.39750 1.611268
24 0.42950 1.634614
25 0.46450 1.640575
26 0.49660 1.693770
27 0.53160 1.724778
28 0.56440 1.756629
29 0.59590 1.772485
30 0.62700 1.788171
31 0.66010 1.817435
32 0.69020 1.837270
33 0.71700 1.872732
34 0.74080 1.890205
35 0.76660 1.924771
36 0.79190 1.934172
37 0.81220 1.949304
38 0.83000 1.962199
39 0.85010 1.966686
40 0.86650 1.966617
41 0.87800 1.972326
42 0.89060 1.981433
43 0.90230 1.983974
44 0.91410 1.986151
45 0.92270 1.987238
46 0.93110 1.989409
47 0.93940 1.990554
48 0.94770 1.992719
49 0.95430 1.993800
