0 0.00030 inf
1 0.00090 inf
2 0.00150 inf
3 0.00290 inf
4 0.00540 1.785330
5 0.00930 2.033424
6 0.01480 1.516315
7 0.02250 1.553883
8 0.03200 1.572581
9 0.04180 1.686531
10 0.05580 1.726054
11 0.07230 1.735333
12 0.09040 1.741374
13 0.11060 1.767465
14 0.13120 1.796128
15 0.15590 1.800151
16 0.18050 1.825392
17 0.21000 1.844456
18 0.23880 1.851503
19 0.27150 1.874210
20 0.30250 1.849762
21 0.33480 1.867617
22 0.36430 1.877213
23 0.39750 1.873081
24 0.42950 1.864235
25 0.46450 1.864442
26 0.49660 1.867795
27 0.53160 1.867731
28 0.56440 1.890105
29 0.59590 1.906267
30 0.62700 1.917008
31 0.66010 1.930746
32 0.69020 1.943962
33 0.71700 1.947355
34 0.74080 1.956970
35 0.76660 1.952916
36 0.79190 1.964561
37 0.81220 1.966435
38 0.83000 1.962931
39 0.85010 1.969399
40 0.86650 1.977548
41 0.87800 1.983258
42 0.89060 1.986171
43 0.90230 1.990123
44 0.91410 1.994250
45 0.92270 1.994814
46 0.93110 1.996706
47 0.93940 1.998364
48 0.94770 2.001645
49 0.95430 2.002024
