0 0.04990 1.681217
1 0.09120 1.840911
2 0.13090 1.971174
3 0.16660 1.854909
4 0.20480 1.798342
5 0.23910 1.842285
6 0.27390 1.846126
7 0.30880 1.963144
8 0.34000 1.924720
9 0.37200 1.861205
10 0.39890 1.978478
11 0.42590 1.889576
12 0.45110 1.982661
13 0.47500 1.906577
14 0.49830 1.936082
15 0.52180 1.889665
16 0.54200 1.923102
17 0.56230 1.950532
18 0.58260 1.923421
19 0.60170 1.901325
20 0.62070 1.952047
21 0.63930 1.978581
22 0.65400 1.921419
23 0.66970 1.910703
24 0.68750 1.957696
25 0.70010 1.992106
26 0.71490 1.901633
27 0.72800 1.914799
28 0.73840 1.960011
29 0.74970 1.967302
30 0.76030 1.986892
31 0.77260 1.906696
32 0.78240 1.909688
33 0.79220 1.921795
34 0.80190 1.916302
35 0.81070 1.967935
36 0.81920 1.963244
37 0.82720 1.954747
38 0.83430 1.957173
39 0.84160 1.902129
40 0.84770 1.900673
41 0.85420 1.921190
42 0.85990 1.925042
43 0.86660 1.929403
44 0.87190 1.936869
45 0.87690 1.955981
46 0.88160 1.956304
47 0.88520 1.952206
48 0.89020 1.944648
49 0.89500 1.944896
