0 0.04990 1.949390
1 0.09120 1.882240
2 0.13090 1.767493
3 0.16660 1.900577
4 0.20480 2.022016
5 0.23910 2.054089
6 0.27390 2.091743
7 0.30880 2.007653
8 0.34000 2.001380
9 0.37200 2.007042
10 0.39890 2.020261
11 0.42590 1.971752
12 0.45110 1.983331
13 0.47500 1.988479
14 0.49830 1.978911
15 0.52180 1.985609
16 0.54200 1.935423
17 0.56230 1.931178
18 0.58260 1.937250
19 0.60170 1.950239
20 0.62070 1.952119
21 0.63930 1.960991
22 0.65400 1.969781
23 0.66970 1.978380
24 0.68750 1.965987
25 0.70010 1.971547
26 0.71490 1.964691
27 0.72800 1.971098
28 0.73840 1.974968
29 0.74970 1.965692
30 0.76030 1.969319
31 0.77260 1.969273
32 0.78240 1.965885
33 0.79220 1.971859
34 0.80190 1.977689
35 0.81070 1.975901
36 0.81920 1.976370
37 0.82720 1.973210
38 0.83430 1.975626
39 0.84160 1.982287
40 0.84770 1.986022
41 0.85420 1.985097
42 0.85990 1.984922
43 0.86660 1.983079
44 0.87190 1.981578
45 0.87690 1.979551
46 0.88160 1.984239
47 0.88520 1.984771
48 0.89020 1.983592
49 0.89500 1.979779
