0 0.00020 0.000000
1 0.00070 0.599706
2 0.00170 0.875986
3 0.00340 0.328519
4 0.00580 0.425277
5 0.00940 0.420093
6 0.01330 0.317682
7 0.01980 0.678937
8 0.02780 0.632297
9 0.03910 0.787956
10 0.05350 0.866594
11 0.07180 1.058451
12 0.09270 1.038974
13 0.11560 1.009016
14 0.13860 1.132536
15 0.16630 1.191846
16 0.19720 1.254731
17 0.23010 1.325814
18 0.26790 1.392187
19 0.30530 1.481793
20 0.34510 1.573467
21 0.38510 1.591439
22 0.42660 1.649025
23 0.46600 1.687244
24 0.50750 1.723408
25 0.54390 1.747382
26 0.58310 1.774950
27 0.61770 1.803656
28 0.64930 1.830850
29 0.67780 1.853144
30 0.70360 1.871348
31 0.72980 1.888308
32 0.75570 1.906648
33 0.77820 1.926937
34 0.79960 1.934885
35 0.81730 1.946887
36 0.83610 1.951410
37 0.85180 1.953938
38 0.86610 1.960806
39 0.87870 1.959373
40 0.89030 1.963634
41 0.90210 1.969854
42 0.91220 1.976778
43 0.92130 1.981502
44 0.92990 1.984765
45 0.93590 1.984618
46 0.94230 1.986788
47 0.94840 1.991485
48 0.95360 1.990254
49 0.95790 1.990830
