0 0.00020 inf
1 0.00070 inf
2 0.00170 inf
3 0.00340 1.301030
4 0.00580 1.409369
5 0.00940 1.285236
6 0.01330 1.455932
7 0.01980 1.526339
8 0.02780 1.463278
9 0.03910 1.505740
10 0.05350 1.582316
11 0.07180 1.639076
12 0.09270 1.631782
13 0.11560 1.667862
14 0.13860 1.651092
15 0.16630 1.685688
16 0.19720 1.739836
17 0.23010 1.747819
18 0.26790 1.747455
19 0.30530 1.752229
20 0.34510 1.776701
21 0.38510 1.792201
22 0.42660 1.793964
23 0.46600 1.809768
24 0.50750 1.823624
25 0.54390 1.843440
26 0.58310 1.848412
27 0.61770 1.867064
28 0.64930 1.886529
29 0.67780 1.891199
30 0.70360 1.893249
31 0.72980 1.906850
32 0.75570 1.911581
33 0.77820 1.912676
34 0.79960 1.919078
35 0.81730 1.918962
36 0.83610 1.924139
37 0.85180 1.931939
38 0.86610 1.937695
39 0.87870 1.942087
40 0.89030 1.945378
41 0.90210 1.952652
42 0.91220 1.958126
43 0.92130 1.959178
44 0.92990 1.960968
45 0.93590 1.964274
46 0.94230 1.966751
47 0.94840 1.968113
48 0.95360 1.969910
49 0.95790 1.972113
