0 0.04330 1.666821
1 0.08880 1.844959
2 0.12890 1.930188
3 0.16910 1.889045
4 0.20990 1.831797
5 0.24720 1.872809
6 0.27870 1.900262
7 0.31250 1.964970
8 0.34210 1.885782
9 0.37320 1.931395
10 0.40130 1.952264
11 0.42430 1.888276
12 0.44970 1.921767
13 0.47350 1.912748
14 0.49670 1.936758
15 0.51610 1.939315
16 0.53800 1.911642
17 0.55990 1.938854
18 0.57760 1.959466
19 0.59710 1.914390
20 0.61430 1.900024
21 0.62990 1.955612
22 0.64590 1.978621
23 0.66130 1.916422
24 0.67570 1.905277
25 0.69010 1.947124
26 0.70380 1.971203
27 0.71670 1.998510
28 0.72980 1.907989
29 0.74220 1.895264
30 0.75300 1.933677
31 0.76230 1.966174
32 0.77360 1.974665
33 0.78440 1.942352
34 0.79450 1.911297
35 0.80430 1.915753
36 0.81320 1.915572
37 0.82210 1.920993
38 0.83100 1.965176
39 0.83890 1.983293
40 0.84590 1.960814
41 0.85440 1.962715
42 0.86260 1.935529
43 0.86860 1.913388
44 0.87510 1.917877
45 0.88010 1.931657
46 0.88490 1.936942
47 0.89060 1.939723
48 0.89700 1.948055
49 0.90050 1.948138
