0 0.04330 inf
1 0.08880 2.030735
2 0.12890 2.195208
3 0.16910 2.144185
4 0.20990 2.092420
5 0.24720 2.064458
6 0.27870 2.019761
7 0.31250 1.940199
8 0.34210 1.942008
9 0.37320 1.947627
10 0.40130 1.935199
11 0.42430 1.941914
12 0.44970 1.969943
13 0.47350 1.976516
14 0.49670 1.986543
15 0.51610 2.011359
16 0.53800 2.035138
17 0.55990 2.032633
18 0.57760 2.040582
19 0.59710 2.027334
20 0.61430 2.022566
21 0.62990 2.019401
22 0.64590 2.020432
23 0.66130 2.025229
24 0.67570 2.027831
25 0.69010 2.022652
26 0.70380 2.008940
27 0.71670 2.008207
28 0.72980 2.015815
29 0.74220 2.012432
30 0.75300 2.006850
31 0.76230 1.999673
32 0.77360 1.995467
33 0.78440 1.992919
34 0.79450 1.984403
35 0.80430 1.983500
36 0.81320 1.987059
37 0.82210 1.987135
38 0.83100 1.991372
39 0.83890 1.986851
40 0.84590 1.987146
41 0.85440 1.981051
42 0.86260 1.984467
43 0.86860 1.986091
44 0.87510 1.983995
45 0.88010 1.980025
46 0.88490 1.976426
47 0.89060 1.978048
48 0.89700 1.979171
49 0.90050 1.981487
