0 0.04730 2.031201
1 0.08910 1.810974
2 0.12540 1.932758
3 0.16570 1.875280
4 0.19880 2.021982
5 0.23500 1.948535
6 0.27010 1.951057
7 0.30340 1.893504
8 0.33500 1.893557
9 0.36370 1.979227
10 0.39270 1.868000
11 0.42010 1.882290
12 0.44820 1.959444
13 0.47230 1.883750
14 0.49720 1.955600
15 0.52170 1.959596
16 0.54360 1.917693
17 0.56400 1.953209
18 0.58480 1.914701
19 0.60190 1.913518
20 0.61820 1.929324
21 0.63390 1.969706
22 0.65180 1.914576
23 0.66740 1.903687
24 0.68340 1.945747
25 0.69860 1.974963
26 0.71300 1.933018
27 0.72700 1.896579
28 0.74010 1.895721
29 0.75210 1.943777
30 0.76240 1.969292
31 0.77360 1.980208
32 0.78560 1.918914
33 0.79520 1.911759
34 0.80530 1.915095
35 0.81250 1.917466
36 0.82010 1.932312
37 0.82810 1.962468
38 0.83720 1.962470
39 0.84430 1.960471
40 0.85180 1.960716
41 0.85720 1.916257
42 0.86350 1.908044
43 0.86840 1.917680
44 0.87310 1.923504
45 0.87990 1.929378
46 0.88630 1.939779
47 0.89010 1.947725
48 0.89510 1.949029
49 0.89940 1.940759
