0 0.04730 1.832509
1 0.08910 2.186108
2 0.12540 2.210185
3 0.16570 1.998814
4 0.19880 2.021740
5 0.23500 1.921886
6 0.27010 1.912905
7 0.30340 1.958922
8 0.33500 1.947238
9 0.36370 1.961213
10 0.39270 1.975504
11 0.42010 1.967985
12 0.44820 1.964610
13 0.47230 1.966956
14 0.49720 1.969111
15 0.52170 1.964926
16 0.54360 1.974890
17 0.56400 1.989179
18 0.58480 1.988423
19 0.60190 2.001374
20 0.61820 2.015966
21 0.63390 2.006493
22 0.65180 1.995168
23 0.66740 1.997798
24 0.68340 1.997063
25 0.69860 1.999795
26 0.71300 2.003622
27 0.72700 2.005500
28 0.74010 2.016404
29 0.75210 2.014882
30 0.76240 2.020655
31 0.77360 2.017108
32 0.78560 2.011453
33 0.79520 2.003830
34 0.80530 2.007522
35 0.81250 2.010051
36 0.82010 2.007245
37 0.82810 2.012643
38 0.83720 2.012758
39 0.84430 2.007308
40 0.85180 2.004076
41 0.85720 2.003279
42 0.86350 2.005618
43 0.86840 2.007218
44 0.87310 2.002997
45 0.87990 2.002675
46 0.88630 2.000028
47 0.89010 2.003761
48 0.89510 2.004349
49 0.89940 2.005560
