0 0.00060 0.000000
1 0.00100 1.667970
2 0.00190 1.223557
3 0.00380 1.244413
4 0.00650 1.121183
5 0.01080 1.199146
6 0.01540 1.326392
7 0.02240 1.241281
8 0.03170 1.452826
9 0.04320 1.460598
10 0.05530 1.566024
11 0.07190 1.472261
12 0.08900 1.455939
13 0.11120 1.551496
14 0.13610 1.594354
15 0.16340 1.628201
16 0.19200 1.640919
17 0.22510 1.685296
18 0.25880 1.667940
19 0.29470 1.693568
20 0.33690 1.708988
21 0.37720 1.733614
22 0.41900 1.689831
23 0.46180 1.697804
24 0.50400 1.773254
25 0.55050 1.765518
26 0.59080 1.751307
27 0.63110 1.834291
28 0.67080 1.842898
29 0.71070 1.832840
30 0.74460 1.890923
31 0.77510 1.867418
32 0.80490 1.871084
33 0.82830 1.905785
34 0.84940 1.911773
35 0.86860 1.934529
36 0.88360 1.904325
37 0.89800 1.909944
38 0.91020 1.913071
39 0.92170 1.903220
40 0.93170 1.905430
41 0.93990 1.923822
42 0.94790 1.929691
43 0.95580 1.938639
44 0.96110 1.943157
45 0.96640 1.942678
46 0.97090 1.946318
47 0.97510 1.950499
48 0.97850 1.956084
49 0.98090 1.953896
