0 0.00060 inf
1 0.00100 inf
2 0.00190 inf
3 0.00380 1.230449
4 0.00650 1.255273
5 0.01080 1.404834
6 0.01540 1.493690
7 0.02240 1.728354
8 0.03170 1.740363
9 0.04320 1.711807
10 0.05530 1.723364
11 0.07190 1.786945
12 0.08900 1.848559
13 0.11120 1.861833
14 0.13610 1.900293
15 0.16340 1.914656
16 0.19200 1.904371
17 0.22510 1.898919
18 0.25880 1.905557
19 0.29470 1.916772
20 0.33690 1.908337
21 0.37720 1.898999
22 0.41900 1.921855
23 0.46180 1.914541
24 0.50400 1.925682
25 0.55050 1.926643
26 0.59080 1.927361
27 0.63110 1.936292
28 0.67080 1.938478
29 0.71070 1.943537
30 0.74460 1.951110
31 0.77510 1.955689
32 0.80490 1.961125
33 0.82830 1.963497
34 0.84940 1.968130
35 0.86860 1.981210
36 0.88360 1.986978
37 0.89800 1.988208
38 0.91020 1.984056
39 0.92170 1.987221
40 0.93170 1.990999
41 0.93990 1.990036
42 0.94790 1.994158
43 0.95580 1.996275
44 0.96110 1.999200
45 0.96640 2.001923
46 0.97090 2.003089
47 0.97510 1.999208
48 0.97850 1.999502
49 0.98090 2.000369
