0 0.00090 1.200000
1 0.00170 1.094786
2 0.00310 1.501955
3 0.00550 1.543689
4 0.00910 1.198930
5 0.01540 1.490527
6 0.02220 1.394281
7 0.03230 1.534299
8 0.04120 1.543192
9 0.05330 1.507359
10 0.06970 1.417257
11 0.08550 1.562595
12 0.10660 1.493851
13 0.12920 1.515163
14 0.15830 1.551605
15 0.19200 1.611641
16 0.22940 1.644062
17 0.26860 1.675056
18 0.30960 1.659757
19 0.35030 1.692217
20 0.39420 1.711006
21 0.44020 1.731036
22 0.49000 1.744218
23 0.53550 1.762562
24 0.58410 1.781509
25 0.62640 1.827404
26 0.66630 1.811309
27 0.70320 1.842433
28 0.73630 1.844984
29 0.77060 1.868653
30 0.79590 1.883291
31 0.82180 1.899540
32 0.84630 1.907708
33 0.86710 1.895972
34 0.88410 1.903256
35 0.89980 1.897260
36 0.91250 1.904843
37 0.92400 1.927241
38 0.93350 1.935761
39 0.94240 1.937521
40 0.94880 1.938318
41 0.95460 1.945399
42 0.96060 1.952711
43 0.96580 1.949114
44 0.97040 1.934506
45 0.97380 1.930745
46 0.97720 1.932193
47 0.98080 1.934852
48 0.98220 1.937104
49 0.98540 1.957203
