0 0.00090 inf
1 0.00170 1.380211
2 0.00310 1.602060
3 0.00550 1.477121
4 0.00910 1.707570
5 0.01540 1.838849
6 0.02220 1.863323
7 0.03230 1.779596
8 0.04120 1.905796
9 0.05330 1.942834
10 0.06970 1.945407
11 0.08550 1.935939
12 0.10660 1.952308
13 0.12920 1.963331
14 0.15830 1.970200
15 0.19200 1.948022
16 0.22940 1.952389
17 0.26860 1.977525
18 0.30960 1.965893
19 0.35030 1.976913
20 0.39420 1.975659
21 0.44020 1.975288
22 0.49000 1.990691
23 0.53550 1.995776
24 0.58410 1.991326
25 0.62640 1.981116
26 0.66630 1.973336
27 0.70320 1.978749
28 0.73630 1.967580
29 0.77060 1.970448
30 0.79590 1.969548
31 0.82180 1.972882
32 0.84630 1.971732
33 0.86710 1.971307
34 0.88410 1.968127
35 0.89980 1.968563
36 0.91250 1.972972
37 0.92400 1.977889
38 0.93350 1.981596
39 0.94240 1.984158
40 0.94880 1.985593
41 0.95460 1.984503
42 0.96060 1.986629
43 0.96580 1.986784
44 0.97040 1.989063
45 0.97380 1.989040
46 0.97720 1.989457
47 0.98080 1.991826
48 0.98220 1.992758
49 0.98540 1.993751
