0 0.04530 1.642407
1 0.08720 1.839164
2 0.13050 1.971228
3 0.16900 1.838099
4 0.20570 1.842455
5 0.24140 1.879309
6 0.27750 1.951186
7 0.31270 1.925828
8 0.34330 1.880920
9 0.37400 1.915444
10 0.40120 1.898699
11 0.42760 1.891226
12 0.45460 1.980498
13 0.47710 1.886821
14 0.49980 1.917319
15 0.52320 1.947998
16 0.54420 1.914379
17 0.56390 1.933275
18 0.58250 1.964523
19 0.60190 1.929838
20 0.62050 1.889783
21 0.63530 1.949158
22 0.65400 1.973431
23 0.66830 1.900929
24 0.68210 1.912789
25 0.69610 1.954885
26 0.71140 1.995858
27 0.72300 1.907600
28 0.73490 1.899145
29 0.74820 1.930097
30 0.75920 1.970519
31 0.77020 1.978379
32 0.78250 1.930216
33 0.79370 1.907199
34 0.80310 1.911779
35 0.81180 1.915577
36 0.82050 1.927228
37 0.82850 1.959817
38 0.83720 1.977072
39 0.84470 1.952268
40 0.85120 1.959918
41 0.85850 1.914810
42 0.86530 1.908921
43 0.87100 1.913885
44 0.87780 1.932550
45 0.88360 1.935243
46 0.88850 1.937234
47 0.89370 1.952164
48 0.89960 1.941982
49 0.90390 1.941630
