0 0.04530 1.875061
1 0.08720 1.879383
2 0.13050 1.983562
3 0.16900 1.965750
4 0.20570 1.992268
5 0.24140 2.012454
6 0.27750 2.039341
7 0.31270 2.043940
8 0.34330 2.030349
9 0.37400 2.077650
10 0.40120 2.084401
11 0.42760 2.045812
12 0.45460 1.996987
13 0.47710 2.021976
14 0.49980 2.026610
15 0.52320 1.996413
16 0.54420 2.003831
17 0.56390 1.990593
18 0.58250 1.973524
19 0.60190 1.970502
20 0.62050 1.963088
21 0.63530 1.972905
22 0.65400 1.976599
23 0.66830 1.973429
24 0.68210 1.978589
25 0.69610 1.980592
26 0.71140 1.986220
27 0.72300 1.981438
28 0.73490 1.985966
29 0.74820 1.989574
30 0.75920 1.997166
31 0.77020 2.007266
32 0.78250 2.009458
33 0.79370 2.013191
34 0.80310 2.014517
35 0.81180 2.018237
36 0.82050 2.016801
37 0.82850 2.016497
38 0.83720 2.015761
39 0.84470 2.015003
40 0.85120 2.007245
41 0.85850 2.010179
42 0.86530 2.015500
43 0.87100 2.016636
44 0.87780 2.017685
45 0.88360 2.019252
46 0.88850 2.017910
47 0.89370 2.021455
48 0.89960 2.021520
49 0.90390 2.021230
