0 0.04540 1.693166
1 0.09040 1.823799
2 0.13000 1.922497
3 0.16660 1.937631
4 0.20240 1.845358
5 0.23900 1.908446
6 0.27360 1.946756
7 0.30400 1.915382
8 0.33770 1.882090
9 0.36860 1.926242
10 0.39740 1.980423
11 0.42630 1.896564
12 0.45230 1.959669
13 0.47650 1.876671
14 0.49790 1.949392
15 0.51910 1.914878
16 0.54010 1.912381
17 0.56310 1.955213
18 0.58420 1.922330
19 0.60140 1.891726
20 0.62070 1.954231
21 0.63950 1.955151
22 0.65640 1.904916
23 0.67110 1.907626
24 0.68560 1.956430
25 0.70140 1.983051
26 0.71530 1.931930
27 0.72840 1.897039
28 0.74160 1.912762
29 0.75310 1.965180
30 0.76510 1.982589
31 0.77550 1.957521
32 0.78320 1.925137
33 0.79290 1.915120
34 0.80340 1.918628
35 0.81310 1.923891
36 0.82170 1.953476
37 0.82950 1.972148
38 0.83750 1.970764
39 0.84570 1.964377
40 0.85200 1.964192
41 0.85780 1.930457
42 0.86400 1.909708
43 0.87070 1.906936
44 0.87600 1.927553
45 0.88280 1.939752
46 0.88710 1.943883
47 0.89200 1.953588
48 0.89710 1.946185
49 0.90220 1.946678
