0 0.04540 1.806180
1 0.09040 1.687232
2 0.13000 1.835338
3 0.16660 1.926428
4 0.20240 1.988169
5 0.23900 1.954041
6 0.27360 1.958425
7 0.30400 1.982271
8 0.33770 1.967467
9 0.36860 1.970347
10 0.39740 1.979751
11 0.42630 1.991351
12 0.45230 1.961862
13 0.47650 1.972581
14 0.49790 1.958177
15 0.51910 1.964372
16 0.54010 1.969447
17 0.56310 1.975007
18 0.58420 1.985102
19 0.60140 1.985008
20 0.62070 1.991634
21 0.63950 1.996074
22 0.65640 2.006894
23 0.67110 2.004769
24 0.68560 2.007600
25 0.70140 2.010291
26 0.71530 2.006828
27 0.72840 2.001755
28 0.74160 1.992307
29 0.75310 2.000138
30 0.76510 1.996382
31 0.77550 1.996344
32 0.78320 1.995416
33 0.79290 1.991655
34 0.80340 1.997849
35 0.81310 1.998239
36 0.82170 1.988888
37 0.82950 1.992728
38 0.83750 1.996083
39 0.84570 1.997189
40 0.85200 1.995759
41 0.85780 1.993764
42 0.86400 1.990865
43 0.87070 1.992977
44 0.87600 1.994537
45 0.88280 1.994714
46 0.88710 1.991712
47 0.89200 1.989210
48 0.89710 1.989970
49 0.90220 1.990895
