1 0.00010 0.000000
2 0.02010 1.493206
3 0.04010 1.495288
4 0.06010 1.573154
5 0.08010 1.339601
6 0.10010 1.451052
7 0.12010 1.489945
8 0.14010 1.444708
9 0.16010 1.409180
10 0.18010 1.433242
11 0.20010 1.492817
12 0.22010 1.481860
13 0.24010 1.495407
14 0.26010 1.485069
15 0.28010 1.438360
16 0.30010 1.526886
17 0.32010 1.482463
18 0.34010 1.488671
19 0.36010 1.452429
20 0.38010 1.519821
21 0.40010 1.490031
22 0.42010 1.508967
23 0.44010 1.491424
24 0.46010 1.481077
25 0.48010 1.460042
26 0.50010 1.502026
27 0.52010 1.501160
28 0.54010 1.485253
29 0.56010 1.458021
30 0.58010 1.524085
31 0.60010 1.492259
32 0.62010 1.485031
33 0.64010 1.517906
34 0.66010 1.494381
35 0.68010 1.514645
36 0.70010 1.503495
37 0.72010 1.482415
38 0.74010 1.507537
39 0.76010 1.479542
40 0.78010 1.498737
41 0.80010 1.477608
42 0.82010 1.468396
43 0.84010 1.496745
44 0.86010 1.501675
45 0.88010 1.489737
46 0.90010 1.496119
47 0.92010 1.460581
48 0.94010 1.475105
49 0.96010 1.498102
50 0.98010 1.523002
