1 0.00010 nan
2 0.02010 1.113943
3 0.04010 inf
4 0.06010 1.454845
5 0.08010 1.959041
6 0.10010 2.029384
7 0.12010 1.810680
8 0.14010 1.929419
9 0.16010 2.080987
10 0.18010 2.044017
11 0.20010 2.074329
12 0.22010 2.058489
13 0.24010 1.916717
14 0.26010 2.148033
15 0.28010 2.081387
16 0.30010 1.894870
17 0.32010 1.997597
18 0.34010 2.048843
19 0.36010 2.035248
20 0.38010 1.982594
21 0.40010 1.960306
22 0.42010 2.011458
23 0.44010 2.023777
24 0.46010 1.987065
25 0.48010 2.058738
26 0.50010 1.998222
27 0.52010 1.954472
28 0.54010 1.969596
29 0.56010 1.970268
30 0.58010 2.014987
31 0.60010 1.980650
32 0.62010 1.930062
33 0.64010 2.090206
34 0.66010 2.005467
35 0.68010 2.077221
36 0.70010 2.010595
37 0.72010 2.018225
38 0.74010 2.019615
39 0.76010 1.941377
40 0.78010 1.987337
41 0.80010 1.980472
42 0.82010 1.996381
43 0.84010 2.001431
44 0.86010 1.990656
45 0.88010 1.970571
46 0.90010 1.959499
47 0.92010 2.036939
48 0.94010 2.041445
49 0.96010 1.968715
50 0.98010 2.004765
