0 0.04780 1.714383
1 0.08830 1.835534
2 0.12710 1.943630
3 0.16710 1.987482
4 0.20540 1.824014
5 0.24280 1.866249
6 0.27920 1.883690
7 0.31060 1.961525
8 0.34260 1.902595
9 0.37190 1.926789
10 0.39860 1.943166
11 0.42560 1.885716
12 0.45040 1.940602
13 0.47570 1.884290
14 0.49950 1.927597
15 0.52220 1.961995
16 0.54260 1.907238
17 0.56290 1.942243
18 0.58490 1.962619
19 0.60310 1.925703
20 0.62160 1.899101
21 0.63910 1.963400
22 0.65320 1.984250
23 0.66740 1.927893
24 0.68210 1.917076
25 0.69600 1.946781
26 0.70860 1.967129
27 0.72290 1.989893
28 0.73730 1.911000
29 0.74840 1.902561
30 0.76090 1.913000
31 0.77080 1.952999
32 0.78300 1.989186
33 0.79290 1.981717
34 0.80250 1.929084
35 0.81130 1.920300
36 0.82030 1.923265
37 0.82750 1.924292
38 0.83570 1.934491
39 0.84380 1.978363
40 0.85190 1.977936
41 0.85820 1.967331
42 0.86510 1.969055
43 0.87150 1.917893
44 0.87720 1.907995
45 0.88370 1.923085
46 0.88920 1.935274
47 0.89330 1.942174
48 0.89770 1.944688
49 0.90170 1.942071
