0 0.04780 1.919078
1 0.08830 1.890700
2 0.12710 1.995635
3 0.16710 2.013259
4 0.20540 1.924551
5 0.24280 1.972357
6 0.27920 1.931603
7 0.31060 1.935320
8 0.34260 1.929997
9 0.37190 1.932212
10 0.39860 1.932359
11 0.42560 1.951138
12 0.45040 1.961784
13 0.47570 1.973780
14 0.49950 1.989323
15 0.52220 1.989442
16 0.54260 1.984008
17 0.56290 1.987666
18 0.58490 2.000497
19 0.60310 1.993560
20 0.62160 1.994493
21 0.63910 1.984666
22 0.65320 1.993250
23 0.66740 1.993551
24 0.68210 1.992150
25 0.69600 2.000187
26 0.70860 2.002391
27 0.72290 1.997758
28 0.73730 1.997844
29 0.74840 2.004200
30 0.76090 2.002762
31 0.77080 2.005790
32 0.78300 2.010374
33 0.79290 2.006268
34 0.80250 1.995776
35 0.81130 1.996477
36 0.82030 1.995049
37 0.82750 1.993650
38 0.83570 1.991355
39 0.84380 1.987214
40 0.85190 1.986849
41 0.85820 1.988608
42 0.86510 1.985257
43 0.87150 1.981250
44 0.87720 1.983767
45 0.88370 1.986152
46 0.88920 1.985776
47 0.89330 1.986984
48 0.89770 1.989844
49 0.90170 1.990672
