0 0.00070 0.000000
1 0.00160 2.000000
2 0.00280 0.774655
3 0.00440 1.143988
4 0.00730 1.113614
5 0.01200 1.452811
6 0.01730 1.182935
7 0.02530 1.343619
8 0.03290 1.542422
9 0.04640 1.468820
10 0.06100 1.465569
11 0.07600 1.523045
12 0.09500 1.509977
13 0.11790 1.547287
14 0.14600 1.602619
15 0.17500 1.631956
16 0.20890 1.614460
17 0.24280 1.610459
18 0.28350 1.646119
19 0.32650 1.655187
20 0.36950 1.700842
21 0.41640 1.692841
22 0.46500 1.732739
23 0.51310 1.723258
24 0.55900 1.813235
25 0.60500 1.775185
26 0.64760 1.850839
27 0.68780 1.847318
28 0.72660 1.853423
29 0.76090 1.915291
30 0.79080 1.917388
31 0.81930 1.887045
32 0.84410 1.900987
33 0.86520 1.920317
34 0.88390 1.933825
35 0.89860 1.947388
36 0.91170 1.916971
37 0.92230 1.914371
38 0.93410 1.918483
39 0.94230 1.919411
40 0.95040 1.907408
41 0.95770 1.916178
42 0.96360 1.922710
43 0.96880 1.929090
44 0.97310 1.930872
45 0.97610 1.940231
46 0.97920 1.944756
47 0.98280 1.953077
48 0.98600 1.952763
49 0.98830 1.954188
