0 0.00070 inf
1 0.00160 inf
2 0.00280 inf
3 0.00440 inf
4 0.00730 inf
5 0.01200 2.187521
6 0.01730 1.684845
7 0.02530 1.797037
8 0.03290 1.742114
9 0.04640 1.702431
10 0.06100 1.765786
11 0.07600 1.841836
12 0.09500 1.811575
13 0.11790 1.852828
14 0.14600 1.863593
15 0.17500 1.841491
16 0.20890 1.853054
17 0.24280 1.870584
18 0.28350 1.877978
19 0.32650 1.892355
20 0.36950 1.920114
21 0.41640 1.926451
22 0.46500 1.930332
23 0.51310 1.930612
24 0.55900 1.938477
25 0.60500 1.944797
26 0.64760 1.950115
27 0.68780 1.973451
28 0.72660 1.979369
29 0.76090 1.978386
30 0.79080 1.975103
31 0.81930 1.980430
32 0.84410 1.985425
33 0.86520 1.984108
34 0.88390 1.988778
35 0.89860 1.986198
36 0.91170 1.988926
37 0.92230 1.990078
38 0.93410 1.995685
39 0.94230 1.997239
40 0.95040 1.995575
41 0.95770 1.994286
42 0.96360 1.994241
43 0.96880 1.994605
44 0.97310 1.995624
45 0.97610 1.995369
46 0.97920 1.996650
47 0.98280 1.994835
48 0.98600 1.997072
49 0.98830 1.996509
