0 0.04470 1.662562
1 0.08830 1.855579
2 0.12670 1.929112
3 0.16720 1.889757
4 0.20180 1.826559
5 0.24070 1.871519
6 0.27350 1.886058
7 0.30560 1.968648
8 0.33500 1.902421
9 0.36580 1.882512
10 0.39400 1.966116
11 0.42270 1.895329
12 0.45050 1.988758
13 0.47750 1.874922
14 0.50150 1.967983
15 0.52570 1.971759
16 0.54510 1.911336
17 0.56560 1.951917
18 0.58480 1.917767
19 0.60550 1.907242
20 0.62210 1.956125
21 0.63720 1.937214
22 0.65500 1.902601
23 0.67020 1.932579
24 0.68610 1.960956
25 0.69980 1.993173
26 0.71340 1.904959
27 0.72570 1.899564
28 0.73830 1.916733
29 0.74690 1.960820
30 0.76060 1.975323
31 0.77240 1.918631
32 0.78540 1.908478
33 0.79560 1.919387
34 0.80530 1.913790
35 0.81390 1.946981
36 0.82230 1.972320
37 0.83200 1.960299
38 0.84080 1.956641
39 0.84850 1.916159
40 0.85470 1.910788
41 0.86110 1.917306
42 0.86670 1.923669
43 0.87250 1.924362
44 0.87800 1.934429
45 0.88210 1.946108
46 0.88760 1.941470
47 0.89250 1.944047
48 0.89790 1.941462
49 0.90130 1.942980
