0 0.04470 inf
1 0.08830 2.174641
2 0.12670 1.943777
3 0.16720 1.941594
4 0.20180 2.002310
5 0.24070 2.015839
6 0.27350 2.007077
7 0.30560 2.044589
8 0.33500 2.033424
9 0.36580 2.028622
10 0.39400 2.031445
11 0.42270 2.020106
12 0.45050 1.982160
13 0.47750 1.977376
14 0.50150 1.964740
15 0.52570 1.950806
16 0.54510 1.950350
17 0.56560 1.966533
18 0.58480 1.980053
19 0.60550 1.986772
20 0.62210 1.972367
21 0.63720 1.954828
22 0.65500 1.956780
23 0.67020 1.965526
24 0.68610 1.970644
25 0.69980 1.966372
26 0.71340 1.974104
27 0.72570 1.981075
28 0.73830 1.981837
29 0.74690 1.983224
30 0.76060 1.986207
31 0.77240 1.988476
32 0.78540 1.999598
33 0.79560 1.999893
34 0.80530 1.993245
35 0.81390 1.997577
36 0.82230 1.998639
37 0.83200 2.003042
38 0.84080 2.002579
39 0.84850 2.005399
40 0.85470 2.005214
41 0.86110 2.000030
42 0.86670 1.998809
43 0.87250 1.994607
44 0.87800 1.992184
45 0.88210 1.994803
46 0.88760 1.994629
47 0.89250 1.995060
48 0.89790 1.994762
49 0.90130 1.994947
