0 0.00040 0.800000
1 0.00160 1.501955
2 0.00330 1.267970
3 0.00590 1.551788
4 0.00870 1.550857
5 0.01240 1.458014
6 0.01660 1.435798
7 0.02260 1.432363
8 0.02990 1.485415
9 0.04250 1.421627
10 0.05420 1.499192
11 0.06780 1.576683
12 0.08230 1.479351
13 0.10240 1.584115
14 0.12430 1.630665
15 0.15120 1.647271
16 0.17790 1.616292
17 0.20540 1.626247
18 0.24060 1.672911
19 0.27610 1.614624
20 0.31980 1.668394
21 0.36170 1.692355
22 0.40800 1.739117
23 0.45520 1.761071
24 0.49960 1.757387
25 0.54050 1.803693
26 0.58160 1.816851
27 0.62220 1.857544
28 0.65830 1.832299
29 0.69390 1.836272
30 0.73090 1.890236
31 0.76240 1.867923
32 0.78990 1.877112
33 0.81240 1.909199
34 0.83260 1.900377
35 0.85350 1.930412
36 0.87130 1.920127
37 0.88840 1.905620
38 0.90060 1.909269
39 0.91420 1.905811
40 0.92560 1.916969
41 0.93410 1.919573
42 0.94330 1.924765
43 0.95110 1.934524
44 0.95740 1.938206
45 0.96240 1.941485
46 0.96850 1.953002
47 0.97340 1.954427
48 0.97660 1.950915
49 0.97960 1.961101
