0 0.00040 inf
1 0.00160 inf
2 0.00330 inf
3 0.00590 1.832509
4 0.00870 2.049218
5 0.01240 1.989005
6 0.01660 1.977724
7 0.02260 1.839897
8 0.02990 1.837273
9 0.04250 1.922206
10 0.05420 1.923881
11 0.06780 1.961718
12 0.08230 2.020702
13 0.10240 1.914402
14 0.12430 1.948015
15 0.15120 1.967745
16 0.17790 1.936657
17 0.20540 1.920672
18 0.24060 1.904352
19 0.27610 1.910332
20 0.31980 1.934392
21 0.36170 1.919491
22 0.40800 1.915800
23 0.45520 1.928561
24 0.49960 1.937934
25 0.54050 1.937402
26 0.58160 1.941671
27 0.62220 1.941149
28 0.65830 1.942474
29 0.69390 1.937609
30 0.73090 1.930062
31 0.76240 1.933981
32 0.78990 1.943861
33 0.81240 1.932603
34 0.83260 1.930842
35 0.85350 1.937125
36 0.87130 1.935766
37 0.88840 1.933531
38 0.90060 1.937336
39 0.91420 1.940340
40 0.92560 1.941078
41 0.93410 1.942826
42 0.94330 1.945152
43 0.95110 1.948074
44 0.95740 1.949897
45 0.96240 1.948839
46 0.96850 1.943819
47 0.97340 1.947384
48 0.97660 1.949799
49 0.97960 1.951840
