0 0.00050 0.000000
1 0.00120 1.501955
2 0.00320 1.275139
3 0.00630 1.653314
4 0.00980 1.477438
5 0.01360 1.400735
6 0.02000 1.458260
7 0.02660 1.446480
8 0.03500 1.342352
9 0.04590 1.516023
10 0.05980 1.523547
11 0.07590 1.551837
12 0.09770 1.566076
13 0.11630 1.576696
14 0.14140 1.591419
15 0.16720 1.652316
16 0.19640 1.602811
17 0.23150 1.648693
18 0.26750 1.648448
19 0.30610 1.677186
20 0.34890 1.654688
21 0.39200 1.689744
22 0.43590 1.724562
23 0.48050 1.742709
24 0.52370 1.762611
25 0.56770 1.792522
26 0.60790 1.822334
27 0.65100 1.806175
28 0.68750 1.844339
29 0.72250 1.861053
30 0.75230 1.859193
31 0.77880 1.861144
32 0.80520 1.894606
33 0.82990 1.903947
34 0.85060 1.922982
35 0.86990 1.889142
36 0.88640 1.900226
37 0.90090 1.898222
38 0.91600 1.901322
39 0.92880 1.916284
40 0.93850 1.927348
41 0.94710 1.938514
42 0.95330 1.945399
43 0.95950 1.952741
44 0.96570 1.954656
45 0.97040 1.957167
46 0.97380 1.953852
47 0.97660 1.954327
48 0.97910 1.958229
49 0.98200 1.958047
