0 0.00050 inf
1 0.00120 inf
2 0.00320 inf
3 0.00630 inf
4 0.00980 inf
5 0.01360 2.342423
6 0.02000 2.276462
7 0.02660 2.118099
8 0.03500 2.067567
9 0.04590 1.960946
10 0.05980 1.891398
11 0.07590 1.928342
12 0.09770 1.886491
13 0.11630 1.871072
14 0.14140 1.909021
15 0.16720 1.873529
16 0.19640 1.866019
17 0.23150 1.846963
18 0.26750 1.856200
19 0.30610 1.858999
20 0.34890 1.880219
21 0.39200 1.885934
22 0.43590 1.882479
23 0.48050 1.898913
24 0.52370 1.907428
25 0.56770 1.908763
26 0.60790 1.911505
27 0.65100 1.909205
28 0.68750 1.920596
29 0.72250 1.933271
30 0.75230 1.943705
31 0.77880 1.933378
32 0.80520 1.935188
33 0.82990 1.943542
34 0.85060 1.953078
35 0.86990 1.951454
36 0.88640 1.950757
37 0.90090 1.960836
38 0.91600 1.964031
39 0.92880 1.961308
40 0.93850 1.959462
41 0.94710 1.959139
42 0.95330 1.960429
43 0.95950 1.962219
44 0.96570 1.964648
45 0.97040 1.967434
46 0.97380 1.965846
47 0.97660 1.965536
48 0.97910 1.965148
49 0.98200 1.967179
