0 0.00140 0.111239
1 0.00720 0.239048
2 0.01930 0.462622
3 0.03640 0.614624
4 0.06080 0.749966
5 0.09060 0.896938
6 0.12810 1.121356
7 0.16710 1.242689
8 0.20600 1.360479
9 0.24910 1.479619
10 0.29570 1.584077
11 0.33830 1.655675
12 0.38290 1.750458
13 0.42210 1.801607
14 0.46320 1.842148
15 0.50100 1.878911
16 0.53990 1.909320
17 0.57320 1.927300
18 0.60960 1.944336
19 0.64000 1.957033
20 0.66790 1.966100
21 0.69500 1.973434
22 0.72060 1.977818
23 0.74150 1.979279
24 0.76150 1.981103
25 0.77910 1.984379
26 0.79770 1.986248
27 0.81380 1.985004
28 0.83060 1.987180
29 0.84580 1.990281
30 0.85780 1.991365
31 0.86710 1.992448
32 0.87810 1.994823
33 0.88640 1.994823
34 0.89660 1.995391
35 0.90500 1.996470
36 0.91210 1.996470
37 0.91880 1.997549
38 0.92380 1.997549
39 0.92960 1.998116
40 0.93530 1.998116
41 0.94080 1.996883
42 0.94430 1.997959
43 0.94870 1.998683
44 0.95260 1.998683
45 0.95560 1.998683
46 0.95870 1.997452
47 0.96180 1.997452
48 0.96520 1.997452
49 0.96800 1.998528
