0 0.00140 inf
1 0.00720 inf
2 0.01930 1.271067
3 0.03640 1.513218
4 0.06080 1.562833
5 0.09060 1.521934
6 0.12810 1.542760
7 0.16710 1.563049
8 0.20600 1.583168
9 0.24910 1.622912
10 0.29570 1.639419
11 0.33830 1.636037
12 0.38290 1.649412
13 0.42210 1.681101
14 0.46320 1.694345
15 0.50100 1.729398
16 0.53990 1.748125
17 0.57320 1.763258
18 0.60960 1.786680
19 0.64000 1.801734
20 0.66790 1.815229
21 0.69500 1.819992
22 0.72060 1.836918
23 0.74150 1.849202
24 0.76150 1.859117
25 0.77910 1.868137
26 0.79770 1.872505
27 0.81380 1.886350
28 0.83060 1.900465
29 0.84580 1.909028
30 0.85780 1.916096
31 0.86710 1.919966
32 0.87810 1.928854
33 0.88640 1.935871
34 0.89660 1.942515
35 0.90500 1.948565
36 0.91210 1.954281
37 0.91880 1.957358
38 0.92380 1.961541
39 0.92960 1.965142
40 0.93530 1.969599
41 0.94080 1.973914
42 0.94430 1.975145
43 0.94870 1.978366
44 0.95260 1.981370
45 0.95560 1.983745
46 0.95870 1.986189
47 0.96180 1.988538
48 0.96520 1.990862
49 0.96800 1.993161
