0 0.00190 0.000000
1 0.00830 0.236096
2 0.02070 0.376750
3 0.03810 0.602100
4 0.06570 0.824598
5 0.09640 0.968616
6 0.13080 1.150172
7 0.16920 1.270331
8 0.20680 1.343024
9 0.24940 1.456172
10 0.29200 1.558247
11 0.33540 1.628894
12 0.37690 1.717975
13 0.42020 1.773153
14 0.46250 1.819033
15 0.50360 1.853847
16 0.53880 1.871534
17 0.57080 1.893334
18 0.60460 1.923675
19 0.63390 1.946323
20 0.66210 1.955686
21 0.69000 1.962533
22 0.71460 1.968252
23 0.73680 1.972495
24 0.75640 1.976132
25 0.77500 1.977671
26 0.79080 1.980571
27 0.80600 1.984551
28 0.81910 1.986717
29 0.83410 1.986717
30 0.84850 1.988880
31 0.86080 1.989960
32 0.87180 1.993196
33 0.88180 1.993049
34 0.89120 1.991826
35 0.90070 1.992902
36 0.90740 1.992902
37 0.91570 1.992902
38 0.92300 1.993978
39 0.92860 1.993978
40 0.93530 1.993978
41 0.94060 1.993978
42 0.94580 1.993978
43 0.95010 1.993978
44 0.95380 1.993978
45 0.95670 1.993978
46 0.95950 1.993978
47 0.96210 1.994555
48 0.96450 1.994555
49 0.96670 1.994555
