0 0.00190 nan
1 0.00830 1.146128
2 0.02070 1.064458
3 0.03810 1.249877
4 0.06570 1.364864
5 0.09640 1.403508
6 0.13080 1.405557
7 0.16920 1.429480
8 0.20680 1.467212
9 0.24940 1.512440
10 0.29200 1.564329
11 0.33540 1.589818
12 0.37690 1.616053
13 0.42020 1.640481
14 0.46250 1.666965
15 0.50360 1.695242
16 0.53880 1.716636
17 0.57080 1.735610
18 0.60460 1.754161
19 0.63390 1.768665
20 0.66210 1.787525
21 0.69000 1.807660
22 0.71460 1.821960
23 0.73680 1.834503
24 0.75640 1.845258
25 0.77500 1.856329
26 0.79080 1.868329
27 0.80600 1.877740
28 0.81910 1.879390
29 0.83410 1.890550
30 0.84850 1.898299
31 0.86080 1.903389
32 0.87180 1.911172
33 0.88180 1.918461
34 0.89120 1.924940
35 0.90070 1.932476
36 0.90740 1.937560
37 0.91570 1.940424
38 0.92300 1.946702
39 0.92860 1.949982
40 0.93530 1.955177
41 0.94060 1.957797
42 0.94580 1.961183
43 0.95010 1.964176
44 0.95380 1.967124
45 0.95670 1.969299
46 0.95950 1.971223
47 0.96210 1.971858
48 0.96450 1.973590
49 0.96670 1.975125
