0 0.00220 0.164782
1 0.00830 0.140644
2 0.02130 0.446340
3 0.03940 0.584868
4 0.06420 0.760843
5 0.09250 0.901846
6 0.12750 1.080597
7 0.16740 1.236668
8 0.20990 1.384734
9 0.25420 1.506944
10 0.29870 1.599552
11 0.34430 1.706185
12 0.38700 1.765208
13 0.42670 1.822297
14 0.46430 1.840907
15 0.50110 1.878649
16 0.54010 1.905181
17 0.57430 1.928929
18 0.60660 1.946014
19 0.63710 1.956944
20 0.66370 1.963985
21 0.68950 1.971193
22 0.71410 1.978019
23 0.73660 1.980981
24 0.75720 1.989223
25 0.77480 1.991806
26 0.79370 1.991485
27 0.80940 1.994584
28 0.82400 1.997835
29 0.83830 1.998559
30 0.85070 1.999641
31 0.86150 2.000722
32 0.87100 2.000722
33 0.88150 2.002716
34 0.89350 2.002389
35 0.90170 2.003303
36 0.90900 2.003303
37 0.91700 2.003303
38 0.92260 2.002067
39 0.92810 2.002067
40 0.93300 2.001909
41 0.93840 2.001909
42 0.94210 2.001909
43 0.94630 2.002982
44 0.95180 2.002982
45 0.95510 2.002982
46 0.95800 2.002982
47 0.96110 2.002982
48 0.96400 2.002982
49 0.96630 2.002982
