0 0.00220 nan
1 0.00830 1.146128
2 0.02130 1.355388
3 0.03940 1.160214
4 0.06420 1.264613
5 0.09250 1.246608
6 0.12750 1.368088
7 0.16740 1.410174
8 0.20990 1.485382
9 0.25420 1.511326
10 0.29870 1.542783
11 0.34430 1.574099
12 0.38700 1.599771
13 0.42670 1.630136
14 0.46430 1.663534
15 0.50110 1.685112
16 0.54010 1.697923
17 0.57430 1.716348
18 0.60660 1.736227
19 0.63710 1.744509
20 0.66370 1.759824
21 0.68950 1.770310
22 0.71410 1.789762
23 0.73660 1.799882
24 0.75720 1.811686
25 0.77480 1.818414
26 0.79370 1.829782
27 0.80940 1.842049
28 0.82400 1.852341
29 0.83830 1.859183
30 0.85070 1.866602
31 0.86150 1.874074
32 0.87100 1.881390
33 0.88150 1.890253
34 0.89350 1.895072
35 0.90170 1.901259
36 0.90900 1.907031
37 0.91700 1.913014
38 0.92260 1.914606
39 0.92810 1.918119
40 0.93300 1.920710
41 0.93840 1.923758
42 0.94210 1.926690
43 0.94630 1.929811
44 0.95180 1.932913
45 0.95510 1.935548
46 0.95800 1.937556
47 0.96110 1.939746
48 0.96400 1.941949
49 0.96630 1.943360
