0 0.04660 1.669970
1 0.08720 1.842613
2 0.12820 1.971228
3 0.16520 1.824674
4 0.20410 1.828364
5 0.24070 1.861272
6 0.27570 1.866645
7 0.30790 1.946043
8 0.34000 1.873923
9 0.36760 1.951988
10 0.39900 1.971116
11 0.42590 1.886022
12 0.45330 1.988758
13 0.48100 1.911434
14 0.50510 1.934304
15 0.52540 1.910118
16 0.54450 1.923150
17 0.56590 1.951644
18 0.58710 1.917414
19 0.60780 1.934981
20 0.62660 1.971962
21 0.64320 1.891966
22 0.65820 1.898961
23 0.67420 1.944480
24 0.68850 1.979537
25 0.70150 1.938382
26 0.71590 1.897932
27 0.72850 1.901699
28 0.74100 1.938933
29 0.75100 1.962330
30 0.76350 1.969379
31 0.77400 1.939334
32 0.78350 1.914431
33 0.79300 1.917502
34 0.80130 1.915631
35 0.81100 1.937011
36 0.81930 1.966022
37 0.83000 1.960604
38 0.83730 1.964534
39 0.84710 1.949570
40 0.85500 1.906921
41 0.86110 1.906135
42 0.86730 1.931345
43 0.87280 1.937117
44 0.87730 1.942266
45 0.88220 1.938908
46 0.88690 1.950327
47 0.89190 1.944167
48 0.89660 1.939906
49 0.90110 1.944755
