0 0.04660 inf
1 0.08720 1.893484
2 0.12820 1.871184
3 0.16520 1.889702
4 0.20410 1.890501
5 0.24070 1.937981
6 0.27570 1.991078
7 0.30790 2.013078
8 0.34000 1.942207
9 0.36760 1.923346
10 0.39900 1.889302
11 0.42590 1.887251
12 0.45330 1.918855
13 0.48100 1.922911
14 0.50510 1.918723
15 0.52540 1.933389
16 0.54450 1.920231
17 0.56590 1.915269
18 0.58710 1.915367
19 0.60780 1.926903
20 0.62660 1.933516
21 0.64320 1.953804
22 0.65820 1.948345
23 0.67420 1.950839
24 0.68850 1.939543
25 0.70150 1.942100
26 0.71590 1.948334
27 0.72850 1.954306
28 0.74100 1.953996
29 0.75100 1.951493
30 0.76350 1.956436
31 0.77400 1.950674
32 0.78350 1.950756
33 0.79300 1.940779
34 0.80130 1.938269
35 0.81100 1.933811
36 0.81930 1.937751
37 0.83000 1.938323
38 0.83730 1.933774
39 0.84710 1.935570
40 0.85500 1.938885
41 0.86110 1.942123
42 0.86730 1.941692
43 0.87280 1.943206
44 0.87730 1.945395
45 0.88220 1.949099
46 0.88690 1.946965
47 0.89190 1.946652
48 0.89660 1.945117
49 0.90110 1.947788
