0 0.00030 0.000000
1 0.00120 0.701955
2 0.00240 0.966015
3 0.00380 1.038774
4 0.00760 1.102349
5 0.01210 1.262111
6 0.01860 1.560513
7 0.02730 1.529469
8 0.03800 1.588532
9 0.05090 1.565303
10 0.06370 1.637382
11 0.07950 1.664145
12 0.09890 1.579477
13 0.11980 1.530373
14 0.14520 1.517802
15 0.17610 1.576882
16 0.21230 1.640686
17 0.24890 1.663555
18 0.28920 1.669967
19 0.33210 1.730104
20 0.38020 1.714993
21 0.42600 1.723709
22 0.46730 1.726126
23 0.51080 1.759489
24 0.55250 1.772755
25 0.59900 1.827990
26 0.64070 1.828493
27 0.67840 1.836941
28 0.71690 1.884463
29 0.74720 1.889134
30 0.77810 1.846157
31 0.80600 1.887169
32 0.82890 1.908772
33 0.85350 1.928646
34 0.87440 1.927695
35 0.89080 1.916714
36 0.90640 1.918806
37 0.91980 1.913733
38 0.92960 1.919391
39 0.93840 1.932890
40 0.94610 1.939030
41 0.95540 1.943637
42 0.96090 1.947672
43 0.96650 1.951004
44 0.97080 1.952283
45 0.97470 1.958112
46 0.97840 1.963571
47 0.98110 1.955692
48 0.98360 1.953086
49 0.98560 1.941666
