0 0.00030 nan
1 0.00120 inf
2 0.00240 inf
3 0.00380 inf
4 0.00760 1.982271
5 0.01210 2.143015
6 0.01860 2.332438
7 0.02730 2.265996
8 0.03800 1.965359
9 0.05090 1.997823
10 0.06370 1.994037
11 0.07950 2.056318
12 0.09890 1.943135
13 0.11980 2.006822
14 0.14520 1.938806
15 0.17610 1.854936
16 0.21230 1.883661
17 0.24890 1.877417
18 0.28920 1.890025
19 0.33210 1.893999
20 0.38020 1.908086
21 0.42600 1.910663
22 0.46730 1.918296
23 0.51080 1.936138
24 0.55250 1.936852
25 0.59900 1.934253
26 0.64070 1.931865
27 0.67840 1.945102
28 0.71690 1.960357
29 0.74720 1.962021
30 0.77810 1.964292
31 0.80600 1.976977
32 0.82890 1.979463
33 0.85350 1.983146
34 0.87440 1.982145
35 0.89080 1.985481
36 0.90640 1.980672
37 0.91980 1.978991
38 0.92960 1.981980
39 0.93840 1.982009
40 0.94610 1.979068
41 0.95540 1.980191
42 0.96090 1.982079
43 0.96650 1.982890
44 0.97080 1.985946
45 0.97470 1.987957
46 0.97840 1.987948
47 0.98110 1.990001
48 0.98360 1.989812
49 0.98560 1.989406
