0 0.04900 1.749694
1 0.09250 1.832089
2 0.13320 1.962651
3 0.17200 1.841791
4 0.20890 1.869259
5 0.24850 1.884051
6 0.28040 1.900225
7 0.31200 1.913766
8 0.34610 1.954904
9 0.37530 1.873035
10 0.40230 1.981217
11 0.43020 1.892582
12 0.45480 1.955413
13 0.48060 1.919603
14 0.50310 1.935270
15 0.52610 1.901874
16 0.54960 1.932159
17 0.57110 1.949942
18 0.59100 1.926320
19 0.60780 1.892107
20 0.62610 1.966909
21 0.64300 1.919606
22 0.66040 1.903781
23 0.67580 1.931232
24 0.69150 1.960178
25 0.70550 1.988939
26 0.71960 1.917260
27 0.73290 1.897131
28 0.74470 1.912211
29 0.75580 1.960245
30 0.76780 1.978801
31 0.77860 1.930269
32 0.79020 1.908551
33 0.80050 1.912752
34 0.81040 1.920410
35 0.81880 1.940090
36 0.82680 1.972092
37 0.83470 1.961357
38 0.84220 1.954701
39 0.85070 1.948004
40 0.85830 1.906177
41 0.86480 1.920211
42 0.87110 1.925506
43 0.87700 1.932722
44 0.88250 1.936549
45 0.88780 1.935858
46 0.89380 1.937437
47 0.89790 1.937614
48 0.90270 1.940694
49 0.90590 1.934245
