0 0.04900 inf
1 0.09250 2.183270
2 0.13320 2.122544
3 0.17200 2.199834
4 0.20890 2.135663
5 0.24850 2.088416
6 0.28040 2.081635
7 0.31200 2.088536
8 0.34610 2.036870
9 0.37530 1.986932
10 0.40230 2.017103
11 0.43020 2.033302
12 0.45480 2.020972
13 0.48060 2.014794
14 0.50310 2.019496
15 0.52610 2.014920
16 0.54960 2.012837
17 0.57110 2.013459
18 0.59100 2.000097
19 0.60780 2.003406
20 0.62610 2.005273
21 0.64300 1.999399
22 0.66040 1.999068
23 0.67580 2.003307
24 0.69150 2.001351
25 0.70550 2.005140
26 0.71960 2.016576
27 0.73290 2.022259
28 0.74470 2.024616
29 0.75580 2.025463
30 0.76780 2.029898
31 0.77860 2.032482
32 0.79020 2.029366
33 0.80050 2.025323
34 0.81040 2.029897
35 0.81880 2.025440
36 0.82680 2.019387
37 0.83470 2.023059
38 0.84220 2.023355
39 0.85070 2.019402
40 0.85830 2.018782
41 0.86480 2.019340
42 0.87110 2.021381
43 0.87700 2.022338
44 0.88250 2.020129
45 0.88780 2.018352
46 0.89380 2.019892
47 0.89790 2.017075
48 0.90270 2.016214
49 0.90590 2.017917
