0 0.00050 0.000000
1 0.00150 2.000000
2 0.00330 1.169925
3 0.00560 1.137889
4 0.00970 1.187168
5 0.01490 1.539199
6 0.02080 1.262653
7 0.02870 1.403040
8 0.03790 1.502215
9 0.05160 1.435804
10 0.06650 1.438679
11 0.08420 1.501927
12 0.10730 1.555734
13 0.13300 1.546143
14 0.16200 1.570386
15 0.18900 1.567880
16 0.22020 1.605489
17 0.25490 1.632488
18 0.29240 1.640683
19 0.33210 1.675114
20 0.37770 1.706863
21 0.41650 1.706941
22 0.45990 1.753724
23 0.50210 1.746071
24 0.54810 1.789625
25 0.59160 1.812906
26 0.62950 1.796349
27 0.66450 1.831085
28 0.69850 1.866524
29 0.73160 1.843898
30 0.76250 1.852439
31 0.78980 1.867711
32 0.81310 1.889522
33 0.83620 1.898763
34 0.85810 1.932007
35 0.87860 1.893489
36 0.89380 1.901575
37 0.90740 1.906770
38 0.92030 1.896920
39 0.93140 1.925089
40 0.93960 1.940951
41 0.94770 1.940893
42 0.95440 1.942711
43 0.96060 1.950694
44 0.96520 1.953583
45 0.97070 1.957521
46 0.97370 1.956718
47 0.97800 1.955603
48 0.98190 1.959571
49 0.98390 1.960515
