0 0.00050 nan
1 0.00150 inf
2 0.00330 inf
3 0.00560 1.633468
4 0.00970 2.029384
5 0.01490 2.000000
6 0.02080 1.889302
7 0.02870 1.840644
8 0.03790 1.882714
9 0.05160 1.826075
10 0.06650 1.884607
11 0.08420 1.897627
12 0.10730 1.924095
13 0.13300 1.966142
14 0.16200 1.899727
15 0.18900 1.904058
16 0.22020 1.921199
17 0.25490 1.931862
18 0.29240 1.924925
19 0.33210 1.925032
20 0.37770 1.925857
21 0.41650 1.934913
22 0.45990 1.938614
23 0.50210 1.946734
24 0.54810 1.936428
25 0.59160 1.936751
26 0.62950 1.945932
27 0.66450 1.952196
28 0.69850 1.956292
29 0.73160 1.958356
30 0.76250 1.962069
31 0.78980 1.956730
32 0.81310 1.958948
33 0.83620 1.965657
34 0.85810 1.969960
35 0.87860 1.968814
36 0.89380 1.972149
37 0.90740 1.974613
38 0.92030 1.979433
39 0.93140 1.978303
40 0.93960 1.981009
41 0.94770 1.985151
42 0.95440 1.985265
43 0.96060 1.986640
44 0.96520 1.987424
45 0.97070 1.988172
46 0.97370 1.987041
47 0.97800 1.990439
48 0.98190 1.992310
49 0.98390 1.992536
