0 0.04850 1.681869
1 0.09340 1.866871
2 0.13570 1.877718
3 0.17410 1.844370
4 0.21010 1.846605
5 0.24940 1.882185
6 0.28210 1.887289
7 0.31320 1.982181
8 0.34370 1.921210
9 0.37320 1.868242
10 0.40230 1.971473
11 0.42740 1.887703
12 0.45130 1.982242
13 0.47520 1.882841
14 0.50040 1.956390
15 0.51950 1.953753
16 0.53930 1.902294
17 0.56140 1.933828
18 0.58080 1.962228
19 0.59990 1.932091
20 0.61740 1.909332
21 0.63640 1.981824
22 0.65290 1.931324
23 0.67010 1.911370
24 0.68780 1.958642
25 0.70120 1.980348
26 0.71730 1.924656
27 0.72880 1.905955
28 0.74170 1.909595
29 0.75270 1.953195
30 0.76510 1.984043
31 0.77490 1.961458
32 0.78390 1.932332
33 0.79380 1.918205
34 0.80280 1.917687
35 0.81080 1.917143
36 0.81940 1.927936
37 0.82750 1.964386
38 0.83600 1.971762
39 0.84280 1.964071
40 0.85040 1.959787
41 0.85580 1.937516
42 0.86110 1.922802
43 0.86630 1.913508
44 0.87190 1.923866
45 0.87840 1.933780
46 0.88380 1.941344
47 0.89000 1.947922
48 0.89480 1.950397
49 0.89890 1.947652
