0 0.04850 1.431364
1 0.09340 1.804821
2 0.13570 1.845718
3 0.17410 1.853926
4 0.21010 1.853645
5 0.24940 1.823847
6 0.28210 1.853872
7 0.31320 1.894062
8 0.34370 1.924088
9 0.37320 1.927712
10 0.40230 1.935129
11 0.42740 1.958731
12 0.45130 1.963399
13 0.47520 1.966192
14 0.50040 1.961805
15 0.51950 1.959418
16 0.53930 1.968600
17 0.56140 1.973522
18 0.58080 1.959275
19 0.59990 1.957823
20 0.61740 1.943335
21 0.63640 1.936614
22 0.65290 1.937122
23 0.67010 1.933648
24 0.68780 1.930587
25 0.70120 1.937623
26 0.71730 1.940088
27 0.72880 1.942771
28 0.74170 1.940316
29 0.75270 1.932898
30 0.76510 1.936748
31 0.77490 1.943214
32 0.78390 1.944976
33 0.79380 1.946730
34 0.80280 1.952765
35 0.81080 1.954944
36 0.81940 1.957554
37 0.82750 1.958237
38 0.83600 1.965235
39 0.84280 1.965259
40 0.85040 1.969882
41 0.85580 1.969833
42 0.86110 1.971091
43 0.86630 1.966695
44 0.87190 1.967908
45 0.87840 1.968657
46 0.88380 1.968770
47 0.89000 1.969178
48 0.89480 1.968329
49 0.89890 1.968247
