0 0.00020 1.444944
1 0.00080 0.709916
2 0.00110 0.864972
3 0.00210 0.267418
4 0.00330 0.783852
5 0.00500 0.322674
6 0.00800 0.464585
7 0.01220 0.548861
8 0.01800 0.747116
9 0.02640 0.856929
10 0.03530 0.766475
11 0.04600 0.751986
12 0.05980 0.961643
13 0.07720 0.955827
14 0.09490 0.998520
15 0.11830 1.166677
16 0.14180 1.260691
17 0.16970 1.311390
18 0.20290 1.345173
19 0.23740 1.442001
20 0.26930 1.463147
21 0.30650 1.504564
22 0.34110 1.538527
23 0.38220 1.609309
24 0.42290 1.640025
25 0.46340 1.655499
26 0.50120 1.697048
27 0.53850 1.720417
28 0.57700 1.764398
29 0.61300 1.788369
30 0.64390 1.816623
31 0.67510 1.842952
32 0.70360 1.857060
33 0.72940 1.876426
34 0.75380 1.898145
35 0.77720 1.917364
36 0.79820 1.934580
37 0.82000 1.950458
38 0.83710 1.956848
39 0.85240 1.965792
40 0.86650 1.971674
41 0.87870 1.976807
42 0.89080 1.977878
43 0.90170 1.983909
44 0.91190 1.987898
45 0.91940 1.985993
46 0.92640 1.986569
47 0.93430 1.987146
48 0.94060 1.988954
49 0.94630 1.989383
