0 0.00020 nan
1 0.00080 inf
2 0.00110 inf
3 0.00210 1.361728
4 0.00330 1.568202
5 0.00500 1.423246
6 0.00800 1.575957
7 0.01220 1.678973
8 0.01800 1.704722
9 0.02640 1.721811
10 0.03530 1.650365
11 0.04600 1.658878
12 0.05980 1.704283
13 0.07720 1.711559
14 0.09490 1.709152
15 0.11830 1.707874
16 0.14180 1.740856
17 0.16970 1.740962
18 0.20290 1.753599
19 0.23740 1.749207
20 0.26930 1.754768
21 0.30650 1.779883
22 0.34110 1.792651
23 0.38220 1.817182
24 0.42290 1.821809
25 0.46340 1.834801
26 0.50120 1.842039
27 0.53850 1.853038
28 0.57700 1.861207
29 0.61300 1.862969
30 0.64390 1.873211
31 0.67510 1.890705
32 0.70360 1.893085
33 0.72940 1.898556
34 0.75380 1.911531
35 0.77720 1.919737
36 0.79820 1.924146
37 0.82000 1.931759
38 0.83710 1.933031
39 0.85240 1.940423
40 0.86650 1.940846
41 0.87870 1.943997
42 0.89080 1.950502
43 0.90170 1.953785
44 0.91190 1.956492
45 0.91940 1.958496
46 0.92640 1.957960
47 0.93430 1.959443
48 0.94060 1.963342
49 0.94630 1.962463
