0 0.04420 1.721151
1 0.08840 1.812515
2 0.12840 1.967593
3 0.17000 1.836073
4 0.20740 1.829331
5 0.24490 1.880316
6 0.28120 1.899464
7 0.31520 1.901303
8 0.34390 1.946329
9 0.37460 1.865677
10 0.40110 1.964459
11 0.42840 1.916057
12 0.45570 1.954128
13 0.48270 1.916071
14 0.50560 1.941727
15 0.52870 1.899345
16 0.55040 1.919877
17 0.56960 1.950825
18 0.58860 1.908641
19 0.60560 1.889880
20 0.62310 1.933642
21 0.64150 1.973234
22 0.65860 1.896501
23 0.67450 1.907174
24 0.69070 1.961237
25 0.70410 1.986093
26 0.71850 1.890547
27 0.73270 1.892940
28 0.74540 1.927743
29 0.75720 1.972356
30 0.76750 1.975226
31 0.77770 1.947791
32 0.78830 1.913980
33 0.79770 1.915572
34 0.80680 1.914009
35 0.81510 1.917064
36 0.82400 1.948845
37 0.83160 1.976685
38 0.83790 1.976164
39 0.84580 1.954940
40 0.85230 1.961054
41 0.85890 1.913363
42 0.86400 1.902296
43 0.87080 1.912544
44 0.87650 1.928585
45 0.88140 1.933646
46 0.88700 1.935665
47 0.89230 1.941177
48 0.89640 1.954672
49 0.90170 1.945666
