0 0.04420 inf
1 0.08840 1.947760
2 0.12840 2.097604
3 0.17000 2.090689
4 0.20740 2.102223
5 0.24490 1.981139
6 0.28120 1.983260
7 0.31520 2.007254
8 0.34390 2.011053
9 0.37460 2.006545
10 0.40110 2.012076
11 0.42840 1.981849
12 0.45570 1.997770
13 0.48270 1.991750
14 0.50560 1.980068
15 0.52870 1.992820
16 0.55040 1.983190
17 0.56960 1.977895
18 0.58860 1.988058
19 0.60560 1.984314
20 0.62310 1.986628
21 0.64150 1.980220
22 0.65860 1.981068
23 0.67450 1.991960
24 0.69070 1.977537
25 0.70410 1.983552
26 0.71850 1.985306
27 0.73270 1.991351
28 0.74540 1.990524
29 0.75720 1.993943
30 0.76750 1.998975
31 0.77770 2.006197
32 0.78830 2.000126
33 0.79770 2.006598
34 0.80680 2.013439
35 0.81510 2.010741
36 0.82400 2.010050
37 0.83160 2.012466
38 0.83790 2.012726
39 0.84580 2.011076
40 0.85230 2.008846
41 0.85890 2.012020
42 0.86400 2.011135
43 0.87080 2.012454
44 0.87650 2.013755
45 0.88140 2.018649
46 0.88700 2.019785
47 0.89230 2.019537
48 0.89640 2.015797
49 0.90170 2.016208
