0 0.00180 0.000000
1 0.00970 0.173330
2 0.02220 0.330933
3 0.04030 0.610187
4 0.06500 0.729216
5 0.09610 0.901490
6 0.13130 1.075820
7 0.17410 1.258608
8 0.21530 1.402156
9 0.26020 1.502789
10 0.30480 1.600474
11 0.35010 1.701081
12 0.39420 1.762932
13 0.43410 1.822045
14 0.47200 1.860945
15 0.50900 1.882523
16 0.54590 1.907557
17 0.57970 1.928790
18 0.61240 1.946067
19 0.63930 1.956518
20 0.66610 1.963566
21 0.69560 1.967825
22 0.72060 1.973791
23 0.74080 1.983180
24 0.75870 1.986472
25 0.77560 1.989428
26 0.79370 1.991082
27 0.80830 1.993097
28 0.82390 1.993860
29 0.83570 1.997111
30 0.84860 1.997111
31 0.86210 1.995867
32 0.87380 1.994784
33 0.88220 1.995867
34 0.89210 1.997673
35 0.90040 1.999478
36 0.90840 1.999478
37 0.91650 2.000558
38 0.92220 2.001637
39 0.92760 2.001637
40 0.93390 2.001637
41 0.94040 2.000395
42 0.94400 2.001474
43 0.94770 2.001474
44 0.95160 2.001474
45 0.95460 2.001474
46 0.95840 2.001474
47 0.96190 2.002552
48 0.96400 2.002552
49 0.96680 2.002552
