0 0.00180 nan
1 0.00970 1.230449
2 0.02220 1.028029
3 0.04030 1.119053
4 0.06500 1.217484
5 0.09610 1.335184
6 0.13130 1.412880
7 0.17410 1.423892
8 0.21530 1.483933
9 0.26020 1.506977
10 0.30480 1.547825
11 0.35010 1.581839
12 0.39420 1.613051
13 0.43410 1.631971
14 0.47200 1.658190
15 0.50900 1.689640
16 0.54590 1.717111
17 0.57970 1.734476
18 0.61240 1.748794
19 0.63930 1.769161
20 0.66610 1.783178
21 0.69560 1.800856
22 0.72060 1.816927
23 0.74080 1.827181
24 0.75870 1.834656
25 0.77560 1.842797
26 0.79370 1.855657
27 0.80830 1.861474
28 0.82390 1.870751
29 0.83570 1.876408
30 0.84860 1.885432
31 0.86210 1.891908
32 0.87380 1.897262
33 0.88220 1.901751
34 0.89210 1.908295
35 0.90040 1.915203
36 0.90840 1.922067
37 0.91650 1.928825
38 0.92220 1.931315
39 0.92760 1.933664
40 0.93390 1.937448
41 0.94040 1.942410
42 0.94400 1.945331
43 0.94770 1.948074
44 0.95160 1.950033
45 0.95460 1.951432
46 0.95840 1.954314
47 0.96190 1.956845
48 0.96400 1.958259
49 0.96680 1.960472
