Population with N=1000 and n=0.011
Count,State,LocactionX,LocationY
0,0,2.4142,3.1460
1,0,2.6515,2.3969
2,0,1.8636,2.8412
3,0,1.9249,3.9228
4,0,4.2390,1.6867
5,0,3.4827,2.3265
6,0,2.4987,4.0716
7,0,0.3125,0.3833
8,0,0.0889,3.6626
9,0,3.4230,3.8271
10,0,4.3048,3.5154
11,0,2.0300,3.4334
12,0,0.5203,2.8149
13,0,0.6306,4.1555
14,0,2.2955,1.8240
15,0,1.1637,3.4057
16,0,2.0065,2.5005
17,0,0.0827,2.7169
18,0,2.6925,2.7138
19,0,4.1514,2.9992
20,0,1.5814,1.9224
21,0,3.0688,0.2649
22,0,2.9330,2.9500
23,0,0.9254,0.5671
24,0,1.3875,1.5999
25,0,2.5082,1.9293
26,0,4.3477,0.4489
27,0,0.9188,0.7096
28,0,2.8729,1.1142
29,0,2.0512,1.0752
30,0,0.6993,0.4855
31,0,2.8871,0.6078
32,1,0.8647,1.6220
33,0,3.6114,0.4271
34,0,3.6860,0.4227
35,0,4.2953,2.0615
36,0,4.2966,2.6606
37,0,3.2519,0.1724
38,0,1.2440,0.5287
39,0,1.3027,0.5223
40,0,1.3988,1.8223
41,0,0.2822,3.0461
42,0,2.4924,1.1674
43,0,2.3017,0.4132
44,0,2.5335,4.0878
45,0,1.4013,2.9358
46,0,0.5798,3.1510
47,0,1.2731,0.8058
48,0,2.5800,0.0885
49,0,3.6464,0.0207
50,0,2.9816,1.1877
51,0,3.2340,4.2325
52,0,1.0942,2.5344
53,0,2.6043,2.5173
54,0,0.9813,4.1910
55,1,1.9668,3.7232
56,0,3.0769,1.3084
57,0,3.5798,1.7442
58,0,3.8758,2.5569
59,0,3.8786,3.0463
60,0,3.1903,2.2053
61,0,4.2057,2.8328
62,0,1.8645,2.6674
63,0,0.0844,1.3266
64,0,2.9040,1.2760
65,0,2.7186,1.8861
66,0,0.5959,1.3121
67,0,2.5072,2.5992
68,0,2.5264,2.8733
69,0,2.8685,1.8977
70,0,3.9438,1.6169
71,0,1.9173,3.9234
72,0,3.5463,3.0963
73,0,0.4409,4.0447
74,0,3.1418,4.3938
75,0,0.6574,3.8188
76,0,0.7148,2.7078
77,0,0.5447,3.7303
78,0,3.5513,2.5034
79,0,1.7911,0.3043
80,0,3.0679,1.9951
81,0,3.1762,3.8111
82,0,4.2912,3.7646
83,0,0.0515,1.5835
84,0,3.2111,0.7550
85,0,2.2920,0.2390
86,0,0.8798,0.0815
87,0,3.4914,0.9850
88,0,1.5192,4.0825
89,0,3.0986,0.1401
90,0,0.7245,2.7338
91,0,2.5391,1.0465
92,0,4.1095,2.7007
93,0,2.3562,2.5949
94,0,3.2117,1.3722
95,0,1.7517,0.9231
96,0,0.8190,4.1542
97,0,3.2532,2.1575
98,0,1.0004,1.1189
99,0,0.2553,1.9109
100,0,1.3715,3.0631
101,0,1.6617,0.7901
102,0,0.1086,0.2958
103,0,2.9886,1.9957
104,0,2.3603,3.9443
105,0,4.3564,0.9541
106,0,2.9168,1.1583
107,0,0.0908,3.3360
108,0,1.4077,1.6868
109,0,2.5879,3.6557
110,0,2.7668,3.8387
111,0,1.2033,3.5105
112,0,0.8166,4.1912
113,0,3.0242,0.9480
114,0,4.1673,3.2149
115,0,1.1171,0.9383
116,0,2.2795,0.1129
117,0,0.9126,1.8681
118,0,1.6459,2.0392
119,0,1.2212,2.5812
120,0,3.8000,0.5170
121,0,2.2759,0.5809
122,0,3.1534,1.7422
123,0,2.4872,0.8062
124,0,0.6372,2.1469
125,0,1.5643,4.1368
126,0,3.3666,3.2933
127,0,3.9753,0.3670
128,0,2.4290,2.5710
129,0,4.2314,1.2851
130,0,1.0594,0.4412
131,0,0.0723,4.0889
132,0,2.9469,3.4538
133,0,1.2393,2.5795
134,0,0.2813,2.1362
135,0,4.2999,3.8556
136,0,1.4875,4.2298
137,0,1.0192,4.1759
138,0,4.1410,3.5156
139,0,2.7733,3.8459
140,0,1.2890,3.7344
141,0,2.7180,0.0582
142,0,1.5274,0.6517
143,0,4.3189,2.1043
144,0,2.1880,2.8129
145,0,1.6214,0.6022
146,0,3.6164,0.8351
147,0,2.2492,0.9867
148,0,0.4304,3.7927
149,0,4.2797,4.2266
150,0,3.9878,3.4049
151,0,1.4655,0.3568
152,0,1.7914,1.0216
153,0,0.5828,0.2350
154,1,3.1918,0.0503
155,0,3.3897,0.6464
156,0,0.3498,0.3942
157,0,2.9562,1.0793
158,0,1.8499,2.4518
159,0,3.7854,3.1982
160,0,1.1891,0.5784
161,0,0.2436,1.3267
162,0,1.1530,2.0065
163,0,3.0057,3.0600
164,0,1.2472,1.6712
165,0,0.7969,3.4687
166,0,0.2501,3.0660
167,0,3.4254,3.4197
168,0,1.1412,1.6444
169,0,2.5848,1.2001
170,0,1.6313,0.8668
171,0,2.0228,0.1962
172,0,3.5182,0.3385
173,0,2.2823,1.3496
174,0,2.5405,4.2204
175,0,2.8398,0.1556
176,0,1.8933,2.2435
177,0,2.3586,2.9973
178,0,1.2211,0.5668
179,0,1.7273,4.2071
180,0,0.8232,3.9765
181,0,2.3921,2.0099
182,0,3.8800,2.0173
183,0,3.1855,1.7553
184,0,3.9768,3.0353
185,0,3.0775,1.4416
186,0,3.3290,2.7979
187,0,1.0558,0.7062
188,0,3.5032,4.2192
189,0,2.0153,2.5997
190,0,3.7730,2.0113
191,0,4.1872,2.5326
192,0,3.6104,3.9979
193,0,3.5874,0.7012
194,0,2.7664,1.7527
195,0,0.2759,1.8653
196,0,1.1379,3.7348
197,0,0.1465,4.2184
198,0,1.5632,1.5691
199,0,0.0718,0.8148
200,0,1.7651,4.0878
201,0,0.4382,4.1582
202,0,3.8248,1.9978
203,0,1.4371,1.0238
204,0,2.7029,0.1455
205,0,0.0686,1.8862
206,0,0.2994,1.1083
207,0,0.9729,1.1138
208,0,0.5765,0.0529
209,0,0.5080,2.7206
210,0,4.2856,4.3564
211,0,1.7994,0.7168
212,0,2.8098,2.1568
213,0,4.3523,0.2873
214,0,3.4453,1.2686
215,0,1.0620,2.9143
216,0,1.0824,2.9290
217,0,2.2756,1.8655
218,0,2.4400,1.2627
219,0,3.1081,1.8249
220,0,1.5860,3.6451
221,0,4.0688,0.2024
222,0,1.0233,1.5331
223,0,3.5849,4.3350
224,0,4.2624,3.9807
225,0,1.3045,4.3637
226,0,1.0972,0.4659
227,0,4.1831,1.0268
228,0,3.0342,0.2567
229,0,3.2143,3.8786
230,0,1.1984,1.6674
231,0,1.6465,3.2938
232,0,1.0461,0.7560
233,0,1.9764,1.3393
234,0,3.6915,1.0458
235,0,2.2099,4.1463
236,0,2.7889,3.8151
237,0,4.1359,3.3025
238,0,3.0773,4.2579
239,0,4.3742,1.9875
240,0,0.3117,1.2880
241,0,0.6702,1.8365
242,0,0.5775,2.6574
243,1,1.6839,3.9387
244,0,4.2572,2.4057
245,0,1.2089,2.6051
246,0,3.9447,1.7892
247,0,2.4285,1.1950
248,0,2.0034,1.7671
249,0,1.0927,2.2252
250,0,1.3653,1.6409
251,0,2.3093,3.3018
252,0,1.4671,4.0652
253,0,3.7932,0.2142
254,0,1.1157,1.9625
255,0,0.4602,1.5329
256,0,3.2556,2.9935
257,0,2.7378,3.1255
258,0,0.9014,1.5031
259,0,2.9747,3.8676
260,0,2.3916,1.2436
261,0,0.1330,3.1247
262,0,0.0347,1.6394
263,0,2.3338,4.0562
264,0,0.3937,1.7857
265,0,0.1070,1.5071
266,0,2.7371,1.2276
267,0,0.9227,0.5090
268,0,2.5388,3.0584
269,0,2.9558,4.1739
270,0,0.0119,2.8469
271,0,2.6410,2.5898
272,0,4.2351,0.0742
273,0,3.0637,3.5793
274,0,2.2426,1.4691
275,0,3.4788,0.4278
276,0,1.9445,2.2872
277,0,3.0526,0.3998
278,0,1.0019,1.8049
279,0,2.7418,3.9016
280,0,2.7221,0.5871
281,0,4.3134,3.8349
282,0,2.2114,4.0573
283,0,2.3815,4.0615
284,0,3.6506,4.2594
285,0,4.0460,0.1585
286,0,0.7688,1.7117
287,0,4.1883,1.3198
288,0,0.7059,3.8987
289,0,1.9636,3.9936
290,0,0.7048,2.9082
291,0,1.9367,0.3365
292,0,3.0636,1.0883
293,0,0.1743,0.2637
294,0,0.2687,3.9930
295,0,3.2546,3.9504
296,0,2.9586,2.3267
297,0,1.3392,4.3899
298,0,1.5932,2.0703
299,0,1.6638,4.3088
300,0,0.7683,1.4428
301,0,2.9928,0.2780
302,0,2.6712,2.1011
303,0,1.2493,1.0487
304,0,2.2633,1.6185
305,0,2.0082,1.4845
306,0,4.2691,0.5870
307,0,0.4258,1.5105
308,0,2.5998,2.8996
309,0,1.7475,4.3957
310,0,1.5479,3.1734
311,0,2.8046,3.5765
312,0,4.2943,3.9141
313,0,3.3632,3.0715
314,0,1.4758,0.6496
315,0,0.2755,1.0641
316,0,1.9015,2.2962
317,0,3.4007,4.2174
318,0,0.5161,0.4707
319,0,2.5940,3.2789
320,0,3.7309,4.1166
321,0,4.3260,1.7587
322,0,1.6730,0.6502
323,0,3.0129,2.8890
324,0,3.7921,0.4278
325,0,2.1897,2.5561
326,0,1.0626,0.7435
327,0,3.7812,0.2575
328,0,2.0702,0.5095
329,0,2.0105,4.3107
330,0,1.8638,3.7704
331,0,0.5161,1.1932
332,0,1.7762,1.7587
333,0,2.9533,1.5164
334,0,3.1398,2.8117
335,0,1.7559,1.8993
336,0,2.7032,0.3081
337,0,3.6177,2.8743
338,0,3.1951,2.3618
339,0,0.4860,1.7817
340,0,1.7832,1.4122
341,0,0.1317,3.2431
342,0,0.4829,2.6671
343,0,3.0934,2.7923
344,0,4.2191,0.4544
345,0,3.8145,0.1284
346,0,2.3530,1.7782
347,0,2.3058,1.6060
348,0,0.8383,0.0841
349,1,2.2793,3.7073
350,0,1.6417,0.9803
351,0,0.3542,0.3753
352,0,0.9739,0.4399
353,0,1.1659,0.2910
354,0,0.2886,3.7666
355,0,0.7131,2.4620
356,0,3.4023,2.0077
357,0,0.6746,0.8780
358,0,1.9046,2.3236
359,0,1.5371,3.4376
360,0,3.3036,4.0787
361,0,0.1274,3.9400
362,0,1.7269,3.8638
363,0,3.0387,4.3432
364,0,3.3400,1.6036
365,0,2.2041,1.6557
366,0,1.6052,1.1477
367,0,2.1817,2.9989
368,0,1.2200,2.3067
369,0,0.5163,0.7031
370,0,0.2059,4.2701
371,0,0.0170,0.7855
372,0,2.6959,0.3579
373,0,3.8793,3.1655
374,0,4.2510,2.2330
375,0,1.3214,2.4172
376,0,4.0945,2.2908
377,0,1.1754,3.8596
378,0,1.6360,0.0061
379,0,1.0895,1.3999
380,0,3.7776,2.0169
381,0,1.9557,1.4785
382,0,3.8740,4.1570
383,0,4.3632,1.6572
384,0,4.2499,3.4834
385,0,2.9723,1.0772
386,0,0.9522,0.7304
387,0,4.0591,1.2936
388,0,1.9931,2.1729
389,0,3.4231,3.7137
390,0,0.6118,1.8779
391,0,3.7076,3.5984
392,0,0.4505,0.6879
393,0,1.3381,0.3315
394,0,1.8680,0.4734
395,0,2.4995,1.0846
396,0,2.6236,0.5170
397,0,4.2928,4.1022
398,0,1.7235,1.0653
399,0,1.1015,2.1264
400,0,0.1759,2.8140
401,0,1.7961,1.6602
402,0,3.5603,3.1189
403,0,4.1980,1.5481
404,0,3.9482,3.3870
405,0,1.5723,2.7346
406,0,1.2694,3.8464
407,0,0.4946,0.9345
408,0,0.8051,1.7729
409,0,3.2782,2.3178
410,0,2.1452,0.0024
411,0,1.8713,0.2796
412,0,0.9161,4.1015
413,0,0.9475,3.7757
414,0,3.5318,0.7001
415,0,2.6644,0.5088
416,0,3.2019,2.8041
417,0,3.5716,2.1087
418,0,4.0244,0.2171
419,0,1.2884,3.1454
420,0,1.8392,0.7608
421,0,0.4716,3.5954
422,0,2.0813,3.8810
423,0,3.2256,1.8023
424,0,1.6430,2.2682
425,0,3.9108,3.2432
426,0,0.0227,3.0535
427,0,4.0448,3.1252
428,1,0.7786,2.1269
429,0,0.6172,1.5792
430,0,4.1222,4.0615
431,0,1.2442,1.4940
432,0,2.6403,4.2370
433,0,0.6502,1.1301
434,0,3.8427,2.1638
435,0,3.9544,0.8161
436,0,2.3431,1.4352
437,0,1.3924,1.9657
438,0,1.9050,1.5719
439,0,4.0248,3.2188
440,0,3.2004,1.2753
441,0,2.5413,3.4275
442,0,3.4997,1.5155
443,0,3.3910,3.2371
444,0,0.6225,3.8092
445,0,1.9413,2.1397
446,0,1.9723,2.4979
447,0,2.7324,2.1914
448,0,3.8129,2.7613
449,0,1.7658,1.8330
450,0,3.5668,1.5316
451,0,0.9302,0.2612
452,0,3.8535,4.0406
453,0,0.5284,1.4713
454,0,0.7714,0.5098
455,0,3.9584,0.2502
456,0,4.3130,0.4243
457,0,3.7983,2.4920
458,0,1.6184,1.5059
459,0,3.3315,1.3838
460,0,2.8915,2.2756
461,0,2.1333,3.9641
462,0,2.4398,3.6372
463,0,3.1917,0.1696
464,0,3.4008,0.9540
465,0,3.9728,0.1888
466,0,1.4651,0.4387
467,0,2.0920,3.6072
468,0,1.3117,0.6639
469,0,1.4528,3.5801
470,0,0.6175,1.0001
471,0,0.3029,3.1043
472,0,1.7386,1.3673
473,0,3.1611,1.4779
474,0,3.2014,3.5859
475,0,0.9575,4.2837
476,0,0.7142,1.2794
477,0,0.7909,1.5198
478,0,2.1117,2.2970
479,0,3.7549,3.9126
480,0,0.9682,2.7400
481,0,0.4905,2.0189
482,0,1.4179,1.3922
483,0,2.1228,3.2104
484,0,0.3043,3.8674
485,0,3.2323,0.7764
486,0,4.1312,2.2272
487,0,4.3980,0.8677
488,0,2.3530,1.2768
489,0,1.3380,2.6000
490,0,4.0545,3.5422
491,0,3.1845,2.4597
492,0,4.0571,2.1658
493,0,3.8439,3.6686
494,0,0.9406,3.3925
495,0,0.0535,1.4201
496,0,1.0098,2.2296
497,0,3.2413,0.4297
498,0,2.2651,4.1279
499,0,1.0058,2.9786
500,0,2.6080,0.0443
501,0,2.0931,3.1178
502,0,0.1934,3.8689
503,0,2.2878,0.1349
504,0,0.9872,4.1951
505,0,2.5615,0.4728
506,0,1.2649,2.0090
507,0,0.0922,1.8106
508,0,2.1531,1.0719
509,0,2.5893,3.3134
510,0,1.0374,2.7295
511,0,2.8136,4.1725
512,0,3.4235,3.7318
513,0,2.1573,0.8153
514,0,4.3805,0.5690
515,0,2.0739,0.2995
516,0,4.1519,4.2446
517,0,3.1645,1.5396
518,0,1.1190,1.1670
519,0,0.5599,2.3130
520,0,0.6238,1.3933
521,0,2.7568,3.2004
522,0,0.1068,1.8920
523,0,2.8686,3.7533
524,0,2.0909,4.2634
525,0,1.1685,0.0594
526,0,2.1280,1.1266
527,0,3.6234,1.0239
528,0,1.3664,3.4805
529,0,3.1458,2.4548
530,0,3.1010,1.8415
531,0,0.0234,0.0499
532,0,2.2488,0.3664
533,0,0.2247,4.2472
534,0,3.7786,0.6687
535,0,0.0029,4.1423
536,0,1.2243,0.8177
537,0,3.0418,0.4791
538,0,1.1642,4.2893
539,0,2.8129,2.2904
540,0,1.7504,3.4069
541,0,0.6201,4.2552
542,0,3.7880,2.7170
543,0,0.1887,3.0830
544,0,4.0174,2.3075
545,0,1.5582,0.5291
546,0,3.3207,3.8931
547,0,0.4410,3.3387
548,0,0.0750,4.2539
549,0,2.7056,2.4301
550,0,1.3018,4.0878
551,0,1.1697,3.6429
552,0,4.3334,3.4461
553,0,2.2830,0.2907
554,0,2.0781,1.9278
555,0,0.8921,1.8633
556,0,1.5737,0.7200
557,0,1.9415,1.1560
558,0,2.2965,0.1547
559,0,3.9864,3.5911
560,0,2.4307,3.7470
561,0,4.2334,0.4862
562,0,2.7749,4.3900
563,0,4.3456,2.6539
564,0,0.5631,2.5654
565,0,0.0091,0.8750
566,0,4.2059,1.4536
567,0,2.8082,1.2355
568,0,4.1693,3.2048
569,0,1.4501,3.4828
570,0,0.4758,1.7258
571,0,0.9731,3.0076
572,0,0.4506,1.7465
573,0,1.2169,2.2273
574,0,1.5392,3.1074
575,0,0.1081,2.7888
576,0,1.0143,1.1820
577,0,3.5202,4.2034
578,0,1.3925,3.6370
579,0,0.4574,2.7888
580,0,3.3037,0.6861
581,0,1.8739,3.9269
582,0,0.4556,0.0796
583,0,2.5979,1.9158
584,0,3.5133,4.0622
585,0,1.3159,1.7085
586,0,2.1390,2.5872
587,0,4.3278,3.0675
588,0,1.7136,1.1603
589,0,4.1553,0.5963
590,0,3.1683,4.0707
591,0,2.9238,1.8610
592,0,0.8753,1.6165
593,0,3.1094,2.8572
594,0,4.0820,3.8132
595,0,3.5901,4.0093
596,0,1.2156,1.6255
597,0,1.6711,2.4653
598,0,2.9394,1.2612
599,0,0.0856,1.7561
600,0,1.3572,4.1445
601,0,3.9074,3.7844
602,0,2.8725,1.5145
603,0,2.4143,3.5861
604,0,0.4338,3.5238
605,0,0.1811,3.5913
606,0,3.5524,0.2244
607,0,2.7588,2.2102
608,0,0.7470,0.6527
609,0,3.4015,2.4972
610,0,4.3241,4.3208
611,0,4.3666,0.5218
612,0,4.1273,1.0758
613,0,2.0156,3.3317
614,0,0.8957,2.4911
615,0,0.8174,0.4607
616,0,0.5127,1.5732
617,0,0.0205,1.8689
618,0,2.9217,1.7670
619,0,0.3774,0.2758
620,0,1.2234,0.7448
621,0,4.2453,0.6652
622,0,3.5431,2.5782
623,0,2.5042,2.2526
624,0,4.2746,1.6005
625,0,3.4659,2.4427
626,0,1.7403,4.2030
627,0,2.6319,0.5231
628,0,1.8367,3.4381
629,0,3.0517,4.0309
630,0,1.1410,3.3352
631,0,2.0229,2.5232
632,0,4.2011,4.3077
633,0,3.7900,1.5796
634,0,3.9049,2.8092
635,0,1.8915,0.1572
636,0,3.3877,2.2087
637,0,3.4583,3.2904
638,0,3.4908,1.3225
639,0,3.5226,2.4143
640,0,2.0821,2.9698
641,0,0.0940,0.4501
642,0,1.2852,4.3240
643,0,0.6147,1.4542
644,0,0.2246,1.4572
645,0,1.4091,4.1649
646,0,3.7177,1.6837
647,0,0.1090,3.6556
648,0,2.9056,0.6702
649,0,4.3816,0.4409
650,0,3.8143,1.2944
651,0,1.9151,3.4991
652,0,2.9803,4.1255
653,0,2.7323,0.4303
654,0,3.8902,3.3834
655,0,3.1314,0.2364
656,0,1.7429,0.7365
657,0,3.6154,3.0815
658,0,3.8845,4.2518
659,0,3.4080,4.3735
660,0,2.7043,0.1633
661,0,0.0627,1.5049
662,0,3.6223,3.8100
663,0,4.2265,0.2865
664,0,0.1961,4.0174
665,0,1.3419,2.4545
666,0,4.3216,1.7615
667,0,2.9291,1.7634
668,0,3.3792,2.3213
669,0,1.0448,1.1934
670,0,1.1352,2.3416
671,0,3.0932,4.1757
672,0,3.0532,3.4364
673,0,0.7431,1.6454
674,1,1.8202,3.0193
675,0,1.3016,1.3341
676,0,1.5655,3.5644
677,0,2.5407,0.3311
678,0,0.3442,1.6332
679,0,3.3721,3.0294
680,0,3.1143,3.3748
681,0,1.2631,2.4117
682,0,2.3901,3.2535
683,0,4.2091,1.2228
684,0,3.4895,2.9031
685,0,2.5524,3.4086
686,0,4.1527,0.1614
687,0,0.6484,3.3268
688,0,0.3686,2.2704
689,0,0.9671,1.2066
690,0,3.0873,0.1328
691,0,3.8416,1.9552
692,0,2.2100,2.3756
693,0,2.8397,1.5170
694,1,0.4448,1.4005
695,0,0.7396,2.4464
696,0,1.3990,4.2144
697,0,4.2481,2.7278
698,0,2.7163,4.3345
699,0,3.9030,3.3654
700,0,1.3794,1.6080
701,0,0.8853,2.1429
702,0,4.3565,4.0124
703,0,0.5206,0.1108
704,0,3.9530,2.3629
705,0,0.8806,2.9633
706,0,2.8338,0.5370
707,0,1.1419,0.2643
708,0,0.9231,0.5820
709,0,0.8500,3.0153
710,0,0.2177,0.4480
711,0,0.5902,1.3924
712,0,1.3142,1.1220
713,0,3.3015,4.3902
714,0,2.3489,4.1534
715,0,1.7446,0.4693
716,0,1.7981,1.3026
717,0,2.1704,2.8902
718,0,2.0281,4.1136
719,0,3.8920,3.0879
720,0,2.1541,0.5793
721,0,1.7464,3.0986
722,0,1.2532,0.4574
723,0,3.9937,3.1190
724,0,2.7065,3.4861
725,0,3.6759,2.1267
726,0,3.8762,4.0312
727,0,1.1945,2.6725
728,0,2.3164,2.3663
729,0,4.1246,1.3425
730,0,4.3260,3.9683
731,0,2.0179,3.5959
732,0,3.3829,2.9820
733,0,1.4069,0.8642
734,0,2.9540,3.7081
735,0,0.0715,2.8276
736,0,1.9481,3.9506
737,0,1.4141,2.0859
738,0,2.2644,0.6178
739,0,3.1359,3.6531
740,0,0.2547,1.2818
741,0,0.1674,4.2077
742,0,2.9348,4.2414
743,0,2.3380,3.5282
744,0,1.6470,1.5564
745,0,1.6639,2.8938
746,0,1.5812,3.9606
747,0,4.3253,0.1338
748,0,0.8517,0.4938
749,0,0.1864,1.0018
750,0,1.9654,3.6818
751,0,0.9758,2.1728
752,0,4.0893,2.9350
753,0,3.5106,2.4237
754,0,4.3129,2.5894
755,0,0.2002,0.8709
756,0,1.7805,2.6449
757,0,3.3956,1.8171
758,0,3.1234,3.4745
759,0,1.3956,4.3077
760,0,2.8577,3.8754
761,0,2.4455,3.2622
762,0,3.3895,3.9953
763,0,0.6614,2.4558
764,0,1.8844,4.0608
765,0,0.4623,4.3222
766,0,3.8510,0.3248
767,0,2.1597,3.1564
768,0,3.2470,3.9875
769,0,3.5185,1.3677
770,0,2.1925,3.0871
771,0,0.6090,0.8533
772,0,2.1160,1.3119
773,0,3.7943,2.5790
774,0,1.5337,3.7339
775,0,3.5405,4.3916
776,0,3.7272,1.8231
777,0,0.5608,3.6979
778,0,0.2629,1.5408
779,0,4.0458,4.2263
780,0,2.8178,3.0293
781,0,0.1868,2.2631
782,0,2.4056,1.4961
783,0,0.3017,1.0069
784,0,1.5747,1.9141
785,0,2.5994,3.1777
786,0,1.3972,1.4470
787,0,0.0866,0.1798
788,0,1.1341,3.2562
789,0,2.7639,3.3862
790,0,3.3824,3.7679
791,0,3.1686,4.3065
792,0,3.9538,2.5809
793,0,2.5872,0.1507
794,0,4.3924,0.5788
795,0,3.2567,3.6115
796,0,1.6410,0.8659
797,0,0.4344,3.2930
798,0,1.9912,3.1395
799,0,4.0267,0.6448
800,0,4.0433,1.8107
801,0,1.3428,4.1484
802,1,4.3577,0.8749
803,0,2.8893,0.4685
804,0,2.8633,3.6392
805,0,3.0110,1.8358
806,0,1.6851,1.7293
807,0,2.5941,3.8779
808,0,4.0868,0.2355
809,0,0.7989,0.4937
810,0,0.8505,1.5247
811,0,2.2282,2.7689
812,0,3.2206,3.9155
813,0,4.3509,2.9158
814,0,3.7186,3.4225
815,0,1.3528,3.8520
816,0,0.1881,0.0016
817,0,1.2041,2.0327
818,0,2.8081,0.4477
819,0,2.9605,3.5271
820,0,0.8152,1.8261
821,0,2.2873,1.9874
822,0,3.5183,4.2252
823,0,3.5145,0.3431
824,0,3.5408,0.2929
825,0,1.0380,0.6735
826,0,0.8689,2.3240
827,0,2.9547,2.0689
828,0,4.2216,1.0570
829,0,3.3569,3.8278
830,0,2.4724,2.0069
831,0,2.6225,1.8863
832,0,2.4422,1.8340
833,0,1.7616,3.0587
834,0,0.4084,0.7326
835,0,3.7443,3.3919
836,0,1.2381,1.6596
837,0,4.0735,3.5986
838,0,2.7024,0.9743
839,0,0.1947,1.8970
840,0,2.9588,3.6444
841,0,3.7509,0.1442
842,0,1.0740,1.4916
843,0,0.8302,3.5322
844,0,3.3760,2.2735
845,0,4.3238,0.6337
846,0,3.9574,0.5123
847,0,0.7178,3.0626
848,0,0.4820,2.4891
849,0,1.8485,3.2045
850,0,3.9619,3.3866
851,0,3.7377,0.1449
852,0,1.3645,2.2673
853,0,1.8297,1.0173
854,0,1.3543,4.1588
855,0,1.2941,1.5568
856,1,0.0163,3.7174
857,0,0.6811,0.8980
858,0,1.1229,3.8913
859,0,0.9082,3.5082
860,0,3.5545,4.0778
861,0,0.5083,0.9558
862,0,3.2679,0.8622
863,0,1.2595,0.7335
864,0,0.7597,2.1183
865,0,0.4825,1.4151
866,0,1.8765,0.1080
867,0,1.7082,0.4140
868,0,2.1712,3.6323
869,0,3.6001,0.3539
870,0,2.6447,3.6712
871,0,1.0468,3.3516
872,0,3.9183,3.5460
873,0,0.4720,0.0399
874,0,0.8434,1.1898
875,0,2.7105,1.6904
876,0,3.0942,1.5531
877,0,0.6793,1.3755
878,0,3.8900,4.2164
879,0,0.9128,3.4684
880,0,1.2024,3.9024
881,0,0.7282,2.9295
882,0,0.3704,4.2840
883,0,3.0820,3.7030
884,0,2.4927,2.0974
885,0,2.7356,2.3259
886,0,2.0648,3.3407
887,0,0.7839,0.7530
888,0,1.8996,1.4109
889,0,0.3261,3.7147
890,0,3.3942,2.3926
891,0,4.3079,0.3194
892,0,3.3725,1.1717
893,0,1.6214,0.9646
894,0,3.4709,0.6345
895,0,3.6951,2.9102
896,0,0.2596,3.5674
897,0,2.7614,3.9809
898,0,3.2935,2.4683
899,0,3.6799,1.2231
900,0,2.4060,1.2916
901,0,4.2590,0.9950
902,0,0.0692,1.4334
903,0,2.2105,0.1248
904,0,2.4601,3.8458
905,0,3.1000,2.7403
906,0,4.2051,4.2153
907,0,3.6258,2.6734
908,0,2.1456,0.0586
909,0,2.6669,4.3509
910,0,3.5987,1.4983
911,0,0.6688,3.4490
912,0,3.2725,4.2539
913,0,3.8483,2.4443
914,0,0.4455,2.1269
915,0,1.3799,2.2540
916,0,1.3271,3.7910
917,0,3.7141,1.3877
918,0,2.6375,1.8923
919,0,3.9990,0.8242
920,0,3.0692,4.2685
921,0,0.7710,0.8884
922,0,3.0516,3.4274
923,1,2.1579,2.6819
924,0,0.9356,2.0966
925,0,0.4930,1.4139
926,0,1.2527,1.9558
927,0,4.0915,0.7974
928,0,1.7657,2.7079
929,0,4.1638,0.5857
930,0,4.0376,0.3565
931,0,2.1147,1.9997
932,0,0.9220,1.5284
933,0,1.9978,3.8059
934,0,4.2012,2.2827
935,0,3.8274,2.6753
936,0,1.5356,0.8542
937,0,1.8173,2.2998
938,0,0.1955,0.6415
939,0,2.6401,0.9898
940,0,3.6833,1.4382
941,0,0.4612,0.3674
942,0,4.1223,0.5192
943,0,0.6198,3.7947
944,0,1.1186,2.9294
945,0,3.5927,2.6709
946,0,4.2119,3.1183
947,0,0.4960,2.4564
948,0,3.1592,3.5277
949,0,0.1158,3.1622
950,0,3.6321,3.2852
951,0,2.2538,2.0148
952,0,2.4168,3.0996
953,0,4.0598,2.7143
954,0,3.9055,3.0847
955,0,0.3006,2.2031
956,0,1.2602,1.2544
957,0,1.5657,1.3845
958,0,2.5452,3.0071
959,0,1.1822,0.5708
960,0,0.2587,2.5327
961,0,0.8188,0.0407
962,0,4.0811,2.3628
963,0,0.4067,3.7079
964,0,4.3250,1.9733
965,0,0.1869,0.5171
966,0,1.6788,3.8953
967,0,0.6512,3.6246
968,0,0.0659,2.0120
969,0,2.8346,0.2656
970,0,2.7043,4.1543
971,0,0.7050,3.2095
972,0,2.6793,0.8143
973,0,0.0273,0.0408
974,0,2.3406,4.1472
975,0,2.8342,3.1421
976,0,2.1724,2.5596
977,0,0.5559,3.8570
978,0,3.3466,4.3909
979,0,1.3096,0.9986
980,0,0.5506,4.2414
981,0,3.4350,0.7316
982,0,2.4312,1.8201
983,0,0.6664,0.7129
984,0,4.2382,1.3415
985,0,4.1413,0.3326
986,0,2.0270,0.5702
987,0,0.0211,2.4359
988,0,0.5010,3.1761
989,0,3.0709,0.7757
990,0,4.1426,3.1718
991,0,1.3107,3.1198
992,0,3.2197,1.5054
993,0,1.6522,1.5797
994,0,2.7124,3.9608
995,0,0.7619,3.8499
996,0,0.1216,2.9047
997,0,1.8231,3.4807
998,0,3.1724,2.1119
999,0,2.8323,2.2072
