1.006955550056718884e+00 1.630000000000000000e+02
1.078480431694451624e+00 1.410000000000000000e+02
1.155085784553584238e+00 1.380000000000000000e+02
1.237132478687172688e+00 1.180000000000000000e+02
1.325007017045207514e+00 9.800000000000000000e+01
1.419123356200382435e+00 8.000000000000000000e+01
1.519924856401515756e+00 7.900000000000000000e+01
1.627886370140869232e+00 6.300000000000000000e+01
1.743516479074124437e+00 4.800000000000000000e+01
1.867359889830626285e+00 4.900000000000000000e+01
