0 0.00030 0.563492
1 0.00100 0.000000
2 0.00280 0.405571
3 0.00490 0.605473
4 0.00780 0.729968
5 0.01210 0.872125
6 0.01600 0.791689
7 0.02200 1.045140
8 0.02880 0.997038
9 0.03670 1.061310
10 0.04650 0.928132
11 0.05870 1.119296
12 0.07190 1.037896
13 0.08810 1.119673
14 0.10690 1.185398
15 0.12810 1.283915
16 0.15110 1.266730
17 0.17850 1.257628
18 0.20500 1.276308
19 0.23470 1.350449
20 0.26520 1.393422
21 0.29720 1.413014
22 0.32990 1.482348
23 0.36430 1.539600
24 0.40090 1.577437
25 0.43440 1.585457
26 0.46890 1.635463
27 0.50600 1.686556
28 0.54200 1.725040
29 0.57560 1.760019
30 0.61090 1.777384
31 0.64260 1.800000
32 0.67290 1.826708
33 0.70380 1.846212
34 0.73160 1.856910
35 0.75610 1.878232
36 0.77690 1.898903
37 0.79780 1.914069
38 0.81590 1.932336
39 0.83370 1.945430
40 0.85050 1.949953
41 0.86510 1.953861
42 0.87870 1.956287
43 0.89170 1.968252
44 0.90420 1.969706
45 0.91300 1.972623
46 0.92190 1.978813
47 0.93010 1.980628
48 0.93750 1.983750
49 0.94540 1.987730
