0 0.00030 nan
1 0.00100 inf
2 0.00280 1.243038
3 0.00490 1.176091
4 0.00780 1.473487
5 0.01210 1.648360
6 0.01600 1.721928
7 0.02200 1.813748
8 0.02880 1.769008
9 0.03670 1.704722
10 0.04650 1.742987
11 0.05870 1.688420
12 0.07190 1.723794
13 0.08810 1.768960
14 0.10690 1.795339
15 0.12810 1.794171
16 0.15110 1.845203
17 0.17850 1.826593
18 0.20500 1.823711
19 0.23470 1.813104
20 0.26520 1.820704
21 0.29720 1.845147
22 0.32990 1.851775
23 0.36430 1.858215
24 0.40090 1.858829
25 0.43440 1.864808
26 0.46890 1.869373
27 0.50600 1.884581
28 0.54200 1.875997
29 0.57560 1.889302
30 0.61090 1.895232
31 0.64260 1.900280
32 0.67290 1.903770
33 0.70380 1.911565
34 0.73160 1.918830
35 0.75610 1.925391
36 0.77690 1.927672
37 0.79780 1.931247
38 0.81590 1.940213
39 0.83370 1.947859
40 0.85050 1.953380
41 0.86510 1.957206
42 0.87870 1.958476
43 0.89170 1.963865
44 0.90420 1.964067
45 0.91300 1.968408
46 0.92190 1.969934
47 0.93010 1.972688
48 0.93750 1.977373
49 0.94540 1.981184
