0 0.04300 2.015428
1 0.08450 1.880978
2 0.12640 1.919213
3 0.16550 1.851682
4 0.20470 1.864878
5 0.23840 1.874011
6 0.27300 1.903967
7 0.30410 1.946659
8 0.33600 1.885719
9 0.36660 1.906118
10 0.39140 1.951174
11 0.41810 1.875398
12 0.44150 1.894346
13 0.46950 1.957490
14 0.49500 1.936459
15 0.51850 1.962862
16 0.53870 1.906361
17 0.56090 1.938806
18 0.58200 1.947573
19 0.60290 1.930086
20 0.61930 1.889928
21 0.63780 1.962940
22 0.65600 1.926534
23 0.67040 1.901400
24 0.68390 1.920193
25 0.69780 1.964936
26 0.71240 1.996943
27 0.72650 1.900864
28 0.73950 1.897178
29 0.75040 1.938536
30 0.75980 1.966220
31 0.77220 1.980341
32 0.78320 1.923334
33 0.79270 1.914650
34 0.80100 1.923631
35 0.81120 1.921205
36 0.82100 1.942097
37 0.83080 1.982260
38 0.83750 1.966400
39 0.84390 1.951723
40 0.84980 1.954547
41 0.85740 1.909348
42 0.86390 1.906320
43 0.87100 1.916504
44 0.87660 1.926364
45 0.88190 1.939072
46 0.88570 1.941314
47 0.89190 1.942434
48 0.89690 1.945613
49 0.90140 1.948632
