0 0.04300 inf
1 0.08450 2.434569
2 0.12640 2.211521
3 0.16550 2.183066
4 0.20470 2.014416
5 0.23840 2.027835
6 0.27300 1.982723
7 0.30410 1.998913
8 0.33600 1.964868
9 0.36660 1.976497
10 0.39140 1.993328
11 0.41810 2.028304
12 0.44150 2.035944
13 0.46950 2.037326
14 0.49500 2.029247
15 0.51850 2.022940
16 0.53870 2.042630
17 0.56090 2.050532
18 0.58200 2.062780
19 0.60290 2.052371
20 0.61930 2.052525
21 0.63780 2.041475
22 0.65600 2.040747
23 0.67040 2.028963
24 0.68390 2.032971
25 0.69780 2.018614
26 0.71240 2.024077
27 0.72650 2.016421
28 0.73950 2.015871
29 0.75040 2.013969
30 0.75980 2.010346
31 0.77220 2.010199
32 0.78320 2.016723
33 0.79270 2.021813
34 0.80100 2.026792
35 0.81120 2.028432
36 0.82100 2.027724
37 0.83080 2.027618
38 0.83750 2.026345
39 0.84390 2.024583
40 0.84980 2.022462
41 0.85740 2.020230
42 0.86390 2.023313
43 0.87100 2.021322
44 0.87660 2.020285
45 0.88190 2.020685
46 0.88570 2.015348
47 0.89190 2.014320
48 0.89690 2.009116
49 0.90140 2.003369
