0 0.00030 0.000000
1 0.00110 1.501955
2 0.00250 1.366015
3 0.00380 1.607169
4 0.00630 1.192513
5 0.00950 1.345160
6 0.01220 1.389794
7 0.01620 1.473799
8 0.02150 1.459928
9 0.02680 1.397687
10 0.03530 1.389634
11 0.04400 1.466413
12 0.05610 1.569540
13 0.07130 1.560159
14 0.08600 1.609950
15 0.10610 1.560406
16 0.12260 1.621715
17 0.14370 1.647544
18 0.16910 1.609833
19 0.19600 1.581761
20 0.22790 1.651901
21 0.26450 1.659289
22 0.30110 1.630478
23 0.34520 1.675648
24 0.39310 1.667631
25 0.44230 1.724291
26 0.48850 1.739242
27 0.53260 1.778698
28 0.57670 1.781576
29 0.62180 1.830826
30 0.66120 1.857045
31 0.69940 1.849127
32 0.73350 1.890178
33 0.76610 1.867717
34 0.79380 1.873192
35 0.81940 1.907078
36 0.84110 1.914297
37 0.86170 1.945450
38 0.87830 1.903351
39 0.89380 1.917585
40 0.90860 1.906544
41 0.91900 1.899631
42 0.92920 1.916873
43 0.93830 1.937014
44 0.94590 1.936718
45 0.95390 1.945894
46 0.95950 1.945894
47 0.96420 1.949064
48 0.96850 1.955274
49 0.97170 1.957167
