0 0.00030 nan
1 0.00110 inf
2 0.00250 1.014240
3 0.00380 1.133539
4 0.00630 1.322219
5 0.00950 1.493690
6 0.01220 1.501744
7 0.01620 1.653213
8 0.02150 1.659311
9 0.02680 1.671327
10 0.03530 1.707570
11 0.04400 1.766227
12 0.05610 1.761999
13 0.07130 1.800992
14 0.08600 1.824993
15 0.10610 1.875742
16 0.12260 1.882714
17 0.14370 1.889986
18 0.16910 1.869022
19 0.19600 1.885505
20 0.22790 1.878023
21 0.26450 1.924667
22 0.30110 1.898804
23 0.34520 1.921446
24 0.39310 1.918666
25 0.44230 1.926620
26 0.48850 1.939714
27 0.53260 1.911929
28 0.57670 1.928606
29 0.62180 1.922363
30 0.66120 1.942247
31 0.69940 1.942781
32 0.73350 1.934666
33 0.76610 1.937295
34 0.79380 1.943938
35 0.81940 1.942134
36 0.84110 1.947177
37 0.86170 1.950278
38 0.87830 1.952415
39 0.89380 1.954626
40 0.90860 1.957434
41 0.91900 1.960808
42 0.92920 1.963737
43 0.93830 1.967147
44 0.94590 1.970581
45 0.95390 1.973116
46 0.95950 1.974714
47 0.96420 1.974629
48 0.96850 1.974725
49 0.97170 1.973534
