0 0.04910 1.873042
1 0.09430 1.855477
2 0.13610 1.952338
3 0.17270 1.990401
4 0.21030 1.845452
5 0.24810 1.864182
6 0.28220 1.946080
7 0.31170 1.920582
8 0.34110 1.891803
9 0.37190 1.987705
10 0.40110 1.951978
11 0.42580 1.918652
12 0.45030 1.905502
13 0.47550 1.958441
14 0.50160 1.917969
15 0.52640 1.965238
16 0.54770 1.914353
17 0.56860 1.948988
18 0.58890 1.922684
19 0.60720 1.898709
20 0.62590 1.932926
21 0.64860 1.923722
22 0.66460 1.902962
23 0.68020 1.919501
24 0.69370 1.961771
25 0.70710 1.995792
26 0.72100 1.897038
27 0.73380 1.898234
28 0.74530 1.949196
29 0.75660 1.980208
30 0.76750 1.978188
31 0.77630 1.947705
32 0.78730 1.909854
33 0.79640 1.919030
34 0.80510 1.923312
35 0.81440 1.924335
36 0.82360 1.956733
37 0.83100 1.981637
38 0.83760 1.965069
39 0.84440 1.959580
40 0.85300 1.944069
41 0.86030 1.905311
42 0.86570 1.912486
43 0.87070 1.924204
44 0.87560 1.935375
45 0.88220 1.939584
46 0.88750 1.941566
47 0.89300 1.961148
48 0.89900 1.940150
49 0.90340 1.949215
