0 0.04910 1.676694
1 0.09430 1.909823
2 0.13610 1.913151
3 0.17270 2.030195
4 0.21030 1.930225
5 0.24810 1.925236
6 0.28220 2.009040
7 0.31170 1.992183
8 0.34110 2.011462
9 0.37190 2.028306
10 0.40110 2.000782
11 0.42580 2.020499
12 0.45030 2.015136
13 0.47550 2.000449
14 0.50160 2.001761
15 0.52640 2.001758
16 0.54770 2.010180
17 0.56860 2.023741
18 0.58890 2.026378
19 0.60720 2.021706
20 0.62590 2.007370
21 0.64860 2.000857
22 0.66460 1.986466
23 0.68020 1.989187
24 0.69370 1.991390
25 0.70710 1.993561
26 0.72100 1.997312
27 0.73380 2.008852
28 0.74530 2.011782
29 0.75660 2.014733
30 0.76750 2.014988
31 0.77630 2.013586
32 0.78730 2.009859
33 0.79640 2.008832
34 0.80510 2.010593
35 0.81440 2.005157
36 0.82360 2.005453
37 0.83100 2.008241
38 0.83760 2.006948
39 0.84440 2.002443
40 0.85300 1.999798
41 0.86030 1.999649
42 0.86570 2.000543
43 0.87070 2.000969
44 0.87560 2.002807
45 0.88220 2.001934
46 0.88750 1.998340
47 0.89300 1.999150
48 0.89900 2.002019
49 0.90340 2.000859
