0 0.04420 1.681869
1 0.08840 1.849435
2 0.13100 1.940017
3 0.16850 1.982557
4 0.20850 1.819485
5 0.24620 1.863572
6 0.27740 1.955532
7 0.31230 1.937190
8 0.34520 1.897979
9 0.37570 1.880246
10 0.40610 1.983514
11 0.43300 1.895425
12 0.45820 1.995643
13 0.48210 1.883974
14 0.50200 1.962073
15 0.52490 1.928827
16 0.54580 1.913496
17 0.56530 1.948014
18 0.58540 1.917642
19 0.60430 1.918435
20 0.62120 1.956329
21 0.63740 1.980549
22 0.65360 1.927268
23 0.66810 1.900141
24 0.68430 1.958839
25 0.69850 1.967706
26 0.71140 1.972527
27 0.72390 1.908973
28 0.73820 1.904206
29 0.74870 1.942327
30 0.76150 1.977109
31 0.77310 1.961258
32 0.78410 1.911579
33 0.79470 1.920039
34 0.80390 1.922375
35 0.81110 1.928512
36 0.82020 1.962072
37 0.82740 1.982133
38 0.83620 1.965500
39 0.84330 1.961441
40 0.85080 1.931223
41 0.85840 1.910105
42 0.86460 1.919288
43 0.87080 1.934851
44 0.87620 1.936717
45 0.88190 1.932099
46 0.88700 1.941566
47 0.89180 1.947862
48 0.89640 1.943430
49 0.90070 1.940630
