0 0.04420 1.973128
1 0.08840 1.799341
2 0.13100 2.134177
3 0.16850 1.997625
4 0.20850 1.992528
5 0.24620 2.023440
6 0.27740 2.051894
7 0.31230 2.038246
8 0.34520 1.994011
9 0.37570 1.990823
10 0.40610 1.991503
11 0.43300 1.997823
12 0.45820 2.017521
13 0.48210 2.024720
14 0.50200 1.989027
15 0.52490 1.979507
16 0.54580 1.986963
17 0.56530 2.002291
18 0.58540 2.011640
19 0.60430 1.997792
20 0.62120 1.981620
21 0.63740 1.986377
22 0.65360 1.979441
23 0.66810 1.983657
24 0.68430 1.995708
25 0.69850 1.999392
26 0.71140 1.991541
27 0.72390 1.996611
28 0.73820 1.992187
29 0.74870 1.994765
30 0.76150 1.995655
31 0.77310 2.000076
32 0.78410 1.994713
33 0.79470 1.990598
34 0.80390 1.994077
35 0.81110 1.990022
36 0.82020 1.991597
37 0.82740 1.996098
38 0.83620 1.991339
39 0.84330 1.989450
40 0.85080 1.983366
41 0.85840 1.983777
42 0.86460 1.985836
43 0.87080 1.989265
44 0.87620 1.986316
45 0.88190 1.980910
46 0.88700 1.981311
47 0.89180 1.983294
48 0.89640 1.980017
49 0.90070 1.978795
