0 0.00010 0.000000
1 0.00020 0.000000
2 0.00090 0.399804
3 0.00230 0.265725
4 0.00490 0.446642
5 0.00840 0.457478
6 0.01370 0.801743
7 0.01990 0.681312
8 0.02680 0.760904
9 0.03620 0.857696
10 0.05030 0.949638
11 0.06370 0.975170
12 0.07970 1.078296
13 0.09740 1.062441
14 0.11770 1.107972
15 0.14170 1.191837
16 0.16830 1.217035
17 0.19870 1.269751
18 0.23410 1.395247
19 0.26730 1.422999
20 0.30190 1.474806
21 0.33600 1.545012
22 0.37130 1.592611
23 0.40830 1.658121
24 0.44350 1.687030
25 0.47650 1.706737
26 0.51060 1.737950
27 0.54460 1.759043
28 0.57430 1.790731
29 0.60430 1.806136
30 0.63500 1.827461
31 0.66310 1.831420
32 0.69170 1.849352
33 0.71580 1.855067
34 0.74000 1.873726
35 0.76160 1.896232
36 0.78250 1.914448
37 0.80240 1.920898
38 0.82250 1.926500
39 0.83740 1.938835
40 0.85260 1.947858
41 0.86710 1.958698
42 0.87850 1.962902
43 0.89040 1.978019
44 0.90010 1.987377
45 0.91060 1.994694
46 0.91910 1.996343
47 0.92770 1.993258
48 0.93440 1.992571
49 0.93930 1.991324
