0 0.00010 nan
1 0.00020 nan
2 0.00090 inf
3 0.00230 inf
4 0.00490 inf
5 0.00840 1.583577
6 0.01370 1.767156
7 0.01990 1.830375
8 0.02680 1.852022
9 0.03620 1.846787
10 0.05030 1.819157
11 0.06370 1.798140
12 0.07970 1.768314
13 0.09740 1.753265
14 0.11770 1.742740
15 0.14170 1.747011
16 0.16830 1.808211
17 0.19870 1.788715
18 0.23410 1.803628
19 0.26730 1.847606
20 0.30190 1.833516
21 0.33600 1.836409
22 0.37130 1.861448
23 0.40830 1.848390
24 0.44350 1.864354
25 0.47650 1.883093
26 0.51060 1.887587
27 0.54460 1.898499
28 0.57430 1.901166
29 0.60430 1.901263
30 0.63500 1.914715
31 0.66310 1.914392
32 0.69170 1.920636
33 0.71580 1.924178
34 0.74000 1.932893
35 0.76160 1.935157
36 0.78250 1.933484
37 0.80240 1.934675
38 0.82250 1.940003
39 0.83740 1.947325
40 0.85260 1.951599
41 0.86710 1.951244
42 0.87850 1.949914
43 0.89040 1.953740
44 0.90010 1.955734
45 0.91060 1.957377
46 0.91910 1.960741
47 0.92770 1.964633
48 0.93440 1.967684
49 0.93930 1.970330
