0 0.00050 0.963296
1 0.00090 0.399804
2 0.00140 1.532484
3 0.00200 0.504318
4 0.00270 0.637733
5 0.00430 0.631035
6 0.00740 0.687101
7 0.01180 0.786435
8 0.01780 0.884777
9 0.02640 0.872950
10 0.03640 0.896621
11 0.04700 0.960768
12 0.06040 0.830807
13 0.07630 0.962526
14 0.09160 1.009988
15 0.11210 1.122696
16 0.13560 1.243011
17 0.16200 1.215052
18 0.19280 1.333976
19 0.22270 1.377207
20 0.25920 1.421231
21 0.29590 1.461630
22 0.33140 1.550443
23 0.36490 1.581929
24 0.40160 1.607107
25 0.43720 1.632190
26 0.47110 1.679134
27 0.50480 1.702146
28 0.54270 1.727500
29 0.57860 1.744454
30 0.61260 1.782410
31 0.64340 1.798758
32 0.66840 1.812454
33 0.69430 1.836873
34 0.72240 1.852527
35 0.74680 1.873324
36 0.76790 1.892040
37 0.79050 1.909708
38 0.81010 1.920060
39 0.82860 1.937517
40 0.84390 1.945084
41 0.85880 1.962053
42 0.87230 1.968243
43 0.88530 1.973322
44 0.89480 1.978132
45 0.90390 1.979958
46 0.91400 1.984332
47 0.92180 1.986559
48 0.93010 1.989823
49 0.93940 1.993093
