0 0.00050 inf
1 0.00090 1.079181
2 0.00140 0.726999
3 0.00200 0.823909
4 0.00270 0.937852
5 0.00430 1.102662
6 0.00740 1.290035
7 0.01180 1.325164
8 0.01780 1.469003
9 0.02640 1.428516
10 0.03640 1.569374
11 0.04700 1.668872
12 0.06040 1.688123
13 0.07630 1.694836
14 0.09160 1.713584
15 0.11210 1.724579
16 0.13560 1.706829
17 0.16200 1.714188
18 0.19280 1.730585
19 0.22270 1.756154
20 0.25920 1.756921
21 0.29590 1.772332
22 0.33140 1.761723
23 0.36490 1.767959
24 0.40160 1.779413
25 0.43720 1.795849
26 0.47110 1.821088
27 0.50480 1.831944
28 0.54270 1.843426
29 0.57860 1.851345
30 0.61260 1.870696
31 0.64340 1.870263
32 0.66840 1.877127
33 0.69430 1.887401
34 0.72240 1.891043
35 0.74680 1.890797
36 0.76790 1.896212
37 0.79050 1.905337
38 0.81010 1.910668
39 0.82860 1.916710
40 0.84390 1.924099
41 0.85880 1.934227
42 0.87230 1.933021
43 0.88530 1.940749
44 0.89480 1.942182
45 0.90390 1.943556
46 0.91400 1.946442
47 0.92180 1.946683
48 0.93010 1.949132
49 0.93940 1.951575
