0 0.00010 0.000000
1 0.00020 0.000000
2 0.00060 0.909818
3 0.00140 0.918450
4 0.00280 0.614365
5 0.00490 0.725795
6 0.00730 0.537700
7 0.01170 1.030733
8 0.01600 0.830841
9 0.02100 0.891651
10 0.02760 0.889570
11 0.03400 0.872248
12 0.04440 1.008439
13 0.05590 0.970721
14 0.06970 1.098815
15 0.08790 1.070521
16 0.10580 1.132889
17 0.12920 1.216251
18 0.15330 1.239845
19 0.17680 1.304235
20 0.20450 1.319200
21 0.23750 1.399731
22 0.27450 1.456075
23 0.30990 1.482538
24 0.34710 1.513081
25 0.38150 1.548863
26 0.41890 1.604002
27 0.46050 1.651459
28 0.49740 1.697503
29 0.53870 1.758309
30 0.57270 1.778438
31 0.60530 1.810403
32 0.63810 1.854780
33 0.67000 1.875786
34 0.70080 1.893162
35 0.72600 1.916804
36 0.74770 1.925867
37 0.76700 1.926811
38 0.78990 1.940152
39 0.81050 1.943463
40 0.82520 1.951148
41 0.84120 1.958042
42 0.85690 1.957282
43 0.86830 1.963333
44 0.87990 1.972330
45 0.89180 1.981780
46 0.90340 1.983274
47 0.91160 1.986595
48 0.91960 1.988984
49 0.92620 1.994098
