0 0.00010 nan
1 0.00020 nan
2 0.00060 inf
3 0.00140 inf
4 0.00280 inf
5 0.00490 inf
6 0.00730 inf
7 0.01170 1.738384
8 0.01600 1.896251
9 0.02100 1.873127
10 0.02760 1.711807
11 0.03400 1.710399
12 0.04440 1.732817
13 0.05590 1.707898
14 0.06970 1.727174
15 0.08790 1.749974
16 0.10580 1.738748
17 0.12920 1.728676
18 0.15330 1.735347
19 0.17680 1.759758
20 0.20450 1.755644
21 0.23750 1.788490
22 0.27450 1.790502
23 0.30990 1.809466
24 0.34710 1.821623
25 0.38150 1.822565
26 0.41890 1.841491
27 0.46050 1.846543
28 0.49740 1.859642
29 0.53870 1.870297
30 0.57270 1.879377
31 0.60530 1.882512
32 0.63810 1.894182
33 0.67000 1.893466
34 0.70080 1.901556
35 0.72600 1.912179
36 0.74770 1.917555
37 0.76700 1.919280
38 0.78990 1.924730
39 0.81050 1.931698
40 0.82520 1.931846
41 0.84120 1.940390
42 0.85690 1.942897
43 0.86830 1.944337
44 0.87990 1.948843
45 0.89180 1.955037
46 0.90340 1.956491
47 0.91160 1.958283
48 0.91960 1.959202
49 0.92620 1.959262
