0 0.04460 1.655138
1 0.08930 1.837371
2 0.13140 1.937447
3 0.17140 1.874528
4 0.21010 1.825256
5 0.24640 1.853881
6 0.28080 1.880380
7 0.31320 1.954397
8 0.34340 1.876502
9 0.37320 1.915413
10 0.40380 1.966480
11 0.42980 1.885182
12 0.45660 1.929981
13 0.48030 1.873603
14 0.50400 1.921833
15 0.52590 1.960586
16 0.54890 1.909716
17 0.56950 1.951877
18 0.58700 1.959548
19 0.60920 1.909730
20 0.62710 1.954643
21 0.64400 1.944552
22 0.65990 1.904435
23 0.67690 1.950164
24 0.69170 1.971264
25 0.70720 1.925839
26 0.72300 1.896472
27 0.73500 1.913750
28 0.74680 1.968299
29 0.75890 1.982271
30 0.76950 1.948323
31 0.77910 1.903363
32 0.78810 1.908309
33 0.79780 1.918489
34 0.80610 1.933516
35 0.81520 1.981312
36 0.82160 1.978943
37 0.83100 1.965320
38 0.83900 1.964043
39 0.84620 1.963662
40 0.85210 1.919521
41 0.86030 1.908961
42 0.86650 1.919022
43 0.87280 1.926281
44 0.87820 1.936702
45 0.88420 1.943661
46 0.88970 1.954769
47 0.89410 1.951372
48 0.89890 1.944254
49 0.90250 1.947982
