0 0.04460 inf
1 0.08930 2.198657
2 0.13140 2.215505
3 0.17140 2.147290
4 0.21010 2.024024
5 0.24640 2.028090
6 0.28080 2.056199
7 0.31320 2.075433
8 0.34340 2.047797
9 0.37320 2.031247
10 0.40380 2.000413
11 0.42980 1.996609
12 0.45660 2.001680
13 0.48030 1.998876
14 0.50400 1.992244
15 0.52590 1.977197
16 0.54890 1.956890
17 0.56950 1.949701
18 0.58700 1.952360
19 0.60920 1.943126
20 0.62710 1.938355
21 0.64400 1.935908
22 0.65990 1.938566
23 0.67690 1.941083
24 0.69170 1.948642
25 0.70720 1.950019
26 0.72300 1.962993
27 0.73500 1.970176
28 0.74680 1.966434
29 0.75890 1.962094
30 0.76950 1.969204
31 0.77910 1.964324
32 0.78810 1.964420
33 0.79780 1.954225
34 0.80610 1.959663
35 0.81520 1.959464
36 0.82160 1.963955
37 0.83100 1.964636
38 0.83900 1.961461
39 0.84620 1.961295
40 0.85210 1.958576
41 0.86030 1.957824
42 0.86650 1.958441
43 0.87280 1.951690
44 0.87820 1.954286
45 0.88420 1.952256
46 0.88970 1.953273
47 0.89410 1.954808
48 0.89890 1.957187
49 0.90250 1.958155
