0 0.00070 0.126690
1 0.00180 0.930252
2 0.00350 0.420044
3 0.00530 0.620005
4 0.00810 0.755175
5 0.01190 0.670837
6 0.01880 0.963206
7 0.02490 0.805435
8 0.03530 1.035240
9 0.04670 0.984798
10 0.05990 1.052293
11 0.07550 1.128592
12 0.09480 1.117868
13 0.11580 1.109763
14 0.14030 1.109946
15 0.16420 1.153383
16 0.19310 1.240215
17 0.22310 1.316143
18 0.25850 1.388578
19 0.29790 1.445393
20 0.33840 1.541450
21 0.37960 1.578831
22 0.41820 1.627291
23 0.45650 1.669866
24 0.49340 1.710069
25 0.53200 1.744849
26 0.56760 1.788244
27 0.60150 1.797831
28 0.63670 1.819632
29 0.66830 1.848353
30 0.69840 1.877790
31 0.72550 1.895393
32 0.75290 1.910099
33 0.77820 1.914984
34 0.79880 1.920634
35 0.82000 1.937517
36 0.83500 1.941472
37 0.85060 1.955564
38 0.86640 1.968823
39 0.88190 1.973587
40 0.89620 1.976876
41 0.90670 1.984175
42 0.91540 1.990192
43 0.92400 1.991844
44 0.93350 1.995824
45 0.94080 1.998715
46 0.94610 1.998715
47 0.95120 1.997143
48 0.95600 1.997549
49 0.96070 1.998627
