0 0.00070 inf
1 0.00180 inf
2 0.00350 inf
3 0.00530 1.301030
4 0.00810 1.190332
5 0.01190 1.359022
6 0.01880 1.439333
7 0.02490 1.486329
8 0.03530 1.498311
9 0.04670 1.595327
10 0.05990 1.681865
11 0.07550 1.756857
12 0.09480 1.752142
13 0.11580 1.773299
14 0.14030 1.748434
15 0.16420 1.738801
16 0.19310 1.749754
17 0.22310 1.741174
18 0.25850 1.756499
19 0.29790 1.777305
20 0.33840 1.807490
21 0.37960 1.801206
22 0.41820 1.821263
23 0.45650 1.839866
24 0.49340 1.846835
25 0.53200 1.865523
26 0.56760 1.877263
27 0.60150 1.890870
28 0.63670 1.899503
29 0.66830 1.904488
30 0.69840 1.914374
31 0.72550 1.921592
32 0.75290 1.926152
33 0.77820 1.940068
34 0.79880 1.946135
35 0.82000 1.948906
36 0.83500 1.949376
37 0.85060 1.955220
38 0.86640 1.961544
39 0.88190 1.965176
40 0.89620 1.968939
41 0.90670 1.972013
42 0.91540 1.973838
43 0.92400 1.976014
44 0.93350 1.980436
45 0.94080 1.983581
46 0.94610 1.983340
47 0.95120 1.984859
48 0.95600 1.986532
49 0.96070 1.989421
