0 0.00040 0.000000
1 0.00050 0.000000
2 0.00140 1.901955
3 0.00270 1.207169
4 0.00500 1.508473
5 0.00840 1.273770
6 0.01320 1.324041
7 0.02040 1.389791
8 0.02690 1.462737
9 0.03500 1.486477
10 0.04450 1.437787
11 0.05680 1.362976
12 0.07280 1.516524
13 0.09580 1.481159
14 0.12110 1.551318
15 0.14930 1.575674
16 0.17840 1.614135
17 0.21010 1.570374
18 0.24360 1.617567
19 0.28130 1.659539
20 0.31890 1.672053
21 0.36330 1.695984
22 0.40600 1.699261
23 0.45140 1.721608
24 0.49660 1.730820
25 0.54170 1.754009
26 0.58600 1.787330
27 0.62880 1.830001
28 0.66870 1.806947
29 0.70290 1.868664
30 0.73610 1.885783
31 0.76390 1.843417
32 0.79100 1.882082
33 0.81960 1.895286
34 0.84360 1.908783
35 0.86480 1.901565
36 0.88290 1.895799
37 0.89780 1.892448
38 0.91020 1.909036
39 0.92150 1.921199
40 0.93160 1.938008
41 0.94220 1.936229
42 0.94950 1.934968
43 0.95560 1.947141
44 0.96070 1.951277
45 0.96590 1.950182
46 0.97030 1.953506
47 0.97340 1.953997
48 0.97700 1.957023
49 0.97980 1.958955
