0 0.00040 inf
1 0.00050 inf
2 0.00140 inf
3 0.00270 1.342423
4 0.00500 1.707570
5 0.00840 1.685742
6 0.01320 1.561101
7 0.02040 1.582631
8 0.02690 1.658965
9 0.03500 1.722908
10 0.04450 1.772950
11 0.05680 1.840812
12 0.07280 1.872923
13 0.09580 1.847847
14 0.12110 1.859224
15 0.14930 1.871493
16 0.17840 1.879330
17 0.21010 1.891659
18 0.24360 1.869956
19 0.28130 1.876582
20 0.31890 1.900109
21 0.36330 1.913328
22 0.40600 1.916647
23 0.45140 1.930061
24 0.49660 1.942023
25 0.54170 1.929446
26 0.58600 1.927079
27 0.62880 1.928811
28 0.66870 1.933379
29 0.70290 1.932857
30 0.73610 1.935718
31 0.76390 1.943105
32 0.79100 1.941475
33 0.81960 1.936846
34 0.84360 1.947203
35 0.86480 1.947727
36 0.88290 1.951417
37 0.89780 1.956354
38 0.91020 1.960778
39 0.92150 1.965037
40 0.93160 1.959180
41 0.94220 1.964855
42 0.94950 1.969094
43 0.95560 1.971047
44 0.96070 1.973786
45 0.96590 1.973958
46 0.97030 1.974105
47 0.97340 1.976088
48 0.97700 1.976492
49 0.97980 1.978732
