0 0.00220 0.000000
1 0.01070 0.335944
2 0.02660 0.604489
3 0.04850 0.695765
4 0.07430 0.836179
5 0.10680 0.952678
6 0.14400 1.166127
7 0.18740 1.343695
8 0.22820 1.447009
9 0.27380 1.577077
10 0.31620 1.664405
11 0.35780 1.738870
12 0.40180 1.810202
13 0.44320 1.848948
14 0.48490 1.886721
15 0.52080 1.917548
16 0.55600 1.936169
17 0.59020 1.952451
18 0.62220 1.962832
19 0.65150 1.973945
20 0.67800 1.982601
21 0.70450 1.988109
22 0.73020 1.995044
23 0.75090 1.996688
24 0.76860 1.994908
25 0.78940 1.993659
26 0.80570 1.993499
27 0.81880 1.994584
28 0.83440 1.994266
29 0.84820 1.996431
30 0.86040 1.996431
31 0.86900 1.995191
32 0.88100 1.999511
33 0.89020 2.001665
34 0.89870 2.003654
35 0.90720 2.002418
36 0.91310 2.002418
37 0.92130 2.002418
38 0.92650 2.002418
39 0.93180 2.002418
40 0.93770 2.001185
41 0.94230 2.001185
42 0.94700 2.001185
43 0.95120 1.999954
44 0.95600 1.999954
45 0.95970 1.999954
46 0.96200 1.999954
47 0.96500 1.999954
48 0.96820 1.999954
49 0.97090 1.999954
