0 0.00220 nan
1 0.01070 1.278754
2 0.02660 1.406540
3 0.04850 1.269513
4 0.07430 1.378034
5 0.10680 1.381853
6 0.14400 1.426858
7 0.18740 1.411547
8 0.22820 1.453134
9 0.27380 1.518904
10 0.31620 1.546588
11 0.35780 1.584903
12 0.40180 1.607792
13 0.44320 1.621889
14 0.48490 1.652798
15 0.52080 1.675852
16 0.55600 1.689565
17 0.59020 1.713618
18 0.62220 1.737963
19 0.65150 1.756932
20 0.67800 1.773284
21 0.70450 1.790380
22 0.73020 1.806389
23 0.75090 1.817285
24 0.76860 1.824390
25 0.78940 1.838001
26 0.80570 1.851676
27 0.81880 1.860073
28 0.83440 1.873222
29 0.84820 1.882460
30 0.86040 1.892395
31 0.86900 1.898838
32 0.88100 1.908650
33 0.89020 1.915508
34 0.89870 1.918452
35 0.90720 1.922566
36 0.91310 1.927401
37 0.92130 1.932004
38 0.92650 1.936132
39 0.93180 1.940171
40 0.93770 1.944879
41 0.94230 1.948334
42 0.94700 1.950709
43 0.95120 1.952841
44 0.95600 1.955516
45 0.95970 1.958041
46 0.96200 1.960016
47 0.96500 1.961971
48 0.96820 1.964364
49 0.97090 1.966323
