0 0.00010 0.000000
1 0.00030 0.563492
2 0.00070 0.199902
3 0.00100 0.155056
4 0.00160 0.310112
5 0.00270 0.107115
6 0.00460 0.626865
7 0.00670 0.562534
8 0.01120 0.943721
9 0.01730 0.891697
10 0.02560 0.807234
11 0.03440 0.740518
12 0.04530 0.778336
13 0.05910 0.859546
14 0.07670 1.027707
15 0.09720 1.058129
16 0.12420 1.134383
17 0.14970 1.213407
18 0.18090 1.287683
19 0.21190 1.302130
20 0.24170 1.345767
21 0.27870 1.407958
22 0.31630 1.471156
23 0.35430 1.504280
24 0.39260 1.576015
25 0.43340 1.620292
26 0.46960 1.659860
27 0.50980 1.701713
28 0.54740 1.750243
29 0.58190 1.788843
30 0.61540 1.802942
31 0.64830 1.834266
32 0.67880 1.856200
33 0.70550 1.868208
34 0.73210 1.896117
35 0.75690 1.913263
36 0.78150 1.925217
37 0.80430 1.939148
38 0.82420 1.957884
39 0.84080 1.962040
40 0.85520 1.972247
41 0.86780 1.977091
42 0.87980 1.982440
43 0.88990 1.983553
44 0.90080 1.986483
45 0.91140 1.991609
46 0.91990 1.989832
47 0.92660 1.992007
48 0.93260 1.992930
49 0.93820 1.992250
