0 0.00010 nan
1 0.00030 inf
2 0.00070 inf
3 0.00100 inf
4 0.00160 1.041393
5 0.00270 0.720159
6 0.00460 0.893947
7 0.00670 1.052529
8 0.01120 1.143299
9 0.01730 1.369525
10 0.02560 1.437004
11 0.03440 1.457607
12 0.04530 1.560624
13 0.05910 1.562123
14 0.07670 1.628133
15 0.09720 1.652621
16 0.12420 1.722810
17 0.14970 1.770735
18 0.18090 1.772032
19 0.21190 1.776078
20 0.24170 1.794361
21 0.27870 1.831603
22 0.31630 1.824337
23 0.35430 1.833307
24 0.39260 1.838318
25 0.43340 1.848489
26 0.46960 1.853158
27 0.50980 1.844394
28 0.54740 1.856973
29 0.58190 1.873755
30 0.61540 1.880876
31 0.64830 1.891376
32 0.67880 1.898341
33 0.70550 1.908450
34 0.73210 1.913864
35 0.75690 1.919223
36 0.78150 1.927026
37 0.80430 1.934809
38 0.82420 1.932261
39 0.84080 1.936281
40 0.85520 1.944551
41 0.86780 1.950548
42 0.87980 1.955487
43 0.88990 1.957430
44 0.90080 1.962814
45 0.91140 1.968521
46 0.91990 1.971498
47 0.92660 1.974661
48 0.93260 1.976234
49 0.93820 1.976850
