0 0.00130 0.055619
1 0.00830 0.275922
2 0.02290 0.475002
3 0.04410 0.637285
4 0.07210 0.804698
5 0.10420 1.011810
6 0.14230 1.179164
7 0.18190 1.282891
8 0.22250 1.408238
9 0.26420 1.497971
10 0.31120 1.607053
11 0.35300 1.692784
12 0.39890 1.750907
13 0.43850 1.795096
14 0.47650 1.843109
15 0.51390 1.870119
16 0.55100 1.898342
17 0.58380 1.920118
18 0.61780 1.939023
19 0.64490 1.944251
20 0.66970 1.953533
21 0.69680 1.959441
22 0.71670 1.968648
23 0.73970 1.972536
24 0.76100 1.973488
25 0.77870 1.976990
26 0.79830 1.980851
27 0.81450 1.980703
28 0.82790 1.985788
29 0.84250 1.988897
30 0.85600 1.991065
31 0.86830 1.993230
32 0.87790 1.993230
33 0.88710 1.995391
34 0.89590 1.994156
35 0.90360 1.995235
36 0.91090 1.995805
37 0.91850 1.996883
38 0.92440 1.996883
39 0.92990 1.996883
40 0.93600 1.997959
41 0.94060 1.997959
42 0.94500 1.997805
43 0.95020 1.997805
44 0.95420 1.996576
45 0.95820 1.998374
46 0.96060 1.998374
47 0.96330 1.997148
48 0.96760 1.997148
49 0.96970 1.997148
