0 0.00130 nan
1 0.00830 1.255273
2 0.02290 0.960233
3 0.04410 1.163236
4 0.07210 1.329320
5 0.10420 1.348521
6 0.14230 1.395035
7 0.18190 1.462033
8 0.22250 1.462398
9 0.26420 1.513575
10 0.31120 1.552010
11 0.35300 1.576059
12 0.39890 1.618923
13 0.43850 1.647289
14 0.47650 1.668919
15 0.51390 1.692920
16 0.55100 1.715944
17 0.58380 1.735138
18 0.61780 1.756661
19 0.64490 1.768109
20 0.66970 1.783202
21 0.69680 1.802250
22 0.71670 1.819718
23 0.73970 1.833132
24 0.76100 1.846163
25 0.77870 1.855553
26 0.79830 1.860733
27 0.81450 1.867672
28 0.82790 1.876613
29 0.84250 1.882498
30 0.85600 1.892986
31 0.86830 1.898947
32 0.87790 1.906099
33 0.88710 1.911882
34 0.89590 1.918745
35 0.90360 1.921319
36 0.91090 1.926021
37 0.91850 1.930547
38 0.92440 1.934017
39 0.92990 1.938342
40 0.93600 1.942107
41 0.94060 1.945875
42 0.94500 1.948476
43 0.95020 1.952760
44 0.95420 1.956008
45 0.95820 1.958875
46 0.96060 1.960242
47 0.96330 1.962479
48 0.96760 1.964375
49 0.96970 1.965803
