0 0.04760 1.706695
1 0.09310 1.851309
2 0.13200 1.976044
3 0.17310 1.836073
4 0.20730 1.831942
5 0.24580 1.865811
6 0.27840 1.886878
7 0.31400 1.968048
8 0.34510 1.881078
9 0.37340 1.922246
10 0.40220 1.950368
11 0.43190 1.886970
12 0.45810 1.963982
13 0.48340 1.885124
14 0.50460 1.967098
15 0.52580 1.929458
16 0.54700 1.901692
17 0.56620 1.952146
18 0.58570 1.917603
19 0.60630 1.926367
20 0.62470 1.900883
21 0.64170 1.970870
22 0.65740 1.945911
23 0.67400 1.898083
24 0.68800 1.921288
25 0.70220 1.961710
26 0.71620 1.983718
27 0.72850 1.955219
28 0.74140 1.901792
29 0.75370 1.903829
30 0.76540 1.955484
31 0.77640 1.977295
32 0.78740 1.976189
33 0.79790 1.917064
34 0.80590 1.915440
35 0.81510 1.919816
36 0.82400 1.922227
37 0.83050 1.923312
38 0.83910 1.945278
39 0.84560 1.972460
40 0.85400 1.967523
41 0.86010 1.960494
42 0.86650 1.965680
43 0.87170 1.933765
44 0.87740 1.915126
45 0.88340 1.925266
46 0.88890 1.935098
47 0.89480 1.943962
48 0.90000 1.945332
49 0.90420 1.944051
