0 0.04760 1.977724
1 0.09310 2.093422
2 0.13200 2.071268
3 0.17310 2.172092
4 0.20730 2.265866
5 0.24580 2.137280
6 0.27840 2.115249
7 0.31400 2.077708
8 0.34510 2.086922
9 0.37340 2.064060
10 0.40220 2.073061
11 0.43190 2.039775
12 0.45810 2.030451
13 0.48340 2.018853
14 0.50460 2.014065
15 0.52580 2.028338
16 0.54700 2.021152
17 0.56620 2.014264
18 0.58570 2.033164
19 0.60630 2.037122
20 0.62470 2.027206
21 0.64170 2.026642
22 0.65740 2.027596
23 0.67400 2.010847
24 0.68800 2.013263
25 0.70220 2.018787
26 0.71620 2.030436
27 0.72850 2.039128
28 0.74140 2.040758
29 0.75370 2.045581
30 0.76540 2.039799
31 0.77640 2.038609
32 0.78740 2.039916
33 0.79790 2.035883
34 0.80590 2.040853
35 0.81510 2.044744
36 0.82400 2.039497
37 0.83050 2.037180
38 0.83910 2.030092
39 0.84560 2.028293
40 0.85400 2.026457
41 0.86010 2.027380
42 0.86650 2.025472
43 0.87170 2.026620
44 0.87740 2.029590
45 0.88340 2.027821
46 0.88890 2.025377
47 0.89480 2.024206
48 0.90000 2.023232
49 0.90420 2.023694
