0 0.04570 1.726396
1 0.08760 1.840817
2 0.13000 1.956556
3 0.16700 1.951933
4 0.20490 1.818128
5 0.24170 1.860867
6 0.27730 1.892296
7 0.30820 1.946270
8 0.34310 1.896254
9 0.37240 1.918869
10 0.40410 1.983071
11 0.43280 1.895109
12 0.45500 1.984465
13 0.47690 1.869719
14 0.49920 1.925350
15 0.52390 1.971201
16 0.54510 1.909459
17 0.56590 1.944743
18 0.58580 1.922801
19 0.60720 1.899989
20 0.62530 1.945938
21 0.64220 1.970779
22 0.65910 1.917803
23 0.67420 1.900018
24 0.68830 1.930096
25 0.70140 1.957845
26 0.71500 1.964195
27 0.72700 1.889947
28 0.73930 1.898452
29 0.75070 1.923286
30 0.76380 1.975089
31 0.77390 1.983251
32 0.78330 1.942363
33 0.79330 1.908599
34 0.80210 1.913167
35 0.81060 1.921930
36 0.81920 1.918670
37 0.82800 1.954311
38 0.83650 1.977668
39 0.84290 1.964745
40 0.84890 1.957523
41 0.85560 1.960733
42 0.86270 1.903280
43 0.86820 1.907971
44 0.87470 1.921613
45 0.88110 1.929912
46 0.88580 1.933531
47 0.89090 1.932997
48 0.89550 1.943689
49 0.89930 1.953398
