0 0.04570 1.462398
1 0.08760 2.017033
2 0.13000 2.345047
3 0.16700 2.130334
4 0.20490 2.033424
5 0.24170 2.057095
6 0.27730 2.005752
7 0.30820 2.002458
8 0.34310 2.001131
9 0.37240 2.001285
10 0.40410 2.006432
11 0.43280 2.003673
12 0.45500 1.999258
13 0.47690 2.012061
14 0.49920 2.013502
15 0.52390 1.976921
16 0.54510 1.985252
17 0.56590 1.976657
18 0.58580 1.994320
19 0.60720 2.001196
20 0.62530 2.009755
21 0.64220 2.016687
22 0.65910 2.005433
23 0.67420 2.015970
24 0.68830 2.007395
25 0.70140 2.010982
26 0.71500 2.007437
27 0.72700 2.013129
28 0.73930 2.014133
29 0.75070 2.004930
30 0.76380 2.008922
31 0.77390 2.006669
32 0.78330 2.006520
33 0.79330 2.004707
34 0.80210 2.005592
35 0.81060 2.009525
36 0.81920 2.012065
37 0.82800 2.011247
38 0.83650 2.012097
39 0.84290 2.013692
40 0.84890 2.008539
41 0.85560 2.007455
42 0.86270 2.003138
43 0.86820 2.004394
44 0.87470 2.003530
45 0.88110 2.008600
46 0.88580 2.005687
47 0.89090 2.010036
48 0.89550 2.007059
49 0.89930 2.010163
