0 0.04320 1.872522
1 0.08480 1.857633
2 0.12720 1.934977
3 0.16770 1.900251
4 0.20340 1.974459
5 0.23840 1.956425
6 0.27450 1.949548
7 0.30680 1.900034
8 0.33410 1.891714
9 0.36490 1.929771
10 0.39320 1.888480
11 0.42260 1.869557
12 0.44650 1.914679
13 0.47040 1.960159
14 0.49470 1.901644
15 0.51780 1.937570
16 0.53870 1.909971
17 0.55980 1.931773
18 0.57890 1.954661
19 0.59710 1.924889
20 0.61850 1.904474
21 0.63380 1.965311
22 0.64960 1.961122
23 0.66570 1.905535
24 0.68240 1.906477
25 0.69610 1.942586
26 0.70910 1.964688
27 0.72010 1.939007
28 0.73260 1.896796
29 0.74520 1.898133
30 0.75580 1.948340
31 0.76700 1.981981
32 0.77890 1.974024
33 0.78790 1.933532
34 0.79840 1.912058
35 0.80720 1.919318
36 0.81490 1.919610
37 0.82300 1.926781
38 0.83090 1.946713
39 0.83940 1.978636
40 0.84770 1.969937
41 0.85490 1.960145
42 0.86100 1.959580
43 0.86810 1.917890
44 0.87410 1.907924
45 0.88000 1.915676
46 0.88590 1.931690
47 0.89130 1.934722
48 0.89490 1.940087
49 0.89950 1.941903
