0 0.04320 1.857332
1 0.08480 2.128722
2 0.12720 1.894178
3 0.16770 1.884472
4 0.20340 1.966004
5 0.23840 1.865301
6 0.27450 1.919825
7 0.30680 1.925360
8 0.33410 1.925292
9 0.36490 1.932474
10 0.39320 1.935303
11 0.42260 1.913562
12 0.44650 1.928520
13 0.47040 1.921992
14 0.49470 1.929281
15 0.51780 1.935675
16 0.53870 1.919891
17 0.55980 1.927880
18 0.57890 1.932185
19 0.59710 1.937316
20 0.61850 1.929448
21 0.63380 1.929587
22 0.64960 1.934445
23 0.66570 1.938806
24 0.68240 1.925394
25 0.69610 1.925372
26 0.70910 1.927989
27 0.72010 1.926086
28 0.73260 1.934708
29 0.74520 1.944199
30 0.75580 1.945268
31 0.76700 1.949276
32 0.77890 1.954649
33 0.78790 1.957671
34 0.79840 1.959411
35 0.80720 1.953658
36 0.81490 1.956919
37 0.82300 1.958132
38 0.83090 1.963836
39 0.83940 1.966579
40 0.84770 1.973674
41 0.85490 1.973987
42 0.86100 1.979966
43 0.86810 1.976579
44 0.87410 1.974142
45 0.88000 1.974882
46 0.88590 1.973871
47 0.89130 1.979151
48 0.89490 1.981069
49 0.89950 1.983020
