0 0.04640 1.787001
1 0.09110 1.858106
2 0.13500 1.886197
3 0.17150 1.823533
4 0.20700 1.867123
5 0.24330 1.858961
6 0.27480 1.946742
7 0.31220 1.952464
8 0.33960 1.881148
9 0.36760 1.993373
10 0.39690 1.904801
11 0.42340 1.865082
12 0.44870 1.955942
13 0.47430 1.893734
14 0.49910 1.935209
15 0.51950 1.955552
16 0.54170 1.906531
17 0.55960 1.938083
18 0.57780 1.965581
19 0.59740 1.931056
20 0.61560 1.924400
21 0.63300 1.977384
22 0.64980 1.907436
23 0.66840 1.913987
24 0.68400 1.960629
25 0.69830 1.987198
26 0.71130 1.910483
27 0.72230 1.889713
28 0.73450 1.910612
29 0.74780 1.969668
30 0.75790 1.983620
31 0.76970 1.961626
32 0.78140 1.904064
33 0.79230 1.924149
34 0.80030 1.917904
35 0.80930 1.924114
36 0.81930 1.973149
37 0.82620 1.971494
38 0.83390 1.950597
39 0.84040 1.958286
40 0.84690 1.959978
41 0.85460 1.912246
42 0.86040 1.896576
43 0.86660 1.904548
44 0.87200 1.921197
45 0.87820 1.931565
46 0.88520 1.936702
47 0.89040 1.946092
48 0.89520 1.941914
49 0.89970 1.938545
