0 0.04640 1.676694
1 0.09110 2.023938
2 0.13500 1.938895
3 0.17150 1.945999
4 0.20700 1.918555
5 0.24330 1.942199
6 0.27480 1.971934
7 0.31220 1.943793
8 0.33960 1.970812
9 0.36760 1.971723
10 0.39690 1.990940
11 0.42340 1.987968
12 0.44870 1.991563
13 0.47430 1.989330
14 0.49910 2.000994
15 0.51950 2.000042
16 0.54170 2.005472
17 0.55960 2.000717
18 0.57780 2.002605
19 0.59740 1.991540
20 0.61560 1.992533
21 0.63300 1.986546
22 0.64980 1.986345
23 0.66840 1.981765
24 0.68400 1.989803
25 0.69830 1.995380
26 0.71130 1.994829
27 0.72230 1.999522
28 0.73450 2.002366
29 0.74780 1.999492
30 0.75790 2.004797
31 0.76970 2.012588
32 0.78140 2.018150
33 0.79230 2.011393
34 0.80030 2.016786
35 0.80930 2.015512
36 0.81930 2.014122
37 0.82620 2.018279
38 0.83390 2.014908
39 0.84040 2.016217
40 0.84690 2.011372
41 0.85460 2.011243
42 0.86040 2.008922
43 0.86660 2.011963
44 0.87200 2.012986
45 0.87820 2.010276
46 0.88520 2.013980
47 0.89040 2.014355
48 0.89520 2.014226
49 0.89970 2.014254
