0 0.00160 0.102991
1 0.00610 0.185526
2 0.01700 0.328417
3 0.03520 0.587583
4 0.05710 0.753320
5 0.08680 1.013535
6 0.12450 1.167079
7 0.16440 1.287690
8 0.20780 1.378167
9 0.25070 1.491445
10 0.29670 1.587066
11 0.34030 1.682231
12 0.38110 1.738574
13 0.42530 1.797181
14 0.46840 1.835448
15 0.50470 1.864438
16 0.54060 1.892124
17 0.57920 1.930678
18 0.61510 1.949301
19 0.64540 1.957196
20 0.67340 1.965004
21 0.70010 1.971653
22 0.72430 1.978116
23 0.74670 1.985423
24 0.76780 1.989061
25 0.78490 1.993059
26 0.80090 1.993782
27 0.81590 1.993457
28 0.83230 1.997803
29 0.84810 1.995148
30 0.85950 1.995148
31 0.86960 1.996232
32 0.87930 1.997315
33 0.89060 1.996073
34 0.90100 1.996073
35 0.90760 1.997155
36 0.91320 1.997155
37 0.92030 1.995915
38 0.92640 1.993442
39 0.93220 1.993442
40 0.93690 1.993442
41 0.94180 1.994523
42 0.94630 1.994523
43 0.94990 1.994523
44 0.95340 1.994523
45 0.95580 1.993290
46 0.95900 1.993290
47 0.96250 1.993290
48 0.96460 1.993290
49 0.96760 1.993290
