0 0.00160 inf
1 0.00610 1.113943
2 0.01700 0.852785
3 0.03520 1.191408
4 0.05710 1.285966
5 0.08680 1.313651
6 0.12450 1.395088
7 0.16440 1.452160
8 0.20780 1.530214
9 0.25070 1.552615
10 0.29670 1.598533
11 0.34030 1.632352
12 0.38110 1.658148
13 0.42530 1.708765
14 0.46840 1.728726
15 0.50470 1.736345
16 0.54060 1.755383
17 0.57920 1.774572
18 0.61510 1.784757
19 0.64540 1.798881
20 0.67340 1.808279
21 0.70010 1.828544
22 0.72430 1.843341
23 0.74670 1.856146
24 0.76780 1.869868
25 0.78490 1.877633
26 0.80090 1.889974
27 0.81590 1.897193
28 0.83230 1.906275
29 0.84810 1.913712
30 0.85950 1.922027
31 0.86960 1.926515
32 0.87930 1.929665
33 0.89060 1.939064
34 0.90100 1.945679
35 0.90760 1.949078
36 0.91320 1.953227
37 0.92030 1.956598
38 0.92640 1.960613
39 0.93220 1.965056
40 0.93690 1.967573
41 0.94180 1.971117
42 0.94630 1.973419
43 0.94990 1.976185
44 0.95340 1.973943
45 0.95580 1.975557
46 0.95900 1.976811
47 0.96250 1.979544
48 0.96460 1.981145
49 0.96760 1.983395
