0 0.00230 0.061776
1 0.00850 0.174550
2 0.02150 0.413714
3 0.03990 0.562452
4 0.06270 0.749314
5 0.09480 0.899998
6 0.12980 1.076594
7 0.16940 1.232532
8 0.21350 1.371661
9 0.25980 1.500863
10 0.30560 1.607718
11 0.34920 1.681530
12 0.38910 1.746099
13 0.42660 1.779387
14 0.46920 1.836098
15 0.50790 1.858301
16 0.54440 1.883356
17 0.58110 1.901720
18 0.61480 1.917481
19 0.64340 1.936438
20 0.66960 1.944251
21 0.69530 1.953861
22 0.71840 1.961241
23 0.74130 1.966758
24 0.76250 1.976850
25 0.78280 1.981945
26 0.80300 1.987752
27 0.81700 1.989924
28 0.83080 1.989924
29 0.84320 1.989409
30 0.85420 1.990340
31 0.86690 1.992148
32 0.87840 1.992148
33 0.88800 1.993954
34 0.89810 1.993954
35 0.90610 1.996683
36 0.91300 1.997761
37 0.91920 1.997761
38 0.92490 1.998839
39 0.93090 1.999916
40 0.93680 2.002067
41 0.94160 2.002067
42 0.94650 2.001909
43 0.95060 2.002982
44 0.95320 2.002982
45 0.95780 2.002982
46 0.95990 2.002982
47 0.96290 2.001751
48 0.96650 2.001751
49 0.96830 2.000522
