0 0.00230 nan
1 0.00850 inf
2 0.02150 1.518514
3 0.03990 1.449368
4 0.06270 1.612784
5 0.09480 1.489677
6 0.12980 1.490383
7 0.16940 1.476911
8 0.21350 1.543069
9 0.25980 1.549967
10 0.30560 1.580270
11 0.34920 1.627714
12 0.38910 1.646695
13 0.42660 1.667175
14 0.46920 1.692327
15 0.50790 1.717491
16 0.54440 1.742956
17 0.58110 1.751135
18 0.61480 1.761085
19 0.64340 1.786503
20 0.66960 1.797388
21 0.69530 1.813141
22 0.71840 1.825178
23 0.74130 1.838609
24 0.76250 1.852494
25 0.78280 1.868056
26 0.80300 1.882762
27 0.81700 1.895042
28 0.83080 1.906654
29 0.84320 1.915221
30 0.85420 1.923296
31 0.86690 1.929574
32 0.87840 1.933877
33 0.88800 1.939207
34 0.89810 1.946684
35 0.90610 1.950848
36 0.91300 1.953906
37 0.91920 1.956284
38 0.92490 1.956902
39 0.93090 1.961446
40 0.93680 1.965495
41 0.94160 1.966710
42 0.94650 1.969316
43 0.95060 1.972242
44 0.95320 1.974024
45 0.95780 1.976201
46 0.95990 1.977676
47 0.96290 1.979813
48 0.96650 1.982544
49 0.96830 1.983796
