0 0.00032 0.181447
1 0.00072 0.337968
2 0.00138 0.433067
3 0.00240 0.525794
4 0.00393 0.582660
5 0.00598 0.661152
6 0.00882 0.729098
7 0.01260 0.795308
8 0.01751 0.846020
9 0.02364 0.911750
10 0.03136 0.978219
11 0.04076 1.046971
12 0.05172 1.101855
13 0.06477 1.160180
14 0.07995 1.217585
15 0.09677 1.272813
16 0.11560 1.327302
17 0.13656 1.385702
18 0.15954 1.435986
19 0.18420 1.484264
20 0.21082 1.527602
21 0.23892 1.571213
22 0.26852 1.616435
23 0.29930 1.657288
24 0.33107 1.694280
25 0.36349 1.732557
26 0.39651 1.768026
27 0.42958 1.801757
28 0.46246 1.828229
29 0.49526 1.855568
30 0.52762 1.879364
31 0.55931 1.898094
32 0.59005 1.915574
33 0.61962 1.931306
34 0.64792 1.943757
35 0.67479 1.956081
36 0.70040 1.966786
37 0.72456 1.974878
38 0.74720 1.981902
39 0.76850 1.988332
40 0.78846 1.993466
41 0.80701 1.998067
42 0.82410 2.001421
43 0.83973 2.003107
44 0.85426 2.005512
45 0.86752 2.006926
46 0.87960 2.007966
47 0.89042 2.008898
48 0.90046 2.009564
49 0.90954 2.010230
