0 0.00030 0.563492
1 0.00070 0.554860
2 0.00130 0.076307
3 0.00230 0.422474
4 0.00330 0.448699
5 0.00480 0.598653
6 0.00810 0.777722
7 0.01200 0.793294
8 0.01710 0.730923
9 0.02490 0.932698
10 0.03620 0.897274
11 0.05070 0.987001
12 0.06590 0.971174
13 0.08440 1.076697
14 0.10570 1.117682
15 0.12980 1.189097
16 0.15770 1.143452
17 0.19040 1.242554
18 0.22320 1.278417
19 0.26190 1.385508
20 0.30320 1.445307
21 0.34340 1.519656
22 0.38430 1.570809
23 0.42550 1.623682
24 0.46420 1.664950
25 0.50130 1.693179
26 0.53620 1.734538
27 0.57190 1.777772
28 0.60510 1.805684
29 0.63640 1.836447
30 0.66790 1.885670
31 0.69890 1.921184
32 0.72550 1.925984
33 0.74810 1.932253
34 0.77200 1.951491
35 0.79190 1.949818
36 0.81130 1.955245
37 0.82780 1.956463
38 0.84220 1.959029
39 0.85590 1.960893
40 0.86850 1.955186
41 0.87990 1.959584
42 0.89120 1.969063
43 0.90260 1.973522
44 0.91050 1.976673
45 0.91940 1.981297
46 0.92730 1.986038
47 0.93540 1.991495
48 0.94160 1.993671
49 0.94760 1.994963
