0 0.00030 inf
1 0.00070 inf
2 0.00130 inf
3 0.00230 1.623249
4 0.00330 1.406540
5 0.00480 1.591065
6 0.00810 1.748188
7 0.01200 1.521138
8 0.01710 1.542292
9 0.02490 1.460088
10 0.03620 1.503109
11 0.05070 1.470936
12 0.06590 1.543750
13 0.08440 1.622099
14 0.10570 1.649926
15 0.12980 1.712215
16 0.15770 1.723304
17 0.19040 1.753471
18 0.22320 1.766525
19 0.26190 1.806006
20 0.30320 1.786985
21 0.34340 1.821870
22 0.38430 1.824042
23 0.42550 1.835561
24 0.46420 1.858642
25 0.50130 1.852680
26 0.53620 1.857430
27 0.57190 1.866175
28 0.60510 1.880498
29 0.63640 1.891602
30 0.66790 1.897255
31 0.69890 1.889074
32 0.72550 1.899958
33 0.74810 1.911206
34 0.77200 1.922923
35 0.79190 1.930855
36 0.81130 1.939780
37 0.82780 1.948376
38 0.84220 1.950715
39 0.85590 1.956109
40 0.86850 1.960700
41 0.87990 1.964309
42 0.89120 1.965008
43 0.90260 1.969166
44 0.91050 1.968996
45 0.91940 1.973103
46 0.92730 1.975224
47 0.93540 1.979628
48 0.94160 1.979625
49 0.94760 1.981070
