0 0.00020 1.444944
1 0.00030 0.963296
2 0.00050 1.064874
3 0.00070 1.064874
4 0.00110 0.845238
5 0.00280 0.349262
6 0.00570 0.179012
7 0.00950 0.537906
8 0.01490 0.671481
9 0.02220 0.808328
10 0.03090 0.846372
11 0.04230 0.866242
12 0.05660 1.022674
13 0.07350 0.988975
14 0.09480 1.143818
15 0.11930 1.204739
16 0.14190 1.199505
17 0.16770 1.217662
18 0.19690 1.289421
19 0.22850 1.321519
20 0.26340 1.417858
21 0.30020 1.441573
22 0.33400 1.483679
23 0.36950 1.531099
24 0.40670 1.532279
25 0.44270 1.635548
26 0.47590 1.677121
27 0.50830 1.707593
28 0.54010 1.749502
29 0.57040 1.759827
30 0.60030 1.779690
31 0.62710 1.796023
32 0.65370 1.821609
33 0.67920 1.844218
34 0.70650 1.859022
35 0.73040 1.872186
36 0.75430 1.892775
37 0.77600 1.909045
38 0.79460 1.907899
39 0.81530 1.922219
40 0.83340 1.930541
41 0.84690 1.933032
42 0.86210 1.937770
43 0.87680 1.957782
44 0.88850 1.964634
45 0.89870 1.970572
46 0.90970 1.975323
47 0.91860 1.980424
48 0.92770 1.983909
49 0.93480 1.985211
