0 0.00020 nan
1 0.00030 inf
2 0.00050 inf
3 0.00070 inf
4 0.00110 inf
5 0.00280 inf
6 0.00570 1.505150
7 0.00950 1.799341
8 0.01490 1.765296
9 0.02220 1.655352
10 0.03090 1.671386
11 0.04230 1.759920
12 0.05660 1.680154
13 0.07350 1.629043
14 0.09480 1.720619
15 0.11930 1.752520
16 0.14190 1.761579
17 0.16770 1.780824
18 0.19690 1.756770
19 0.22850 1.790197
20 0.26340 1.777346
21 0.30020 1.791884
22 0.33400 1.805733
23 0.36950 1.808857
24 0.40670 1.829768
25 0.44270 1.827410
26 0.47590 1.827593
27 0.50830 1.837746
28 0.54010 1.838067
29 0.57040 1.845055
30 0.60030 1.844340
31 0.62710 1.854784
32 0.65370 1.856106
33 0.67920 1.863858
34 0.70650 1.873756
35 0.73040 1.882334
36 0.75430 1.895796
37 0.77600 1.903683
38 0.79460 1.908367
39 0.81530 1.911882
40 0.83340 1.913409
41 0.84690 1.917672
42 0.86210 1.922450
43 0.87680 1.926634
44 0.88850 1.929561
45 0.89870 1.932850
46 0.90970 1.936341
47 0.91860 1.937803
48 0.92770 1.937689
49 0.93480 1.938527
