0 0.00140 0.000000
1 0.00660 0.101751
2 0.01700 0.311023
3 0.03720 0.596008
4 0.06290 0.792358
5 0.09570 0.976396
6 0.12860 1.126855
7 0.16560 1.264406
8 0.20800 1.407160
9 0.25280 1.520717
10 0.29880 1.612773
11 0.34610 1.695488
12 0.38920 1.761870
13 0.42690 1.810385
14 0.46650 1.846836
15 0.50140 1.864959
16 0.54120 1.887975
17 0.57340 1.907291
18 0.60580 1.932443
19 0.63440 1.950022
20 0.66250 1.958431
21 0.68870 1.969336
22 0.71270 1.978129
23 0.73480 1.981779
24 0.75580 1.982717
25 0.77450 1.987649
26 0.79400 1.990760
27 0.81160 1.995831
28 0.82710 1.997315
29 0.84230 1.998397
30 0.85550 1.999478
31 0.86730 2.001637
32 0.87840 1.996683
33 0.88650 1.996683
34 0.89640 1.996528
35 0.90560 1.996528
36 0.91290 1.996528
37 0.92000 1.996528
38 0.92800 1.998683
39 0.93330 1.998683
40 0.93960 1.998683
41 0.94500 1.998683
42 0.94860 1.998683
43 0.95220 1.998683
44 0.95600 1.997452
45 0.95940 1.996223
46 0.96200 1.996223
47 0.96450 1.996223
48 0.96680 1.996223
49 0.96920 1.996223
