0 0.00140 nan
1 0.00660 inf
2 0.01700 1.243038
3 0.03720 1.593840
4 0.06290 1.356730
5 0.09570 1.367794
6 0.12860 1.444240
7 0.16560 1.513683
8 0.20800 1.558911
9 0.25280 1.582713
10 0.29880 1.596149
11 0.34610 1.606915
12 0.38920 1.633626
13 0.42690 1.677643
14 0.46650 1.699126
15 0.50140 1.714400
16 0.54120 1.725138
17 0.57340 1.753736
18 0.60580 1.766469
19 0.63440 1.783288
20 0.66250 1.801984
21 0.68870 1.810612
22 0.71270 1.823610
23 0.73480 1.838110
24 0.75580 1.858249
25 0.77450 1.860220
26 0.79400 1.871872
27 0.81160 1.884523
28 0.82710 1.897157
29 0.84230 1.905259
30 0.85550 1.913212
31 0.86730 1.919653
32 0.87840 1.926603
33 0.88650 1.931474
34 0.89640 1.937062
35 0.90560 1.942921
36 0.91290 1.945242
37 0.92000 1.947955
38 0.92800 1.952740
39 0.93330 1.955376
40 0.93960 1.959768
41 0.94500 1.963983
42 0.94860 1.966863
43 0.95220 1.968399
44 0.95600 1.969933
45 0.95940 1.970045
46 0.96200 1.970871
47 0.96450 1.972503
48 0.96680 1.974117
49 0.96920 1.975690
