0 0.04500 1.775803
1 0.09120 1.847864
2 0.13440 1.940017
3 0.17480 1.829376
4 0.21080 1.832171
5 0.24520 1.886661
6 0.27830 1.884821
7 0.30920 1.939906
8 0.33940 1.889462
9 0.36810 1.969209
10 0.39730 1.875360
11 0.42410 1.933761
12 0.45420 1.944451
13 0.47740 1.892746
14 0.50210 1.931973
15 0.52320 1.964106
16 0.54360 1.912569
17 0.56460 1.943260
18 0.58570 1.963395
19 0.60350 1.933610
20 0.62190 1.928595
21 0.63970 1.982515
22 0.65640 1.907263
23 0.67300 1.909265
24 0.68850 1.951043
25 0.70370 1.984908
26 0.71610 1.931572
27 0.72760 1.899646
28 0.74020 1.898326
29 0.75280 1.950206
30 0.76360 1.975040
31 0.77360 1.963976
32 0.78480 1.923113
33 0.79290 1.913051
34 0.80450 1.920493
35 0.81270 1.920053
36 0.82200 1.946981
37 0.83020 1.975785
38 0.83840 1.961951
39 0.84510 1.957736
40 0.85250 1.949858
41 0.86010 1.904494
42 0.86650 1.916470
43 0.87260 1.929655
44 0.87780 1.929685
45 0.88350 1.934208
46 0.88850 1.942902
47 0.89370 1.948890
48 0.89900 1.947343
49 0.90360 1.947804
