0 0.04500 1.886491
1 0.09120 1.886491
2 0.13440 1.980328
3 0.17480 2.103043
4 0.21080 2.104330
5 0.24520 2.081461
6 0.27830 1.992554
7 0.30920 2.029980
8 0.33940 2.047325
9 0.36810 2.015695
10 0.39730 2.002022
11 0.42410 1.985825
12 0.45420 1.979537
13 0.47740 1.971848
14 0.50210 1.984594
15 0.52320 1.974980
16 0.54360 1.964244
17 0.56460 1.979103
18 0.58570 1.969764
19 0.60350 1.973159
20 0.62190 1.962942
21 0.63970 1.964450
22 0.65640 1.959146
23 0.67300 1.957547
24 0.68850 1.960185
25 0.70370 1.964585
26 0.71610 1.971109
27 0.72760 1.984251
28 0.74020 1.985154
29 0.75280 1.988618
30 0.76360 1.990381
31 0.77360 1.992838
32 0.78480 1.992192
33 0.79290 1.990977
34 0.80450 1.989775
35 0.81270 1.990718
36 0.82200 1.987848
37 0.83020 1.988948
38 0.83840 1.983639
39 0.84510 1.979442
40 0.85250 1.982900
41 0.86010 1.975981
42 0.86650 1.980968
43 0.87260 1.984352
44 0.87780 1.981305
45 0.88350 1.980153
46 0.88850 1.981118
47 0.89370 1.977696
48 0.89900 1.977200
49 0.90360 1.976552
