0 0.00050 0.000000
1 0.00130 0.282444
2 0.00310 0.122508
3 0.00490 0.253068
4 0.00830 0.412754
5 0.01270 0.374306
6 0.01900 0.496894
7 0.02750 0.525763
8 0.03720 0.488769
9 0.04830 0.522096
10 0.05810 0.598167
11 0.07010 0.721041
12 0.08210 0.800653
13 0.09770 0.769263
14 0.11330 0.777466
15 0.13110 0.758329
16 0.14950 0.787562
17 0.16690 0.856081
18 0.18710 0.869173
19 0.20730 0.902072
20 0.22910 0.949110
21 0.25410 0.992133
22 0.27870 1.003645
23 0.30420 1.009525
24 0.33050 1.013988
25 0.35940 0.995407
26 0.39020 0.993100
27 0.42020 1.020703
28 0.45100 1.034883
29 0.48290 1.038751
30 0.51370 1.040636
31 0.54740 1.067843
32 0.58020 1.079314
33 0.61340 1.102080
34 0.64720 1.117634
35 0.68040 1.122433
36 0.71060 1.125317
37 0.73950 1.151719
38 0.76720 1.160336
39 0.79360 1.165127
40 0.81920 1.167758
41 0.84040 1.171354
42 0.85930 1.184333
43 0.87820 1.199144
44 0.89430 1.213699
45 0.90800 1.219858
46 0.91950 1.233751
47 0.92890 1.241170
48 0.93890 1.244967
49 0.94700 1.249494
0 0.00050 0.000000
1 0.00130 0.282444
2 0.00310 0.122508
3 0.00490 0.253068
4 0.00830 0.412754
5 0.01270 0.374306
6 0.01900 0.496894
7 0.02750 0.525763
8 0.03720 0.488769
9 0.04830 0.522096
10 0.05810 0.598167
11 0.07010 0.721041
12 0.08210 0.800653
13 0.09770 0.769263
14 0.11330 0.777466
15 0.13110 0.758329
16 0.14950 0.787562
17 0.16690 0.856081
18 0.18710 0.869173
19 0.20730 0.902072
20 0.22910 0.949110
21 0.25410 0.992133
22 0.27870 1.003645
23 0.30420 1.009525
24 0.33050 1.013988
25 0.35940 0.995407
26 0.39020 0.993100
27 0.42020 1.020703
28 0.45100 1.034883
29 0.48290 1.038751
30 0.51370 1.040636
31 0.54740 1.067843
32 0.58020 1.079314
33 0.61340 1.102080
34 0.64720 1.117634
35 0.68040 1.122433
36 0.71060 1.125317
37 0.73950 1.151719
38 0.76720 1.160336
39 0.79360 1.165127
40 0.81920 1.167758
41 0.84040 1.171354
42 0.85930 1.184333
43 0.87820 1.199144
44 0.89430 1.213699
45 0.90800 1.219858
46 0.91950 1.233751
47 0.92890 1.241170
48 0.93890 1.244967
49 0.94700 1.249494
