0 0.00010 0.000000
1 0.00020 0.000000
2 0.00040 0.000000
3 0.00120 1.057542
4 0.00300 0.994171
5 0.00560 1.190101
6 0.00830 1.134410
7 0.01260 1.373998
8 0.01800 1.402462
9 0.02600 1.428650
10 0.03290 1.502556
11 0.04080 1.480219
12 0.05010 1.495008
13 0.06360 1.515424
14 0.08150 1.495400
15 0.10210 1.559296
16 0.12500 1.614341
17 0.15120 1.542798
18 0.18090 1.586782
19 0.21470 1.605307
20 0.25020 1.658888
21 0.28660 1.670325
22 0.32390 1.688906
23 0.36180 1.713830
24 0.40660 1.713127
25 0.45320 1.724755
26 0.49650 1.770036
27 0.54500 1.769257
28 0.58570 1.805872
29 0.62870 1.796631
30 0.66630 1.852091
31 0.70040 1.865978
32 0.73110 1.844658
33 0.76020 1.875175
34 0.78640 1.881459
35 0.81000 1.900472
36 0.83190 1.883192
37 0.84940 1.876437
38 0.86900 1.888047
39 0.88690 1.887563
40 0.90180 1.900249
41 0.91350 1.909422
42 0.92490 1.923729
43 0.99 inf
44 0.99 inf
45 0.99 inf
46 0.99 inf
47 0.99 inf
48 0.99 inf
49 0.99 inf