0 0.00010 nan
1 0.00020 inf
2 0.00040 inf
3 0.00120 inf
4 0.00300 inf
5 0.00560 inf
6 0.00830 2.029384
7 0.01260 1.995635
8 0.01800 1.858838
9 0.02600 1.877947
10 0.03290 2.003604
11 0.04080 1.996731
12 0.05010 1.949390
13 0.06360 1.909489
14 0.08150 1.925828
15 0.10210 1.975931
16 0.12500 1.935444
17 0.15120 1.973876
18 0.18090 1.988802
19 0.21470 1.966546
20 0.25020 1.955871
21 0.28660 1.981226
22 0.32390 1.985563
23 0.36180 1.979274
24 0.40660 1.985264
25 0.45320 2.002319
26 0.49650 2.021037
27 0.54500 2.000543
28 0.58570 1.994426
29 0.62870 1.986077
30 0.66630 1.970657
31 0.70040 1.977089
32 0.73110 1.973418
33 0.76020 1.975672
34 0.78640 1.984168
35 0.81000 1.990179
36 0.83190 1.983371
37 0.84940 1.977039
38 0.86900 1.975812
39 0.88690 1.975733
40 0.90180 1.978725
41 0.91350 1.979873
42 0.92490 1.984905
43 0.93470 1.984075
44 0.94310 1.986499
45 0.95210 1.988376
46 0.95780 1.991807
47 0.96390 1.993119
48 0.96900 1.995150
49 0.97320 1.996919
