0 0.00040 0.000000
1 0.00110 0.399804
2 0.00210 0.549361
3 0.00390 0.653184
4 0.00630 0.742718
5 0.01030 0.823852
6 0.01430 0.752002
7 0.01790 0.464055
8 0.02400 0.735326
9 0.03300 0.882985
10 0.04270 0.922781
11 0.05790 1.024047
12 0.07470 1.138617
13 0.09370 1.128288
14 0.11380 1.094265
15 0.13630 1.145762
16 0.16300 1.313078
17 0.19140 1.329091
18 0.22000 1.349336
19 0.25210 1.404021
20 0.28570 1.465719
21 0.31960 1.522876
22 0.35270 1.534795
23 0.39020 1.550081
24 0.42570 1.573642
25 0.46040 1.622367
26 0.49540 1.644710
27 0.53230 1.691835
28 0.56670 1.738005
29 0.60200 1.761879
30 0.63510 1.795385
31 0.66410 1.794266
32 0.69400 1.833954
33 0.71860 1.860097
34 0.74530 1.885727
35 0.76820 1.902469
36 0.78870 1.919903
37 0.80790 1.927476
38 0.82870 1.941046
39 0.84530 1.945489
40 0.85950 1.948424
41 0.87290 1.956432
42 0.88450 1.961593
43 0.89530 1.965498
44 0.90440 1.971729
45 0.91310 1.974651
46 0.92060 1.976698
47 0.92770 1.980703
48 0.93490 1.982885
49 0.94040 1.983974
