0 0.00040 nan
1 0.00110 0.845098
2 0.00210 1.041393
3 0.00390 1.518514
4 0.00630 1.386202
5 0.01030 1.462398
6 0.01430 1.651601
7 0.01790 1.692721
8 0.02400 1.662758
9 0.03300 1.594977
10 0.04270 1.570238
11 0.05790 1.561029
12 0.07470 1.623779
13 0.09370 1.686040
14 0.11380 1.716313
15 0.13630 1.736580
16 0.16300 1.762228
17 0.19140 1.752255
18 0.22000 1.758572
19 0.25210 1.765856
20 0.28570 1.767522
21 0.31960 1.780693
22 0.35270 1.802308
23 0.39020 1.809079
24 0.42570 1.810798
25 0.46040 1.821965
26 0.49540 1.824238
27 0.53230 1.841310
28 0.56670 1.844984
29 0.60200 1.855657
30 0.63510 1.863799
31 0.66410 1.862161
32 0.69400 1.868751
33 0.71860 1.870705
34 0.74530 1.875389
35 0.76820 1.874586
36 0.78870 1.879406
37 0.80790 1.881483
38 0.82870 1.887935
39 0.84530 1.894504
40 0.85950 1.898687
41 0.87290 1.904236
42 0.88450 1.910463
43 0.89530 1.916245
44 0.90440 1.922394
45 0.91310 1.922912
46 0.92060 1.927127
47 0.92770 1.930315
48 0.93490 1.931332
49 0.94040 1.935097
