0 0.00020 0.000000
1 0.00060 0.800000
2 0.00190 0.800000
3 0.00340 1.033985
4 0.00640 1.326201
5 0.01160 1.189649
6 0.01810 1.381363
7 0.02430 1.449294
8 0.03260 1.409551
9 0.04390 1.453119
10 0.05740 1.552045
11 0.07230 1.543764
12 0.09110 1.534429
13 0.11370 1.606678
14 0.13560 1.593531
15 0.16540 1.601690
16 0.19630 1.627316
17 0.22890 1.659029
18 0.26730 1.639055
19 0.30350 1.655658
20 0.34130 1.695553
21 0.38280 1.719893
22 0.42490 1.747370
23 0.46650 1.746554
24 0.50780 1.758000
25 0.54660 1.758193
26 0.58850 1.805987
27 0.62310 1.814298
28 0.65860 1.820896
29 0.69530 1.843021
30 0.72810 1.878390
31 0.76110 1.885073
32 0.79010 1.874476
33 0.81610 1.893826
34 0.84080 1.907307
35 0.86180 1.937119
36 0.88030 1.901826
37 0.89780 1.904021
38 0.91120 1.901579
39 0.92440 1.916295
40 0.93400 1.925845
41 0.94450 1.944260
42 0.95330 1.952100
43 0.95900 1.955130
44 0.96420 1.958626
45 0.96900 1.959386
46 0.97350 1.962073
47 0.97700 1.959715
48 0.98030 1.964000
49 0.98240 1.964000
