0 0.00020 nan
1 0.00060 inf
2 0.00190 1.230449
3 0.00340 1.505150
4 0.00640 1.838849
5 0.01160 2.227887
6 0.01810 2.156852
7 0.02430 2.013890
8 0.03260 2.154576
9 0.04390 1.952093
10 0.05740 1.935275
11 0.07230 1.911749
12 0.09110 1.907552
13 0.11370 1.915090
14 0.13560 1.882614
15 0.16540 1.853136
16 0.19630 1.883756
17 0.22890 1.902624
18 0.26730 1.901382
19 0.30350 1.907238
20 0.34130 1.889419
21 0.38280 1.893199
22 0.42490 1.880742
23 0.46650 1.878171
24 0.50780 1.886376
25 0.54660 1.905414
26 0.58850 1.921674
27 0.62310 1.925352
28 0.65860 1.938150
29 0.69530 1.937704
30 0.72810 1.937007
31 0.76110 1.945534
32 0.79010 1.943377
33 0.81610 1.946430
34 0.84080 1.947449
35 0.86180 1.944340
36 0.88030 1.946757
37 0.89780 1.946000
38 0.91120 1.947447
39 0.92440 1.942379
40 0.93400 1.943955
41 0.94450 1.945931
42 0.95330 1.945019
43 0.95900 1.946016
44 0.96420 1.948817
45 0.96900 1.951409
46 0.97350 1.953808
47 0.97700 1.953356
48 0.98030 1.954870
49 0.98240 1.956585
