1 0.00010 0.000000
2 0.02010 1.691313
3 0.04010 1.473692
4 0.06010 1.520478
5 0.08010 1.442603
6 0.10010 1.557763
7 0.12010 1.506934
8 0.14010 1.470090
9 0.16010 1.489186
10 0.18010 1.518293
11 0.20010 1.467530
12 0.22010 1.468277
13 0.24010 1.473931
14 0.26010 1.449586
15 0.28010 1.478090
16 0.30010 1.491936
17 0.32010 1.511619
18 0.34010 1.453720
19 0.36010 1.531709
20 0.38010 1.474828
21 0.40010 1.446893
22 0.42010 1.521690
23 0.44010 1.497570
24 0.46010 1.495302
25 0.48010 1.490468
26 0.50010 1.465211
27 0.52010 1.506299
28 0.54010 1.527643
29 0.56010 1.497161
30 0.58010 1.468523
31 0.60010 1.499679
32 0.62010 1.502245
33 0.64010 1.522707
34 0.66010 1.514384
35 0.68010 1.474280
36 0.70010 1.499219
37 0.72010 1.504608
38 0.74010 1.489535
39 0.76010 1.496850
40 0.78010 1.487914
41 0.80010 1.507482
42 0.82010 1.512268
43 0.84010 1.480277
44 0.86010 1.497102
45 0.88010 1.483834
46 0.90010 1.513727
47 0.92010 1.516453
48 0.94010 1.504148
49 0.96010 1.503046
50 0.98010 1.487147
