1 0.00010 nan
2 0.02010 1.342423
3 0.04010 inf
4 0.06010 1.334454
5 0.08010 1.984527
6 0.10010 2.463893
7 0.12010 1.978865
8 0.14010 2.046105
9 0.16010 2.111710
10 0.18010 1.895791
11 0.20010 1.750894
12 0.22010 1.876886
13 0.24010 2.248246
14 0.26010 2.068650
15 0.28010 1.958850
16 0.30010 1.975078
17 0.32010 1.864085
18 0.34010 1.962080
19 0.36010 2.128261
20 0.38010 1.892200
21 0.40010 2.042144
22 0.42010 2.011253
23 0.44010 2.047474
24 0.46010 1.998332
25 0.48010 2.012361
26 0.50010 1.936666
27 0.52010 1.980571
28 0.54010 1.970251
29 0.56010 2.008845
30 0.58010 1.929145
31 0.60010 2.052523
32 0.62010 1.975956
33 0.64010 1.945972
34 0.66010 2.035134
35 0.68010 1.980464
36 0.70010 1.990156
37 0.72010 2.009535
38 0.74010 1.991506
39 0.76010 1.988667
40 0.78010 2.054806
41 0.80010 2.047372
42 0.82010 1.975409
43 0.84010 1.947975
44 0.86010 1.980127
45 0.88010 1.984379
46 0.90010 1.995363
47 0.92010 1.989294
48 0.94010 1.975986
49 0.96010 1.999214
50 0.98010 1.994614
