0 0.00240 0.120923
1 0.00960 0.199291
2 0.02190 0.430449
3 0.04110 0.641727
4 0.06670 0.814007
5 0.09770 0.883917
6 0.13400 1.086181
7 0.17250 1.270913
8 0.21560 1.440860
9 0.25930 1.568216
10 0.30180 1.644571
11 0.34670 1.717464
12 0.39210 1.791152
13 0.43720 1.839434
14 0.47940 1.868294
15 0.52130 1.886277
16 0.55700 1.915642
17 0.59200 1.934481
18 0.62080 1.950180
19 0.65010 1.957674
20 0.67730 1.964018
21 0.70650 1.972105
22 0.73120 1.980729
23 0.75420 1.988015
24 0.77510 1.992210
25 0.79320 1.992050
26 0.81080 1.994220
27 0.82490 1.994266
28 0.83960 1.996273
29 0.85160 1.998432
30 0.86370 1.998432
31 0.87270 1.998432
32 0.88300 1.999511
33 0.89190 1.999511
34 0.90160 2.000234
35 0.90870 2.000234
36 0.91610 2.000234
37 0.92160 2.000234
38 0.92690 1.998997
39 0.93120 1.998997
40 0.93660 2.000074
41 0.94230 2.001151
42 0.94720 2.002227
43 0.95040 2.003142
44 0.95460 2.002982
45 0.95820 2.002982
46 0.96090 2.001751
47 0.96360 2.001751
48 0.96670 2.001751
49 0.96910 2.001751
