0 0.00240 nan
1 0.00960 0.875061
2 0.02190 1.255273
3 0.04110 1.404406
4 0.06670 1.362721
5 0.09770 1.430325
6 0.13400 1.423400
7 0.17250 1.439333
8 0.21560 1.468404
9 0.25930 1.517565
10 0.30180 1.574401
11 0.34670 1.609803
12 0.39210 1.630466
13 0.43720 1.658281
14 0.47940 1.694088
15 0.52130 1.730237
16 0.55700 1.745300
17 0.59200 1.769068
18 0.62080 1.788494
19 0.65010 1.802751
20 0.67730 1.813575
21 0.70650 1.826333
22 0.73120 1.838436
23 0.75420 1.851258
24 0.77510 1.861824
25 0.79320 1.868806
26 0.81080 1.879524
27 0.82490 1.886231
28 0.83960 1.893788
29 0.85160 1.898323
30 0.86370 1.908019
31 0.87270 1.915997
32 0.88300 1.922204
33 0.89190 1.925055
34 0.90160 1.932755
35 0.90870 1.937515
36 0.91610 1.943090
37 0.92160 1.946602
38 0.92690 1.950470
39 0.93120 1.952664
40 0.93660 1.955182
41 0.94230 1.959677
42 0.94720 1.961828
43 0.95040 1.963896
44 0.95460 1.966856
45 0.95820 1.969402
46 0.96090 1.971364
47 0.96360 1.972278
48 0.96670 1.974446
49 0.96910 1.975005
