0 0.00050 0.000000
1 0.00170 1.033985
2 0.00300 1.249143
3 0.00600 1.277058
4 0.01020 1.318373
5 0.01490 1.395615
6 0.02190 1.404383
7 0.03020 1.501260
8 0.04060 1.520385
9 0.05110 1.545065
10 0.06450 1.543678
11 0.08150 1.578638
12 0.09960 1.591184
13 0.12060 1.554234
14 0.14670 1.580902
15 0.17550 1.594559
16 0.20290 1.610793
17 0.23540 1.590912
18 0.27200 1.576382
19 0.31400 1.676804
20 0.35990 1.691837
21 0.41000 1.717899
22 0.45960 1.731704
23 0.50780 1.783594
24 0.55250 1.784789
25 0.59500 1.814466
26 0.64120 1.847092
27 0.68050 1.827639
28 0.71550 1.864913
29 0.74830 1.890939
30 0.78140 1.865613
31 0.80980 1.891096
32 0.83420 1.905506
33 0.85420 1.907975
34 0.87340 1.886347
35 0.89230 1.894132
36 0.90750 1.913459
37 0.91960 1.926724
38 0.93030 1.938382
39 0.93910 1.948424
40 0.94710 1.947160
41 0.95530 1.945104
42 0.96250 1.952066
43 0.96830 1.939408
44 0.97330 1.936166
45 0.97570 1.934720
46 0.97880 1.934398
47 0.98140 1.937619
48 0.98470 1.931057
49 0.98670 1.932381
