0 0.00050 inf
1 0.00170 inf
2 0.00300 1.301030
3 0.00600 1.778151
4 0.01020 1.822822
5 0.01490 2.047275
6 0.02190 1.911158
7 0.03020 1.787106
8 0.04060 1.870404
9 0.05110 1.918205
10 0.06450 1.914145
11 0.08150 1.856830
12 0.09960 1.854306
13 0.12060 1.885361
14 0.14670 1.911665
15 0.17550 1.906589
16 0.20290 1.877194
17 0.23540 1.874459
18 0.27200 1.899305
19 0.31400 1.904417
20 0.35990 1.894297
21 0.41000 1.899510
22 0.45960 1.888663
23 0.50780 1.905020
24 0.55250 1.906685
25 0.59500 1.909013
26 0.64120 1.904729
27 0.68050 1.907420
28 0.71550 1.927246
29 0.74830 1.927257
30 0.78140 1.930406
31 0.80980 1.943408
32 0.83420 1.937929
33 0.85420 1.947327
34 0.87340 1.950672
35 0.89230 1.944579
36 0.90750 1.937478
37 0.91960 1.941106
38 0.93030 1.946655
39 0.93910 1.950501
40 0.94710 1.949489
41 0.95530 1.954108
42 0.96250 1.955414
43 0.96830 1.954505
44 0.97330 1.957566
45 0.97570 1.959512
46 0.97880 1.961035
47 0.98140 1.960967
48 0.98470 1.960409
49 0.98670 1.958938
