0 0.00020 0.000000
1 0.00070 0.000000
2 0.00130 2.233985
3 0.00170 0.800000
4 0.00270 1.396741
5 0.00530 1.315015
6 0.00870 1.263372
7 0.01250 1.432560
8 0.01990 1.461868
9 0.02730 1.504927
10 0.03570 1.456680
11 0.04740 1.528941
12 0.06020 1.542392
13 0.07590 1.597472
14 0.09540 1.579091
15 0.11510 1.578803
16 0.14170 1.593387
17 0.16860 1.564005
18 0.20000 1.647480
19 0.23390 1.670521
20 0.26850 1.674479
21 0.30580 1.690849
22 0.34730 1.676093
23 0.38850 1.715815
24 0.43180 1.723665
25 0.48100 1.733873
26 0.52560 1.775726
27 0.57100 1.766866
28 0.61280 1.820723
29 0.65300 1.858756
30 0.69380 1.824772
31 0.72930 1.869662
32 0.76040 1.894513
33 0.78970 1.875007
34 0.81660 1.888894
35 0.83880 1.912669
36 0.86060 1.935109
37 0.87680 1.929302
38 0.89330 1.898887
39 0.90600 1.907574
40 0.91920 1.911292
41 0.92970 1.905142
42 0.93880 1.921605
43 0.94740 1.929802
44 0.95380 1.946609
45 0.96010 1.946852
46 0.96530 1.949893
47 0.97010 1.954791
48 0.97350 1.955401
49 0.97720 1.958567
