0 0.00020 nan
1 0.00070 inf
2 0.00130 inf
3 0.00170 inf
4 0.00270 inf
5 0.00530 1.662758
6 0.00870 1.720159
7 0.01250 1.875061
8 0.01990 1.827692
9 0.02730 1.854306
10 0.03570 1.926489
11 0.04740 2.023767
12 0.06020 2.026050
13 0.07590 2.005752
14 0.09540 1.974007
15 0.11510 1.921238
16 0.14170 1.930660
17 0.16860 1.923398
18 0.20000 1.966232
19 0.23390 1.964312
20 0.26850 1.956333
21 0.30580 1.976161
22 0.34730 1.969043
23 0.38850 1.955427
24 0.43180 1.962669
25 0.48100 1.950727
26 0.52560 1.941133
27 0.57100 1.944661
28 0.61280 1.949506
29 0.65300 1.965015
30 0.69380 1.954618
31 0.72930 1.953398
32 0.76040 1.962528
33 0.78970 1.961348
34 0.81660 1.967815
35 0.83880 1.964624
36 0.86060 1.964591
37 0.87680 1.970561
38 0.89330 1.975945
39 0.90600 1.979003
40 0.91920 1.978624
41 0.92970 1.979594
42 0.93880 1.977129
43 0.94740 1.982296
44 0.95380 1.979176
45 0.96010 1.980900
46 0.96530 1.984373
47 0.97010 1.984604
48 0.97350 1.986060
49 0.97720 1.989167
