0 0.00170 0.000000
1 0.00810 0.211656
2 0.02150 0.377181
3 0.04150 0.634167
4 0.06450 0.754239
5 0.09530 0.940145
6 0.13160 1.134897
7 0.17140 1.294632
8 0.21250 1.411172
9 0.25710 1.513770
10 0.30300 1.623520
11 0.34890 1.707588
12 0.39640 1.766701
13 0.43920 1.804335
14 0.48180 1.845368
15 0.51890 1.879293
16 0.55470 1.907948
17 0.58740 1.922647
18 0.61470 1.935833
19 0.64380 1.942673
20 0.67430 1.954455
21 0.70080 1.968502
22 0.72310 1.975358
23 0.74360 1.982147
24 0.76250 1.985631
25 0.78130 1.986924
26 0.79850 1.991284
27 0.81270 1.994545
28 0.82660 1.994545
29 0.84130 1.996355
30 0.85610 1.997275
31 0.86700 1.996028
32 0.87720 1.996949
33 0.88650 1.996949
34 0.89520 1.998593
35 0.90260 1.998593
36 0.91110 2.000750
37 0.91840 2.000750
38 0.92460 2.000588
39 0.93050 2.000588
40 0.93550 2.000588
41 0.93990 2.000588
42 0.94450 2.000588
43 0.94900 2.000428
44 0.95420 2.002227
45 0.95710 2.003303
46 0.96070 2.003303
47 0.96310 2.003303
48 0.96540 2.003303
49 0.96830 2.003303
