0 0.00170 nan
1 0.00810 1.079181
2 0.02150 1.322219
3 0.04150 1.487845
4 0.06450 1.518514
5 0.09530 1.460461
6 0.13160 1.549062
7 0.17140 1.482051
8 0.21250 1.542252
9 0.25710 1.607710
10 0.30300 1.623249
11 0.34890 1.657221
12 0.39640 1.677906
13 0.43920 1.696880
14 0.48180 1.710850
15 0.51890 1.720893
16 0.55470 1.745307
17 0.58740 1.764539
18 0.61470 1.779707
19 0.64380 1.793619
20 0.67430 1.817045
21 0.70080 1.832831
22 0.72310 1.849297
23 0.74360 1.859928
24 0.76250 1.868742
25 0.78130 1.879891
26 0.79850 1.889884
27 0.81270 1.899880
28 0.82660 1.910823
29 0.84130 1.921148
30 0.85610 1.932583
31 0.86700 1.936974
32 0.87720 1.944084
33 0.88650 1.952005
34 0.89520 1.958802
35 0.90260 1.963617
36 0.91110 1.969985
37 0.91840 1.975381
38 0.92460 1.980016
39 0.93050 1.982221
40 0.93550 1.982991
41 0.93990 1.986513
42 0.94450 1.988803
43 0.94900 1.991069
44 0.95420 1.993827
45 0.95710 1.995982
46 0.96070 1.998554
47 0.96310 2.000650
48 0.96540 2.002231
49 0.96830 2.004204
