0 0.04320 1.941486
1 0.08580 1.819830
2 0.12730 1.932758
3 0.16420 1.802974
4 0.20110 1.801986
5 0.23760 1.861531
6 0.27400 1.919237
7 0.30540 1.938027
8 0.33580 1.915465
9 0.36490 1.977839
10 0.38950 1.867647
11 0.41700 1.882395
12 0.44180 1.931343
13 0.46910 1.960066
14 0.49560 1.919144
15 0.51810 1.937684
16 0.53990 1.902566
17 0.56190 1.930916
18 0.58320 1.961984
19 0.60130 1.906517
20 0.61940 1.889793
21 0.63810 1.964631
22 0.65150 1.980319
23 0.66760 1.898860
24 0.68240 1.903836
25 0.69730 1.957102
26 0.71170 1.986270
27 0.72470 1.896014
28 0.73820 1.902555
29 0.74980 1.916247
30 0.76200 1.971319
31 0.77210 1.984889
32 0.78080 1.951890
33 0.78950 1.920142
34 0.79950 1.915480
35 0.80760 1.916738
36 0.81680 1.923134
37 0.82620 1.943004
38 0.83510 1.986433
39 0.84190 1.970360
40 0.85040 1.969577
41 0.85710 1.948329
42 0.86290 1.915614
43 0.86840 1.906184
44 0.87390 1.916023
45 0.87880 1.931375
46 0.88540 1.939889
47 0.89140 1.943661
48 0.89600 1.953555
49 0.90140 1.945004
