0 0.04320 inf
1 0.08580 2.460898
2 0.12730 2.035430
3 0.16420 2.026942
4 0.20110 2.050877
5 0.23760 2.053685
6 0.27400 2.023329
7 0.30540 2.042748
8 0.33580 2.050441
9 0.36490 2.001993
10 0.38950 1.981668
11 0.41700 1.990100
12 0.44180 1.976138
13 0.46910 1.984266
14 0.49560 1.997358
15 0.51810 1.996401
16 0.53990 1.989044
17 0.56190 1.998274
18 0.58320 1.982903
19 0.60130 2.000936
20 0.61940 2.004321
21 0.63810 1.993561
22 0.65150 1.997690
23 0.66760 1.989856
24 0.68240 1.998858
25 0.69730 1.998674
26 0.71170 2.000828
27 0.72470 2.011250
28 0.73820 2.010093
29 0.74980 2.015332
30 0.76200 2.010140
31 0.77210 2.016220
32 0.78080 2.015886
33 0.78950 2.015984
34 0.79950 2.017475
35 0.80760 2.013773
36 0.81680 2.015312
37 0.82620 2.014940
38 0.83510 2.009166
39 0.84190 2.011663
40 0.85040 2.010739
41 0.85710 2.009399
42 0.86290 2.010300
43 0.86840 2.009977
44 0.87390 2.001893
45 0.87880 2.003957
46 0.88540 2.006107
47 0.89140 2.009380
48 0.89600 2.012038
49 0.90140 2.010253
