0 0.04800 1.694820
1 0.08840 1.840911
2 0.12990 1.914409
3 0.16900 1.852940
4 0.20320 1.847624
5 0.23770 1.860423
6 0.27430 1.887042
7 0.30850 1.972172
8 0.33850 1.885142
9 0.36660 1.942273
10 0.39460 1.945599
11 0.42360 1.887189
12 0.45020 1.983261
13 0.47540 1.876226
14 0.49700 1.926642
15 0.51980 1.962603
16 0.54110 1.913983
17 0.56310 1.919733
18 0.58260 1.949752
19 0.59990 1.934627
20 0.61590 1.938940
21 0.63670 1.970410
22 0.65290 1.950323
23 0.66760 1.910540
24 0.68310 1.904125
25 0.69830 1.963404
26 0.71350 1.996733
27 0.72480 1.905435
28 0.73630 1.904342
29 0.74900 1.944402
30 0.76060 1.973629
31 0.77230 1.986709
32 0.78350 1.929228
33 0.79510 1.911256
34 0.80750 1.918179
35 0.81680 1.927359
36 0.82570 1.966696
37 0.83460 1.965176
38 0.84230 1.967191
39 0.85020 1.965543
40 0.85640 1.911138
41 0.86310 1.907919
42 0.86880 1.922838
43 0.87450 1.929715
44 0.87860 1.933168
45 0.88320 1.940673
46 0.88840 1.954931
47 0.89390 1.947674
48 0.89880 1.946951
49 0.90320 1.945353
