0 0.04800 1.991226
1 0.08840 2.513218
2 0.12990 2.339783
3 0.16900 2.273387
4 0.20320 2.250420
5 0.23770 2.111183
6 0.27430 2.051894
7 0.30850 2.018192
8 0.33850 2.023154
9 0.36660 2.044239
10 0.39460 2.023722
11 0.42360 2.030195
12 0.45020 2.021189
13 0.47540 2.019215
14 0.49700 2.021144
15 0.51980 2.022305
16 0.54110 2.018601
17 0.56310 2.009840
18 0.58260 2.015155
19 0.59990 2.033517
20 0.61590 2.026877
21 0.63670 2.022852
22 0.65290 2.011132
23 0.66760 2.013796
24 0.68310 2.016217
25 0.69830 2.005868
26 0.71350 2.001968
27 0.72480 2.008472
28 0.73630 2.011450
29 0.74900 2.017553
30 0.76060 2.019107
31 0.77230 2.024407
32 0.78350 2.010023
33 0.79510 2.008229
34 0.80750 2.001995
35 0.81680 2.003853
36 0.82570 2.007699
37 0.83460 2.008793
38 0.84230 2.002450
39 0.85020 2.000015
40 0.85640 2.000274
41 0.86310 1.997906
42 0.86880 1.994985
43 0.87450 1.995971
44 0.87860 1.995809
45 0.88320 1.995965
46 0.88840 1.998361
47 0.89390 1.998033
48 0.89880 1.995635
49 0.90320 1.997378
