0 0.04530 1.761971
1 0.09230 1.835677
2 0.13450 1.937447
3 0.17350 1.841922
4 0.20990 1.831199
5 0.24680 1.868460
6 0.28040 1.892126
7 0.31350 1.966627
8 0.34540 1.932777
9 0.37610 1.871871
10 0.40470 1.970030
11 0.43030 1.896204
12 0.45880 1.999379
13 0.48580 1.899540
14 0.50930 1.960370
15 0.53340 1.909187
16 0.55610 1.930540
17 0.57770 1.960392
18 0.59600 1.929386
19 0.61450 1.899989
20 0.63090 1.961524
21 0.64560 1.980088
22 0.65960 1.908080
23 0.67420 1.908102
24 0.69190 1.956902
25 0.70740 1.985121
26 0.72030 1.908026
27 0.73240 1.900839
28 0.74400 1.921988
29 0.75510 1.974428
30 0.76560 1.981849
31 0.77480 1.946797
32 0.78430 1.906858
33 0.79560 1.922553
34 0.80430 1.923891
35 0.81400 1.950117
36 0.82200 1.989271
37 0.82990 1.971311
38 0.83890 1.957537
39 0.84620 1.958951
40 0.85330 1.925479
41 0.86050 1.909145
42 0.86590 1.913666
43 0.87170 1.931048
44 0.87770 1.935806
45 0.88280 1.939053
46 0.88770 1.944386
47 0.89380 1.940454
48 0.89900 1.937718
49 0.90330 1.941869
