0 0.04530 inf
1 0.09230 2.510545
2 0.13450 2.544068
3 0.17350 2.113200
4 0.20990 2.053591
5 0.24680 1.973313
6 0.28040 1.908630
7 0.31350 1.924624
8 0.34540 1.933656
9 0.37610 1.946943
10 0.40470 1.965174
11 0.43030 1.996791
12 0.45880 2.016337
13 0.48580 2.018184
14 0.50930 2.040915
15 0.53340 2.038779
16 0.55610 2.030297
17 0.57770 2.017841
18 0.59600 2.020968
19 0.61450 2.024444
20 0.63090 2.014052
21 0.64560 2.000135
22 0.65960 1.999254
23 0.67420 2.008305
24 0.69190 2.000140
25 0.70740 1.998438
26 0.72030 2.003073
27 0.73240 2.005913
28 0.74400 2.005051
29 0.75510 2.005444
30 0.76560 2.001726
31 0.77480 2.003147
32 0.78430 2.000948
33 0.79560 2.002909
34 0.80430 2.004114
35 0.81400 2.006998
36 0.82200 2.005714
37 0.82990 2.010375
38 0.83890 2.005181
39 0.84620 2.006419
40 0.85330 2.010678
41 0.86050 2.010052
42 0.86590 2.008243
43 0.87170 2.009410
44 0.87770 2.009616
45 0.88280 2.013382
46 0.88770 2.017927
47 0.89380 2.017999
48 0.89900 2.014844
49 0.90330 2.017499
