0 0.00050 0.310112
1 0.00110 0.594300
2 0.00270 0.478977
3 0.00560 0.445138
4 0.01010 0.583445
5 0.01680 0.735751
6 0.02280 0.790361
7 0.03310 0.866767
8 0.04360 1.045848
9 0.05650 1.028142
10 0.07250 1.025245
11 0.09230 1.125106
12 0.11330 1.114610
13 0.13820 1.039277
14 0.16350 1.145498
15 0.19050 1.231949
16 0.22070 1.272422
17 0.25310 1.373740
18 0.28660 1.413946
19 0.31980 1.452933
20 0.35480 1.534071
21 0.39090 1.575164
22 0.42340 1.604813
23 0.46070 1.645054
24 0.49450 1.690003
25 0.53060 1.721978
26 0.56640 1.761380
27 0.59990 1.796092
28 0.63500 1.794142
29 0.66600 1.823155
30 0.69640 1.848845
31 0.72580 1.876181
32 0.75420 1.901562
33 0.77790 1.911993
34 0.79860 1.916832
35 0.81750 1.928436
36 0.83610 1.945496
37 0.85250 1.956047
38 0.86800 1.958614
39 0.88160 1.962876
40 0.89510 1.971263
41 0.90610 1.973305
42 0.91500 1.976427
43 0.92310 1.980760
44 0.93180 1.981699
45 0.93760 1.982778
46 0.94240 1.983366
47 0.94790 1.984444
48 0.95320 1.985173
49 0.95810 1.985901
