0 0.00050 inf
1 0.00110 0.301030
2 0.00270 0.954243
3 0.00560 1.439333
4 0.01010 1.330993
5 0.01680 1.459667
6 0.02280 1.554443
7 0.03310 1.674976
8 0.04360 1.741193
9 0.05650 1.785948
10 0.07250 1.902618
11 0.09230 1.800970
12 0.11330 1.808340
13 0.13820 1.792158
14 0.16350 1.794624
15 0.19050 1.798285
16 0.22070 1.809358
17 0.25310 1.792797
18 0.28660 1.800195
19 0.31980 1.799918
20 0.35480 1.804096
21 0.39090 1.802703
22 0.42340 1.813268
23 0.46070 1.826104
24 0.49450 1.840454
25 0.53060 1.838924
26 0.56640 1.859338
27 0.59990 1.863954
28 0.63500 1.871089
29 0.66600 1.873852
30 0.69640 1.882381
31 0.72580 1.892596
32 0.75420 1.892292
33 0.77790 1.897896
34 0.79860 1.904009
35 0.81750 1.912139
36 0.83610 1.921074
37 0.85250 1.926379
38 0.86800 1.930160
39 0.88160 1.933546
40 0.89510 1.940006
41 0.90610 1.944871
42 0.91500 1.950041
43 0.92310 1.950287
44 0.93180 1.954517
45 0.93760 1.957304
46 0.94240 1.960405
47 0.94790 1.962560
48 0.95320 1.966099
49 0.95810 1.969119
