0 0.00040 0.000000
1 0.00140 0.701955
2 0.00240 1.562756
3 0.00470 1.344236
4 0.00820 1.244413
5 0.01400 1.253073
6 0.02100 1.385238
7 0.03210 1.515947
8 0.04710 1.453882
9 0.06370 1.573394
10 0.08310 1.530198
11 0.10820 1.597208
12 0.13560 1.592897
13 0.16640 1.618706
14 0.19960 1.643755
15 0.23470 1.672078
16 0.27050 1.719451
17 0.30690 1.717965
18 0.34350 1.709251
19 0.38440 1.711315
20 0.42470 1.707006
21 0.46870 1.742719
22 0.51250 1.770071
23 0.55370 1.788514
24 0.59150 1.810100
25 0.63620 1.799925
26 0.67240 1.835973
27 0.70490 1.857383
28 0.73810 1.849578
29 0.76650 1.865326
30 0.79380 1.892748
31 0.82040 1.900972
32 0.84220 1.920384
33 0.86140 1.903887
34 0.87980 1.895812
35 0.89660 1.898335
36 0.90930 1.905559
37 0.92160 1.920378
38 0.93260 1.928033
39 0.94310 1.938957
40 0.94990 1.945876
41 0.95610 1.949560
42 0.96100 1.953194
43 0.96560 1.957150
44 0.97060 1.958870
45 0.97300 1.959671
46 0.97610 1.963814
47 0.98060 1.964754
48 0.98280 1.970277
49 0.98480 1.970928
