0 0.00040 nan
1 0.00140 inf
2 0.00240 inf
3 0.00470 inf
4 0.00820 inf
5 0.01400 2.093422
6 0.02100 2.303196
7 0.03210 1.967314
8 0.04710 1.954931
9 0.06370 1.873723
10 0.08310 1.925191
11 0.10820 1.856686
12 0.13560 1.866686
13 0.16640 1.928932
14 0.19960 1.978404
15 0.23470 1.960946
16 0.27050 1.961223
17 0.30690 1.965134
18 0.34350 1.963788
19 0.38440 1.968819
20 0.42470 1.990598
21 0.46870 1.979791
22 0.51250 1.990204
23 0.55370 1.979686
24 0.59150 1.985220
25 0.63620 1.982426
26 0.67240 1.981292
27 0.70490 1.979003
28 0.73810 1.976991
29 0.76650 1.973722
30 0.79380 1.983078
31 0.82040 1.987617
32 0.84220 1.998171
33 0.86140 1.998916
34 0.87980 1.998481
35 0.89660 1.993409
36 0.90930 1.993614
37 0.92160 1.991226
38 0.93260 1.992570
39 0.94310 1.993996
40 0.94990 1.996571
41 0.95610 1.994723
42 0.96100 1.996978
43 0.96560 1.996931
44 0.97060 1.997301
45 0.97300 1.997794
46 0.97610 1.997382
47 0.98060 2.000760
48 0.98280 2.001119
49 0.98480 2.002317
