0 0.04650 1.687070
1 0.09210 1.845087
2 0.13340 1.989160
3 0.17380 1.850920
4 0.21350 1.879631
5 0.24950 1.881939
6 0.28250 1.912332
7 0.31650 1.968179
8 0.34740 1.946028
9 0.37600 1.873299
10 0.40460 1.983867
11 0.43210 1.902619
12 0.45820 1.959512
13 0.48450 1.934865
14 0.51010 1.961795
15 0.53220 1.904291
16 0.55060 1.933998
17 0.57250 1.943574
18 0.59340 1.927793
19 0.61350 1.896785
20 0.62960 1.969904
21 0.64650 1.963674
22 0.66330 1.901860
23 0.67850 1.902046
24 0.69180 1.952321
25 0.70410 1.976960
26 0.71850 1.979858
27 0.73160 1.896590
28 0.74410 1.903574
29 0.75540 1.961011
30 0.76800 1.966835
31 0.77950 1.965947
32 0.78870 1.916957
33 0.79740 1.904524
34 0.80600 1.912034
35 0.81460 1.920766
36 0.82350 1.919652
37 0.83000 1.961542
38 0.83780 1.974194
39 0.84460 1.957839
40 0.85170 1.959745
41 0.85700 1.958079
42 0.86440 1.907167
43 0.87040 1.903573
44 0.87740 1.911336
45 0.88230 1.933290
46 0.88840 1.939072
47 0.89440 1.958639
48 0.89880 1.942632
49 0.90430 1.942040
