0 0.04650 inf
1 0.09210 2.206826
2 0.13340 1.989323
3 0.17380 1.984902
4 0.21350 2.093922
5 0.24950 1.974420
6 0.28250 1.977866
7 0.31650 1.998397
8 0.34740 1.965013
9 0.37600 1.954403
10 0.40460 1.938269
11 0.43210 1.931664
12 0.45820 1.903681
13 0.48450 1.925808
14 0.51010 1.933041
15 0.53220 1.942362
16 0.55060 1.947294
17 0.57250 1.950106
18 0.59340 1.959836
19 0.61350 1.956945
20 0.62960 1.955960
21 0.64650 1.958775
22 0.66330 1.966510
23 0.67850 1.969406
24 0.69180 1.972334
25 0.70410 1.982069
26 0.71850 1.987269
27 0.73160 1.992078
28 0.74410 1.992292
29 0.75540 2.000097
30 0.76800 1.998361
31 0.77950 2.005166
32 0.78870 2.008206
33 0.79740 2.006869
34 0.80600 2.005695
35 0.81460 2.001311
36 0.82350 2.002059
37 0.83000 1.994117
38 0.83780 1.992754
39 0.84460 1.992243
40 0.85170 1.993260
41 0.85700 1.994605
42 0.86440 1.989826
43 0.87040 1.988438
44 0.87740 1.988107
45 0.88230 1.988768
46 0.88840 1.991750
47 0.89440 1.993966
48 0.89880 1.998182
49 0.90430 1.999564
