0 0.00040 0.199902
1 0.00090 0.622666
2 0.00170 0.694371
3 0.00350 0.462192
4 0.00620 0.429259
5 0.01080 0.600113
6 0.01670 0.590566
7 0.02450 0.619554
8 0.03410 0.955610
9 0.04560 0.879742
10 0.05960 0.951605
11 0.07630 0.995173
12 0.09640 1.064711
13 0.12080 1.126375
14 0.14550 1.183470
15 0.17320 1.228949
16 0.20300 1.278312
17 0.23460 1.284894
18 0.26880 1.356273
19 0.30350 1.431971
20 0.34380 1.539135
21 0.37860 1.580273
22 0.41420 1.611657
23 0.45130 1.649244
24 0.48960 1.683651
25 0.52630 1.723093
26 0.56230 1.752952
27 0.59420 1.766569
28 0.62800 1.808376
29 0.66180 1.833960
30 0.69040 1.847678
31 0.71980 1.869067
32 0.74420 1.890543
33 0.76980 1.913894
34 0.79190 1.938280
35 0.81140 1.950309
36 0.83010 1.958320
37 0.84720 1.969761
38 0.86390 1.976458
39 0.87770 1.980894
40 0.89240 1.983810
41 0.90370 1.984745
42 0.91510 1.989310
43 0.92590 1.989877
44 0.93340 1.992050
45 0.94000 1.993135
46 0.94490 1.994945
47 0.94940 1.996028
48 0.95510 1.998193
49 0.95930 2.000354
