0 0.00040 inf
1 0.00090 0.602060
2 0.00170 1.000000
3 0.00350 1.190332
4 0.00620 1.436693
5 0.01080 1.420506
6 0.01670 1.675167
7 0.02450 1.709458
8 0.03410 1.828660
9 0.04560 1.764308
10 0.05960 1.690852
11 0.07630 1.695982
12 0.09640 1.744293
13 0.12080 1.743174
14 0.14550 1.729705
15 0.17320 1.734331
16 0.20300 1.749251
17 0.23460 1.751063
18 0.26880 1.768994
19 0.30350 1.770756
20 0.34380 1.773449
21 0.37860 1.801913
22 0.41420 1.816307
23 0.45130 1.832033
24 0.48960 1.840393
25 0.52630 1.850936
26 0.56230 1.859589
27 0.59420 1.870404
28 0.62800 1.879004
29 0.66180 1.883138
30 0.69040 1.879996
31 0.71980 1.894414
32 0.74420 1.900262
33 0.76980 1.908144
34 0.79190 1.909745
35 0.81140 1.905556
36 0.83010 1.910825
37 0.84720 1.917754
38 0.86390 1.916481
39 0.87770 1.915827
40 0.89240 1.918781
41 0.90370 1.921858
42 0.91510 1.924442
43 0.92590 1.926069
44 0.93340 1.927400
45 0.94000 1.931658
46 0.94490 1.931750
47 0.94940 1.934641
48 0.95510 1.938293
49 0.95930 1.939543
