0 0.00220 0.035642
1 0.00980 0.220610
2 0.02530 0.404629
3 0.04850 0.680669
4 0.07870 0.918539
5 0.11420 1.053861
6 0.15350 1.225187
7 0.19360 1.364970
8 0.23440 1.470117
9 0.28120 1.604898
10 0.32590 1.669817
11 0.36910 1.746458
12 0.41090 1.818677
13 0.45380 1.855846
14 0.49190 1.891822
15 0.52660 1.916805
16 0.56250 1.932049
17 0.59860 1.947633
18 0.62950 1.958494
19 0.66030 1.965744
20 0.68650 1.974570
21 0.71110 1.982836
22 0.73640 1.983242
23 0.75620 1.986359
24 0.77340 1.989267
25 0.79420 1.992202
26 0.80940 1.991523
27 0.82450 1.993174
28 0.83700 1.993900
29 0.85150 1.992660
30 0.86480 1.993742
31 0.87500 1.994823
32 0.88430 1.994823
33 0.89270 1.994311
34 0.90080 1.997549
35 0.90920 1.998627
36 0.91630 1.998627
37 0.92470 1.997391
38 0.93110 1.996158
39 0.93490 1.996158
40 0.94010 1.996158
41 0.94530 1.998311
42 0.95030 1.998311
43 0.95330 1.999387
44 0.95660 1.999387
45 0.96010 1.999387
46 0.96270 2.001534
47 0.96610 2.001534
48 0.96850 2.002259
49 0.97070 2.003331
