0 0.00220 0.301030
1 0.00980 1.204120
2 0.02530 1.420506
3 0.04850 1.302697
4 0.07870 1.260361
5 0.11420 1.338925
6 0.15350 1.388673
7 0.19360 1.400798
8 0.23440 1.458730
9 0.28120 1.513892
10 0.32590 1.539793
11 0.36910 1.564643
12 0.41090 1.589295
13 0.45380 1.626959
14 0.49190 1.647280
15 0.52660 1.671153
16 0.56250 1.696677
17 0.59860 1.728262
18 0.62950 1.751120
19 0.66030 1.773795
20 0.68650 1.782068
21 0.71110 1.795251
22 0.73640 1.811894
23 0.75620 1.823903
24 0.77340 1.837162
25 0.79420 1.849870
26 0.80940 1.858347
27 0.82450 1.870754
28 0.83700 1.879484
29 0.85150 1.889498
30 0.86480 1.895748
31 0.87500 1.898503
32 0.88430 1.903418
33 0.89270 1.909293
34 0.90080 1.913933
35 0.90920 1.918818
36 0.91630 1.917691
37 0.92470 1.924279
38 0.93110 1.928068
39 0.93490 1.931065
40 0.94010 1.935226
41 0.94530 1.938361
42 0.95030 1.942637
43 0.95330 1.944687
44 0.95660 1.945825
45 0.96010 1.948403
46 0.96270 1.949983
47 0.96610 1.952690
48 0.96850 1.954665
49 0.97070 1.956070
