0 0.00040 1.726690
1 0.00110 0.845238
2 0.00180 0.414132
3 0.00300 0.598612
4 0.00500 0.666677
5 0.00810 0.663477
6 0.01190 1.022207
7 0.01630 0.965945
8 0.02330 0.735068
9 0.03330 0.811834
10 0.04540 0.844015
11 0.05840 0.903171
12 0.07310 1.077030
13 0.09170 1.155449
14 0.11060 1.120695
15 0.13570 1.159279
16 0.15980 1.243175
17 0.19230 1.264558
18 0.22190 1.312412
19 0.25570 1.389853
20 0.29100 1.457758
21 0.32540 1.505259
22 0.35950 1.526085
23 0.39470 1.559381
24 0.43170 1.594629
25 0.46820 1.648587
26 0.50450 1.677481
27 0.53930 1.712026
28 0.57480 1.745897
29 0.60700 1.780575
30 0.63690 1.798505
31 0.66620 1.822672
32 0.69380 1.855033
33 0.72070 1.878703
34 0.74520 1.904228
35 0.76670 1.918672
36 0.78790 1.928364
37 0.80940 1.933862
38 0.82660 1.940342
39 0.84270 1.953389
40 0.85900 1.960375
41 0.87330 1.967072
42 0.88700 1.976146
43 0.89790 1.980165
44 0.90820 1.984175
45 0.91820 1.986359
46 0.92810 1.984587
47 0.93470 1.986610
48 0.94160 1.988626
49 0.94600 1.989712
