0 0.00040 0.477121
1 0.00110 0.929419
2 0.00180 0.970037
3 0.00300 1.194977
4 0.00500 1.414973
5 0.00810 1.662758
6 0.01190 1.769008
7 0.01630 1.818226
8 0.02330 1.910269
9 0.03330 1.728041
10 0.04540 1.624540
11 0.05840 1.555063
12 0.07310 1.616380
13 0.09170 1.657460
14 0.11060 1.722222
15 0.13570 1.727039
16 0.15980 1.750799
17 0.19230 1.762541
18 0.22190 1.778289
19 0.25570 1.813681
20 0.29100 1.823790
21 0.32540 1.839602
22 0.35950 1.856241
23 0.39470 1.864712
24 0.43170 1.866397
25 0.46820 1.878103
26 0.50450 1.885898
27 0.53930 1.889290
28 0.57480 1.888772
29 0.60700 1.901008
30 0.63690 1.900016
31 0.66620 1.902536
32 0.69380 1.910245
33 0.72070 1.920640
34 0.74520 1.926182
35 0.76670 1.934374
36 0.78790 1.943642
37 0.80940 1.950188
38 0.82660 1.957382
39 0.84270 1.960748
40 0.85900 1.961697
41 0.87330 1.962695
42 0.88700 1.965096
43 0.89790 1.972060
44 0.90820 1.974849
45 0.91820 1.979929
46 0.92810 1.981370
47 0.93470 1.984183
48 0.94160 1.986796
49 0.94600 1.985087
