0 0.00020 0.000000
1 0.00090 0.214230
2 0.00160 0.146424
3 0.00300 0.262290
4 0.00550 0.422283
5 0.01010 0.676605
6 0.01570 0.601125
7 0.02290 0.766901
8 0.03240 0.922205
9 0.04490 1.002379
10 0.05930 0.987603
11 0.07550 1.011366
12 0.09330 1.086503
13 0.11570 1.126220
14 0.14390 1.189759
15 0.17420 1.289658
16 0.20360 1.341764
17 0.23440 1.331789
18 0.26820 1.365144
19 0.30490 1.428593
20 0.34200 1.481108
21 0.37690 1.529186
22 0.41260 1.648857
23 0.44780 1.664459
24 0.48040 1.707882
25 0.51980 1.745384
26 0.55230 1.762635
27 0.58440 1.778480
28 0.61570 1.803061
29 0.64790 1.829814
30 0.67680 1.860419
31 0.70640 1.857899
32 0.73060 1.880148
33 0.75260 1.896208
34 0.77630 1.912532
35 0.79540 1.916131
36 0.81410 1.931994
37 0.83090 1.936565
38 0.84560 1.947521
39 0.86000 1.959050
40 0.87290 1.971817
41 0.88330 1.973865
42 0.89390 1.979208
43 0.90480 1.984003
44 0.91290 1.988379
45 0.92100 1.992621
46 0.92910 1.991949
47 0.93500 1.992676
48 0.94060 1.992520
49 0.94560 1.993742
