0 0.00020 nan
1 0.00090 inf
2 0.00160 0.778151
3 0.00300 0.954243
4 0.00550 1.477121
5 0.01010 1.272173
6 0.01570 1.380211
7 0.02290 1.492438
8 0.03240 1.619093
9 0.04490 1.649520
10 0.05930 1.742568
11 0.07550 1.733339
12 0.09330 1.718275
13 0.11570 1.791795
14 0.14390 1.776540
15 0.17420 1.805637
16 0.20360 1.816768
17 0.23440 1.851131
18 0.26820 1.858526
19 0.30490 1.858593
20 0.34200 1.849798
21 0.37690 1.846547
22 0.41260 1.849767
23 0.44780 1.866730
24 0.48040 1.874708
25 0.51980 1.883996
26 0.55230 1.885435
27 0.58440 1.902063
28 0.61570 1.918496
29 0.64790 1.925015
30 0.67680 1.922708
31 0.70640 1.926738
32 0.73060 1.929763
33 0.75260 1.930924
34 0.77630 1.937679
35 0.79540 1.943849
36 0.81410 1.953397
37 0.83090 1.961086
38 0.84560 1.959973
39 0.86000 1.967237
40 0.87290 1.967601
41 0.88330 1.972117
42 0.89390 1.976653
43 0.90480 1.980887
44 0.91290 1.984521
45 0.92100 1.984311
46 0.92910 1.988006
47 0.93500 1.991480
48 0.94060 1.994411
49 0.94560 1.997346
