0 0.00040 0.000000
1 0.00120 0.081844
2 0.00340 0.682906
3 0.00530 0.429721
4 0.00840 0.585622
5 0.01310 0.718769
6 0.02100 0.883153
7 0.03210 0.936423
8 0.04620 0.939567
9 0.06380 0.945100
10 0.08550 0.944476
11 0.10600 1.032661
12 0.12870 1.175396
13 0.15400 1.220526
14 0.18210 1.265133
15 0.21310 1.297941
16 0.24320 1.354644
17 0.28060 1.423059
18 0.31890 1.476710
19 0.35670 1.530407
20 0.39510 1.578724
21 0.43380 1.593918
22 0.47250 1.618710
23 0.51520 1.657934
24 0.55500 1.710586
25 0.59340 1.758966
26 0.63020 1.802683
27 0.66260 1.825569
28 0.69310 1.864674
29 0.72270 1.898733
30 0.75240 1.923678
31 0.77920 1.939365
32 0.80370 1.954550
33 0.82610 1.969695
34 0.84450 1.973568
35 0.86190 1.982307
36 0.87580 1.984331
37 0.88970 1.989042
38 0.90130 1.989614
39 0.91100 1.990697
40 0.91980 1.990697
41 0.92830 1.994666
42 0.93610 1.996824
43 0.94220 1.997902
44 0.94730 1.998627
45 0.95210 1.998627
46 0.95580 1.998468
47 0.95960 1.998468
48 0.96340 2.000269
49 0.96600 2.000269
