0 0.00040 nan
1 0.00120 inf
2 0.00340 1.518514
3 0.00530 1.716003
4 0.00840 1.462398
5 0.01310 1.620656
6 0.02100 1.660391
7 0.03210 1.631299
8 0.04620 1.606479
9 0.06380 1.633468
10 0.08550 1.695701
11 0.10600 1.671762
12 0.12870 1.687907
13 0.15400 1.695810
14 0.18210 1.727506
15 0.21310 1.760676
16 0.24320 1.799469
17 0.28060 1.804439
18 0.31890 1.797696
19 0.35670 1.821608
20 0.39510 1.833966
21 0.43380 1.849150
22 0.47250 1.860469
23 0.51520 1.862559
24 0.55500 1.885839
25 0.59340 1.893546
26 0.63020 1.908609
27 0.66260 1.909881
28 0.69310 1.916720
29 0.72270 1.911488
30 0.75240 1.920813
31 0.77920 1.925290
32 0.80370 1.939383
33 0.82610 1.950732
34 0.84450 1.957029
35 0.86190 1.967098
36 0.87580 1.971491
37 0.88970 1.976974
38 0.90130 1.974747
39 0.91100 1.976656
40 0.91980 1.980003
41 0.92830 1.982768
42 0.93610 1.985338
43 0.94220 1.986455
44 0.94730 1.989489
45 0.95210 1.992501
46 0.95580 1.994716
47 0.95960 1.997289
48 0.96340 1.999457
49 0.96600 2.001026
