0 0.00050 0.000000
1 0.00170 1.033985
2 0.00280 1.901955
3 0.00380 1.101955
4 0.00630 1.321602
5 0.01020 1.252400
6 0.01580 1.378904
7 0.02180 1.211045
8 0.03010 1.397584
9 0.04130 1.444672
10 0.05500 1.489858
11 0.07130 1.510187
12 0.09140 1.618616
13 0.11350 1.587064
14 0.13930 1.590393
15 0.16920 1.571894
16 0.19750 1.635195
17 0.23170 1.666557
18 0.26730 1.658525
19 0.30720 1.700511
20 0.34470 1.682139
21 0.38770 1.722494
22 0.42720 1.723665
23 0.47150 1.738889
24 0.51620 1.757697
25 0.55810 1.766040
26 0.59820 1.800365
27 0.64000 1.837064
28 0.67790 1.849645
29 0.71710 1.845726
30 0.74780 1.895981
31 0.77790 1.871597
32 0.80870 1.887769
33 0.83260 1.902327
34 0.85230 1.927174
35 0.86940 1.914939
36 0.88760 1.901361
37 0.90460 1.897133
38 0.91810 1.907850
39 0.92910 1.928000
40 0.93930 1.947745
41 0.94670 1.946665
42 0.95290 1.948918
43 0.95900 1.955313
44 0.96460 1.955603
45 0.97020 1.961014
46 0.97420 1.963201
47 0.97760 1.964000
48 0.98050 1.964941
49 0.98370 1.965411
