0 0.00050 nan
1 0.00170 inf
2 0.00280 1.477121
3 0.00380 1.690196
4 0.00630 1.869232
5 0.01020 2.110590
6 0.01580 1.873127
7 0.02180 1.926857
8 0.03010 1.829763
9 0.04130 1.884607
10 0.05500 1.883006
11 0.07130 1.921686
12 0.09140 1.923047
13 0.11350 1.885738
14 0.13930 1.875951
15 0.16920 1.897861
16 0.19750 1.866001
17 0.23170 1.864730
18 0.26730 1.889568
19 0.30720 1.871259
20 0.34470 1.893022
21 0.38770 1.908527
22 0.42720 1.915452
23 0.47150 1.918587
24 0.51620 1.922154
25 0.55810 1.931189
26 0.59820 1.929758
27 0.64000 1.938986
28 0.67790 1.947252
29 0.71710 1.964015
30 0.74780 1.955335
31 0.77790 1.952247
32 0.80870 1.954227
33 0.83260 1.939275
34 0.85230 1.940196
35 0.86940 1.943301
36 0.88760 1.945242
37 0.90460 1.952084
38 0.91810 1.958013
39 0.92910 1.959374
40 0.93930 1.965233
41 0.94670 1.969460
42 0.95290 1.969560
43 0.95900 1.968761
44 0.96460 1.973259
45 0.97020 1.975337
46 0.97420 1.978653
47 0.97760 1.980243
48 0.98050 1.981435
49 0.98370 1.982768
