0 0.00010 0.000000
1 0.00020 0.000000
2 0.00040 0.599706
3 0.00070 0.436802
4 0.00150 0.394962
5 0.00280 0.233617
6 0.00580 0.437332
7 0.00950 0.447168
8 0.01530 0.557561
9 0.02440 0.885402
10 0.03540 0.932136
11 0.04760 0.943604
12 0.06410 1.045298
13 0.08120 1.088662
14 0.10180 1.136969
15 0.12460 1.148859
16 0.15460 1.236782
17 0.18610 1.289060
18 0.22140 1.305408
19 0.25430 1.365523
20 0.28740 1.392737
21 0.32920 1.458736
22 0.36810 1.523481
23 0.40630 1.568861
24 0.44450 1.612058
25 0.48230 1.669810
26 0.52050 1.714334
27 0.55760 1.757311
28 0.59610 1.783796
29 0.63060 1.812701
30 0.66720 1.833338
31 0.69720 1.860785
32 0.72590 1.886281
33 0.75300 1.903034
34 0.77790 1.925221
35 0.79960 1.929225
36 0.82140 1.949445
37 0.84000 1.955709
38 0.85770 1.964285
39 0.87300 1.966758
40 0.88630 1.970058
41 0.89950 1.980641
42 0.91110 1.988478
43 0.92040 1.992459
44 0.92850 1.993385
45 0.93590 1.993230
46 0.94000 1.993230
47 0.94610 1.991692
48 0.95080 1.992621
49 0.95600 1.992621
