0 0.00010 nan
1 0.00020 nan
2 0.00040 nan
3 0.00070 inf
4 0.00150 inf
5 0.00280 0.845098
6 0.00580 1.612784
7 0.00950 1.919078
8 0.01530 1.765917
9 0.02440 1.469822
10 0.03540 1.629410
11 0.04760 1.663207
12 0.06410 1.625437
13 0.08120 1.624450
14 0.10180 1.663701
15 0.12460 1.701904
16 0.15460 1.734991
17 0.18610 1.745416
18 0.22140 1.767301
19 0.25430 1.768145
20 0.28740 1.807886
21 0.32920 1.813003
22 0.36810 1.825052
23 0.40630 1.837072
24 0.44450 1.835519
25 0.48230 1.860381
26 0.52050 1.864749
27 0.55760 1.875755
28 0.59610 1.875171
29 0.63060 1.895341
30 0.66720 1.910104
31 0.69720 1.919671
32 0.72590 1.933886
33 0.75300 1.936585
34 0.77790 1.941222
35 0.79960 1.942444
36 0.82140 1.948651
37 0.84000 1.955032
38 0.85770 1.959877
39 0.87300 1.968884
40 0.88630 1.969928
41 0.89950 1.973501
42 0.91110 1.976801
43 0.92040 1.981211
44 0.92850 1.983991
45 0.93590 1.988962
46 0.94000 1.991493
47 0.94610 1.995130
48 0.95080 1.995312
49 0.95600 1.998400
