0 0.04860 1.660231
1 0.09450 1.865132
2 0.13770 1.940017
3 0.17290 1.897855
4 0.21240 1.830590
5 0.24640 1.856919
6 0.28030 1.883378
7 0.31170 1.964627
8 0.34020 1.900283
9 0.36860 1.910809
10 0.39500 1.951455
11 0.42280 1.883903
12 0.44890 1.974454
13 0.47550 1.903688
14 0.50090 1.941544
15 0.52350 1.907764
16 0.54410 1.938829
17 0.56620 1.964980
18 0.58620 1.931542
19 0.60290 1.915069
20 0.61950 1.963795
21 0.63580 1.929760
22 0.65160 1.903007
23 0.66660 1.940380
24 0.68290 1.965157
25 0.69770 1.918690
26 0.71220 1.892320
27 0.72600 1.901349
28 0.73680 1.943777
29 0.75010 1.972829
30 0.76090 1.946001
31 0.77260 1.907390
32 0.78410 1.918839
33 0.79480 1.919251
34 0.80590 1.941527
35 0.81670 1.962903
36 0.82650 1.965313
37 0.83360 1.958461
38 0.84190 1.910162
39 0.84990 1.918822
40 0.85690 1.928454
41 0.86380 1.930811
42 0.87090 1.938326
43 0.87710 1.946126
44 0.88190 1.941389
45 0.88710 1.939181
46 0.89330 1.947494
47 0.89850 1.958125
48 0.90290 1.964239
49 0.90740 1.973360
