0 0.04860 1.633468
1 0.09450 1.949390
2 0.13770 1.783546
3 0.17290 1.801632
4 0.21240 1.816610
5 0.24640 1.874337
6 0.28030 1.909894
7 0.31170 1.910079
8 0.34020 1.883806
9 0.36860 1.884607
10 0.39500 1.896770
11 0.42280 1.925026
12 0.44890 1.923343
13 0.47550 1.926636
14 0.50090 1.923439
15 0.52350 1.925174
16 0.54410 1.929118
17 0.56620 1.934986
18 0.58620 1.933332
19 0.60290 1.929235
20 0.61950 1.929622
21 0.63580 1.934416
22 0.65160 1.923491
23 0.66660 1.934725
24 0.68290 1.932445
25 0.69770 1.933423
26 0.71220 1.941327
27 0.72600 1.938291
28 0.73680 1.937427
29 0.75010 1.940294
30 0.76090 1.944213
31 0.77260 1.940382
32 0.78410 1.945574
33 0.79480 1.951965
34 0.80590 1.955452
35 0.81670 1.950667
36 0.82650 1.951046
37 0.83360 1.952717
38 0.84190 1.952999
39 0.84990 1.953332
40 0.85690 1.951110
41 0.86380 1.949600
42 0.87090 1.951588
43 0.87710 1.950873
44 0.88190 1.949189
45 0.88710 1.950512
46 0.89330 1.951312
47 0.89850 1.950027
48 0.90290 1.951466
49 0.90740 1.953333
