0 0.04540 1.697063
1 0.09040 1.910995
2 0.13550 1.854163
3 0.17550 1.821996
4 0.21120 1.850911
5 0.24800 1.879192
6 0.28190 1.906701
7 0.31350 1.977303
8 0.34420 1.922555
9 0.37180 1.864114
10 0.39700 1.976969
11 0.42470 1.880527
12 0.44820 1.992524
13 0.47270 1.873204
14 0.49450 1.962108
15 0.51500 1.962704
16 0.53610 1.905150
17 0.55560 1.933849
18 0.57690 1.964980
19 0.59740 1.922142
20 0.61390 1.905111
21 0.63170 1.974592
22 0.64860 1.918466
23 0.66510 1.906857
24 0.68080 1.942176
25 0.69520 1.962067
26 0.70970 1.990133
27 0.72290 1.897074
28 0.73390 1.901223
29 0.74520 1.937935
30 0.75580 1.978515
31 0.76710 1.965446
32 0.77740 1.917394
33 0.78810 1.914580
34 0.79750 1.920632
35 0.80790 1.926204
36 0.81490 1.939414
37 0.82180 1.967372
38 0.82960 1.979029
39 0.83710 1.960283
40 0.84430 1.958486
41 0.85200 1.907686
42 0.86000 1.902387
43 0.86670 1.916962
44 0.87190 1.923603
45 0.87860 1.935688
46 0.88370 1.937457
47 0.88890 1.945445
48 0.89330 1.944073
49 0.89680 1.940978
