0 0.04540 1.929419
1 0.09040 2.045323
2 0.13550 1.914989
3 0.17550 1.858396
4 0.21120 1.910777
5 0.24800 1.941732
6 0.28190 1.895649
7 0.31350 1.883775
8 0.34420 1.909441
9 0.37180 1.930078
10 0.39700 1.955968
11 0.42470 1.939831
12 0.44820 1.945267
13 0.47270 1.967981
14 0.49450 1.971707
15 0.51500 1.974989
16 0.53610 1.971494
17 0.55560 1.988008
18 0.57690 1.979447
19 0.59740 1.962065
20 0.61390 1.965963
21 0.63170 1.962305
22 0.64860 1.964374
23 0.66510 1.960875
24 0.68080 1.963691
25 0.69520 1.972617
26 0.70970 1.979557
27 0.72290 1.983283
28 0.73390 1.981854
29 0.74520 1.984658
30 0.75580 1.978292
31 0.76710 1.978998
32 0.77740 1.974110
33 0.78810 1.977165
34 0.79750 1.977425
35 0.80790 1.973231
36 0.81490 1.973665
37 0.82180 1.970053
38 0.82960 1.967350
39 0.83710 1.967290
40 0.84430 1.965562
41 0.85200 1.960799
42 0.86000 1.960493
43 0.86670 1.960545
44 0.87190 1.957516
45 0.87860 1.960287
46 0.88370 1.960286
47 0.88890 1.960116
48 0.89330 1.961554
49 0.89680 1.963232
