0 0.00210 0.174921
1 0.00950 0.273716
2 0.02080 0.423354
3 0.04140 0.534251
4 0.06610 0.788340
5 0.09780 0.990626
6 0.13140 1.172103
7 0.17210 1.319824
8 0.21220 1.448110
9 0.25270 1.541727
10 0.29320 1.640043
11 0.33520 1.703152
12 0.37510 1.722092
13 0.41720 1.776385
14 0.45750 1.817951
15 0.49360 1.854884
16 0.52830 1.899178
17 0.56310 1.916536
18 0.59710 1.931857
19 0.62570 1.954293
20 0.65450 1.965291
21 0.68190 1.969036
22 0.70500 1.971079
23 0.72790 1.978394
24 0.75010 1.984587
25 0.76750 1.986819
26 0.78540 1.989358
27 0.80150 1.990445
28 0.81740 1.992616
29 0.83330 1.992616
30 0.84700 1.992098
31 0.85930 1.996073
32 0.87020 1.997155
33 0.87950 1.997155
34 0.88810 2.000395
35 0.89760 2.000234
36 0.90530 2.001312
37 0.91360 2.002389
38 0.92160 2.002389
39 0.92820 2.003465
40 0.93240 2.003465
41 0.93720 2.003465
42 0.94210 2.002227
43 0.94650 2.002227
44 0.95110 2.002227
45 0.95500 2.002227
46 0.95800 2.002227
47 0.96240 2.000992
48 0.96540 2.000992
49 0.96810 2.000992
