0 0.00210 nan
1 0.00950 inf
2 0.02080 1.568202
3 0.04140 1.469822
4 0.06610 1.482516
5 0.09780 1.509970
6 0.13140 1.554792
7 0.17210 1.533244
8 0.21220 1.552740
9 0.25270 1.570136
10 0.29320 1.564811
11 0.33520 1.581287
12 0.37510 1.612897
13 0.41720 1.641474
14 0.45750 1.678174
15 0.49360 1.697936
16 0.52830 1.725905
17 0.56310 1.737204
18 0.59710 1.757716
19 0.62570 1.770706
20 0.65450 1.783056
21 0.68190 1.802574
22 0.70500 1.817312
23 0.72790 1.831177
24 0.75010 1.841145
25 0.76750 1.850364
26 0.78540 1.864435
27 0.80150 1.872517
28 0.81740 1.881093
29 0.83330 1.889535
30 0.84700 1.899047
31 0.85930 1.907249
32 0.87020 1.911339
33 0.87950 1.917833
34 0.88810 1.922773
35 0.89760 1.928677
36 0.90530 1.933558
37 0.91360 1.937951
38 0.92160 1.943517
39 0.92820 1.942939
40 0.93240 1.946033
41 0.93720 1.949452
42 0.94210 1.951940
43 0.94650 1.955353
44 0.95110 1.958812
45 0.95500 1.959618
46 0.95800 1.961977
47 0.96240 1.964963
48 0.96540 1.967175
49 0.96810 1.969223
