0 0.00060 1.667970
1 0.00140 1.223557
2 0.00260 1.106685
3 0.00430 1.115832
4 0.00700 1.247833
5 0.01210 1.491997
6 0.01820 1.402221
7 0.02750 1.421334
8 0.03610 1.354827
9 0.04710 1.473542
10 0.06140 1.451426
11 0.08060 1.544968
12 0.10060 1.605803
13 0.12590 1.571386
14 0.15250 1.622746
15 0.17960 1.595504
16 0.21390 1.586055
17 0.24800 1.594194
18 0.28960 1.641304
19 0.32990 1.665372
20 0.37320 1.696289
21 0.41830 1.727425
22 0.46150 1.780767
23 0.50350 1.777188
24 0.54770 1.833544
25 0.58800 1.854648
26 0.62590 1.831625
27 0.66550 1.850839
28 0.69970 1.869216
29 0.73100 1.855959
30 0.76060 1.862692
31 0.79120 1.880772
32 0.81850 1.905271
33 0.84050 1.899634
34 0.85930 1.887568
35 0.87740 1.889649
36 0.89370 1.909938
37 0.90720 1.919737
38 0.92170 1.934354
39 0.93200 1.942086
40 0.94280 1.935720
41 0.94990 1.924667
42 0.95630 1.923008
43 0.96150 1.923550
44 0.96630 1.920862
45 0.97120 1.918686
46 0.97450 1.920095
47 0.97770 1.914317
48 0.98050 1.906360
49 0.98400 1.906217
