0 0.00060 inf
1 0.00140 inf
2 0.00260 inf
3 0.00430 inf
4 0.00700 1.785330
5 0.01210 1.822822
6 0.01820 2.037426
7 0.02750 1.879669
8 0.03610 1.973128
9 0.04710 1.953169
10 0.06140 1.901147
11 0.08060 1.941456
12 0.10060 1.924064
13 0.12590 1.923309
14 0.15250 1.911031
15 0.17960 1.877639
16 0.21390 1.857498
17 0.24800 1.861780
18 0.28960 1.881049
19 0.32990 1.861218
20 0.37320 1.876843
21 0.41830 1.896798
22 0.46150 1.883645
23 0.50350 1.909586
24 0.54770 1.898972
25 0.58800 1.899914
26 0.62590 1.900299
27 0.66550 1.887506
28 0.69970 1.890652
29 0.73100 1.889256
30 0.76060 1.891355
31 0.79120 1.889513
32 0.81850 1.897519
33 0.84050 1.904382
34 0.85930 1.909174
35 0.87740 1.916899
36 0.89370 1.926148
37 0.90720 1.931907
38 0.92170 1.936701
39 0.93200 1.938121
40 0.94280 1.937567
41 0.94990 1.938456
42 0.95630 1.942323
43 0.96150 1.943046
44 0.96630 1.944542
45 0.97120 1.943318
46 0.97450 1.945996
47 0.97770 1.946827
48 0.98050 1.944807
49 0.98400 1.946351
