0 0.04660 1.669970
1 0.09000 1.866671
2 0.13230 1.950438
3 0.16970 1.834582
4 0.20620 1.835777
5 0.24270 1.874691
6 0.27650 1.887274
7 0.30930 1.974155
8 0.34040 1.907680
9 0.36970 1.881417
10 0.39810 1.965750
11 0.42690 1.896185
12 0.45140 1.975680
13 0.47410 1.883413
14 0.50010 1.958832
15 0.52260 1.895841
16 0.54400 1.926274
17 0.56570 1.955726
18 0.58440 1.916274
19 0.60450 1.891726
20 0.62020 1.955552
21 0.63800 1.971255
22 0.65540 1.904462
23 0.67050 1.918152
24 0.68510 1.956552
25 0.69980 1.985754
26 0.71340 1.893157
27 0.72630 1.899573
28 0.73720 1.934901
29 0.74940 1.979068
30 0.75950 1.970727
31 0.77140 1.911589
32 0.78190 1.912588
33 0.79310 1.919789
34 0.80050 1.925000
35 0.80850 1.938271
36 0.81770 1.967342
37 0.82500 1.966278
38 0.83360 1.964401
39 0.84150 1.936730
40 0.84980 1.902510
41 0.85610 1.924268
42 0.86260 1.930843
43 0.86890 1.941344
44 0.87600 1.940783
45 0.88140 1.951364
46 0.88720 1.940640
47 0.89220 1.936440
48 0.89850 1.956004
49 0.90310 1.964048
