0 0.04660 1.612784
1 0.09000 1.741677
2 0.13230 1.810904
3 0.16970 1.901536
4 0.20620 1.962211
5 0.24270 1.913435
6 0.27650 1.970376
7 0.30930 2.005250
8 0.34040 1.952061
9 0.36970 1.938794
10 0.39810 1.977030
11 0.42690 1.960669
12 0.45140 1.953760
13 0.47410 1.963008
14 0.50010 1.939826
15 0.52260 1.940806
16 0.54400 1.938890
17 0.56570 1.938732
18 0.58440 1.958240
19 0.60450 1.964269
20 0.62020 1.974618
21 0.63800 1.979706
22 0.65540 1.982708
23 0.67050 1.982492
24 0.68510 1.974305
25 0.69980 1.975567
26 0.71340 1.966598
27 0.72630 1.959378
28 0.73720 1.968770
29 0.74940 1.971981
30 0.75950 1.970590
31 0.77140 1.964649
32 0.78190 1.964935
33 0.79310 1.963062
34 0.80050 1.964293
35 0.80850 1.966389
36 0.81770 1.965325
37 0.82500 1.963755
38 0.83360 1.959347
39 0.84150 1.958774
40 0.84980 1.954289
41 0.85610 1.951602
42 0.86260 1.953958
43 0.86890 1.957522
44 0.87600 1.954257
45 0.88140 1.955163
46 0.88720 1.958035
47 0.89220 1.961351
48 0.89850 1.957245
49 0.90310 1.959233
