0 0.00050 0.399804
1 0.00200 0.670317
2 0.00460 0.991662
3 0.00700 0.999725
4 0.00950 0.744798
5 0.01200 0.741055
6 0.01730 0.834454
7 0.02460 1.037868
8 0.03100 1.061048
9 0.03780 1.038059
10 0.04670 0.966709
11 0.05800 0.936766
12 0.07080 0.896958
13 0.08580 0.981704
14 0.10260 0.994062
15 0.12450 1.118322
16 0.14930 1.185155
17 0.17750 1.253840
18 0.20890 1.308346
19 0.24430 1.360218
20 0.28000 1.419273
21 0.31650 1.495847
22 0.35120 1.526749
23 0.38620 1.597575
24 0.42290 1.603524
25 0.45970 1.657581
26 0.49770 1.683126
27 0.53510 1.730061
28 0.57290 1.754860
29 0.60650 1.780511
30 0.64080 1.814483
31 0.67410 1.846549
32 0.70320 1.882491
33 0.73300 1.905441
34 0.76020 1.924683
35 0.78580 1.939381
36 0.80900 1.948993
37 0.82640 1.951687
38 0.84280 1.964480
39 0.86010 1.968229
40 0.87430 1.975540
41 0.88800 1.977286
42 0.90220 1.978960
43 0.91410 1.981865
44 0.92510 1.984765
45 0.93350 1.986937
46 0.94150 1.985703
47 0.94580 1.985703
48 0.95120 1.989321
49 0.95690 1.989321
