0 0.00050 inf
1 0.00200 inf
2 0.00460 1.658011
3 0.00700 1.750765
4 0.00950 1.915576
5 0.01200 1.982271
6 0.01730 1.534661
7 0.02460 1.530057
8 0.03100 1.607455
9 0.03780 1.675862
10 0.04670 1.724958
11 0.05800 1.753692
12 0.07080 1.782652
13 0.08580 1.785147
14 0.10260 1.826376
15 0.12450 1.826573
16 0.14930 1.854829
17 0.17750 1.801430
18 0.20890 1.840019
19 0.24430 1.860122
20 0.28000 1.854515
21 0.31650 1.845143
22 0.35120 1.861985
23 0.38620 1.876525
24 0.42290 1.887380
25 0.45970 1.896520
26 0.49770 1.898931
27 0.53510 1.913195
28 0.57290 1.917353
29 0.60650 1.916984
30 0.64080 1.918701
31 0.67410 1.921491
32 0.70320 1.921757
33 0.73300 1.928329
34 0.76020 1.933118
35 0.78580 1.940399
36 0.80900 1.946684
37 0.82640 1.953969
38 0.84280 1.957190
39 0.86010 1.965240
40 0.87430 1.969863
41 0.88800 1.972945
42 0.90220 1.978647
43 0.91410 1.981756
44 0.92510 1.981678
45 0.93350 1.985917
46 0.94150 1.991359
47 0.94580 1.989575
48 0.95120 1.991690
49 0.95690 1.994045
