0 0.00020 0.000000
1 0.00070 0.800000
2 0.00160 1.291527
3 0.00320 1.438774
4 0.00600 1.524942
5 0.00870 1.667970
6 0.01350 1.503743
7 0.01890 1.609728
8 0.02400 1.415217
9 0.03230 1.458162
10 0.04140 1.500363
11 0.05260 1.433742
12 0.06370 1.447197
13 0.07980 1.505301
14 0.09880 1.443064
15 0.12400 1.530941
16 0.14890 1.506056
17 0.18150 1.559568
18 0.21540 1.650294
19 0.25650 1.662556
20 0.29900 1.688396
21 0.34210 1.680376
22 0.38510 1.695818
23 0.43170 1.731357
24 0.47640 1.734153
25 0.51890 1.759055
26 0.56440 1.769595
27 0.60950 1.826496
28 0.65020 1.809375
29 0.69160 1.833555
30 0.72280 1.881835
31 0.75560 1.858683
32 0.78250 1.876573
33 0.80830 1.895096
34 0.83150 1.908424
35 0.85430 1.927276
36 0.87510 1.894780
37 0.88830 1.900214
38 0.90320 1.902586
39 0.91630 1.915662
40 0.92770 1.930073
41 0.93720 1.938074
42 0.94470 1.944312
43 0.95030 1.951333
44 0.95740 1.955130
45 0.96330 1.957969
46 0.96820 1.959057
47 0.97260 1.963100
48 0.97720 1.959057
49 0.98020 1.961601
