0 0.00020 nan
1 0.00070 inf
2 0.00160 inf
3 0.00320 inf
4 0.00600 1.755875
5 0.00870 1.685742
6 0.01350 1.794720
7 0.01890 1.796574
8 0.02400 1.921166
9 0.03230 2.074816
10 0.04140 2.016511
11 0.05260 1.931771
12 0.06370 2.008600
13 0.07980 2.037177
14 0.09880 2.086360
15 0.12400 1.997355
16 0.14890 1.971327
17 0.18150 2.001857
18 0.21540 1.999233
19 0.25650 2.024953
20 0.29900 2.022759
21 0.34210 1.999170
22 0.38510 2.021822
23 0.43170 2.042269
24 0.47640 2.026980
25 0.51890 2.029182
26 0.56440 2.018716
27 0.60950 2.033098
28 0.65020 2.032678
29 0.69160 2.036312
30 0.72280 2.034639
31 0.75560 2.039804
32 0.78250 2.037344
33 0.80830 2.043724
34 0.83150 2.037112
35 0.85430 2.037470
36 0.87510 2.026886
37 0.88830 2.026674
38 0.90320 2.025004
39 0.91630 2.029448
40 0.92770 2.030366
41 0.93720 2.033906
42 0.94470 2.036792
43 0.95030 2.039716
44 0.95740 2.039593
45 0.96330 2.041026
46 0.96820 2.043884
47 0.97260 2.043165
48 0.97720 2.045265
49 0.98020 2.046151
