0 0.00200 0.000000
1 0.00810 0.255659
2 0.02100 0.413713
3 0.04010 0.561105
4 0.06680 0.797288
5 0.10100 1.006095
6 0.13710 1.157322
7 0.17860 1.323457
8 0.22410 1.499898
9 0.26800 1.581094
10 0.31070 1.637266
11 0.35410 1.717735
12 0.39740 1.771392
13 0.44080 1.840087
14 0.48360 1.887526
15 0.52230 1.902343
16 0.55800 1.919904
17 0.59410 1.931087
18 0.62260 1.940674
19 0.65440 1.950388
20 0.68030 1.954473
21 0.70490 1.956768
22 0.72750 1.963640
23 0.74540 1.966961
24 0.76690 1.972833
25 0.78350 1.974884
26 0.79980 1.977082
27 0.81580 1.984068
28 0.83190 1.988789
29 0.84560 1.988633
30 0.85850 1.991531
31 0.87080 1.995508
32 0.88040 1.995508
33 0.88970 1.993750
34 0.89930 1.996996
35 0.90720 1.995758
36 0.91440 1.995758
37 0.92210 1.997918
38 0.92950 1.998997
39 0.93640 1.998997
40 0.94000 1.997761
41 0.94480 1.997761
42 0.94910 1.997761
43 0.95270 1.998839
44 0.95510 1.998839
45 0.95880 1.999916
46 0.96140 1.999759
47 0.96390 1.998528
48 0.96640 1.998528
49 0.96790 1.998528
