0 0.00200 nan
1 0.00810 inf
2 0.02100 1.315270
3 0.04010 1.204120
4 0.06680 1.243534
5 0.10100 1.333215
6 0.13710 1.325250
7 0.17860 1.382417
8 0.22410 1.396581
9 0.26800 1.418201
10 0.31070 1.464926
11 0.35410 1.500330
12 0.39740 1.535091
13 0.44080 1.573241
14 0.48360 1.598741
15 0.52230 1.636311
16 0.55800 1.658995
17 0.59410 1.691506
18 0.62260 1.714187
19 0.65440 1.741041
20 0.68030 1.757523
21 0.70490 1.779068
22 0.72750 1.798193
23 0.74540 1.807484
24 0.76690 1.824904
25 0.78350 1.833658
26 0.79980 1.842902
27 0.81580 1.852443
28 0.83190 1.858585
29 0.84560 1.870773
30 0.85850 1.880956
31 0.87080 1.889853
32 0.88040 1.894006
33 0.88970 1.900940
34 0.89930 1.906756
35 0.90720 1.911536
36 0.91440 1.917266
37 0.92210 1.922883
38 0.92950 1.926355
39 0.93640 1.931044
40 0.94000 1.932853
41 0.94480 1.936467
42 0.94910 1.939350
43 0.95270 1.941646
44 0.95510 1.943643
45 0.95880 1.946824
46 0.96140 1.948548
47 0.96390 1.950171
48 0.96640 1.952047
49 0.96790 1.953117
