0 0.00064 0.223955
1 0.00205 0.380360
2 0.00448 0.545157
3 0.00795 0.686739
4 0.01249 0.850310
5 0.01828 1.006335
6 0.02487 1.183266
7 0.03244 1.309400
8 0.04122 1.443501
9 0.05088 1.560034
10 0.06152 1.670925
11 0.07298 1.754522
12 0.08534 1.813115
13 0.09815 1.861538
14 0.11139 1.893207
15 0.12530 1.920231
16 0.13944 1.944463
17 0.15443 1.957738
18 0.16932 1.967772
19 0.18469 1.975976
20 0.20045 1.981646
21 0.21653 1.985947
22 0.23280 1.988095
23 0.24926 1.988095
24 0.26539 1.989384
25 0.28172 1.990672
26 0.29866 1.992388
27 0.31549 1.992817
28 0.33157 1.992817
29 0.34814 1.992817
30 0.36443 1.992817
31 0.38020 1.993246
32 0.39584 1.993246
33 0.41160 1.993246
34 0.42696 1.993246
35 0.44263 1.993246
36 0.45757 1.993246
37 0.47249 1.993246
38 0.48666 1.993246
39 0.50079 1.993246
40 0.51455 1.993246
41 0.52808 1.993246
42 0.54170 1.993246
43 0.55468 1.993246
44 0.56721 1.993246
45 0.57952 1.993246
46 0.59180 1.993246
47 0.60363 1.993246
48 0.61546 1.993246
49 0.62643 1.993246
