0 0.00010 0.000000
1 0.00020 0.000000
2 0.00040 0.563492
3 0.00060 0.399804
4 0.00150 0.523893
5 0.00240 0.515781
6 0.00340 0.415492
7 0.00560 0.540311
8 0.01010 0.443049
9 0.01410 0.814890
10 0.02030 0.766193
11 0.02580 0.733335
12 0.03490 0.936628
13 0.04750 0.859738
14 0.06340 0.991676
15 0.08230 1.045281
16 0.10020 1.060153
17 0.12120 1.124808
18 0.14690 1.113664
19 0.17710 1.234453
20 0.20750 1.310052
21 0.23950 1.335413
22 0.27050 1.396388
23 0.30810 1.420355
24 0.34270 1.495630
25 0.38200 1.534490
26 0.42100 1.585738
27 0.45980 1.628292
28 0.49810 1.693148
29 0.53840 1.752215
30 0.57510 1.793467
31 0.60980 1.816082
32 0.64010 1.836635
33 0.66660 1.867987
34 0.69740 1.881972
35 0.72510 1.907513
36 0.74990 1.913241
37 0.77310 1.925517
38 0.79430 1.935388
39 0.81310 1.947565
40 0.83100 1.959195
41 0.84670 1.960710
42 0.86090 1.972900
43 0.87540 1.978836
44 0.88890 1.980354
45 0.90070 1.983644
46 0.91040 1.984380
47 0.91970 1.988789
48 0.92890 1.995303
49 0.93500 1.996386
