0 0.00010 nan
1 0.00020 nan
2 0.00040 inf
3 0.00060 inf
4 0.00150 inf
5 0.00240 0.937852
6 0.00340 1.135663
7 0.00560 1.152288
8 0.01010 1.359022
9 0.01410 1.471658
10 0.02030 1.469822
11 0.02580 1.471658
12 0.03490 1.552938
13 0.04750 1.616619
14 0.06340 1.594977
15 0.08230 1.660449
16 0.10020 1.697701
17 0.12120 1.700880
18 0.14690 1.696380
19 0.17710 1.728120
20 0.20750 1.734674
21 0.23950 1.733243
22 0.27050 1.731324
23 0.30810 1.759572
24 0.34270 1.758294
25 0.38200 1.769987
26 0.42100 1.776088
27 0.45980 1.786956
28 0.49810 1.789067
29 0.53840 1.798789
30 0.57510 1.819057
31 0.60980 1.825344
32 0.64010 1.836417
33 0.66660 1.848793
34 0.69740 1.858162
35 0.72510 1.862090
36 0.74990 1.863602
37 0.77310 1.868584
38 0.79430 1.880615
39 0.81310 1.889442
40 0.83100 1.898852
41 0.84670 1.903582
42 0.86090 1.909600
43 0.87540 1.914971
44 0.88890 1.921877
45 0.90070 1.925638
46 0.91040 1.929890
47 0.91970 1.932544
48 0.92890 1.935069
49 0.93500 1.938770
