0 0.00060 0.465168
1 0.00260 0.409549
2 0.00510 0.304345
3 0.00880 0.533478
4 0.01330 0.811280
5 0.01920 0.869810
6 0.02750 0.896829
7 0.03630 0.963194
8 0.04810 1.039862
9 0.06270 1.037285
10 0.07990 1.070046
11 0.09810 1.165731
12 0.12200 1.143372
13 0.14620 1.170461
14 0.17660 1.230853
15 0.20840 1.271164
16 0.24160 1.336255
17 0.27840 1.425756
18 0.31510 1.526892
19 0.35230 1.595564
20 0.38780 1.607145
21 0.42050 1.657188
22 0.45200 1.685192
23 0.48740 1.720023
24 0.52290 1.763598
25 0.55750 1.796567
26 0.58660 1.809166
27 0.61520 1.817488
28 0.64380 1.828809
29 0.67070 1.846471
30 0.69440 1.861996
31 0.71860 1.883263
32 0.74410 1.896758
33 0.76510 1.909931
34 0.78600 1.924827
35 0.80570 1.929460
36 0.82350 1.943582
37 0.83780 1.946970
38 0.85280 1.960611
39 0.86540 1.973929
40 0.87840 1.979463
41 0.88850 1.984239
42 0.89920 1.987738
43 0.90890 1.989197
44 0.91870 1.991949
45 0.92670 1.993968
46 0.93400 1.999416
47 0.94080 2.002315
48 0.94690 2.001385
49 0.95210 2.006433
