0 0.00060 inf
1 0.00260 inf
2 0.00510 1.618048
3 0.00880 1.684247
4 0.01330 1.765296
5 0.01920 1.835056
6 0.02750 1.799341
7 0.03630 1.692091
8 0.04810 1.693912
9 0.06270 1.708225
10 0.07990 1.726919
11 0.09810 1.769562
12 0.12200 1.804906
13 0.14620 1.819197
14 0.17660 1.812455
15 0.20840 1.798279
16 0.24160 1.847182
17 0.27840 1.831230
18 0.31510 1.850984
19 0.35230 1.857412
20 0.38780 1.877947
21 0.42050 1.882280
22 0.45200 1.886079
23 0.48740 1.889221
24 0.52290 1.893873
25 0.55750 1.902203
26 0.58660 1.909813
27 0.61520 1.917109
28 0.64380 1.927142
29 0.67070 1.929347
30 0.69440 1.932088
31 0.71860 1.939252
32 0.74410 1.949823
33 0.76510 1.944405
34 0.78600 1.948682
35 0.80570 1.953306
36 0.82350 1.947036
37 0.83780 1.952804
38 0.85280 1.954818
39 0.86540 1.955736
40 0.87840 1.958199
41 0.88850 1.958756
42 0.89920 1.959336
43 0.90890 1.962641
44 0.91870 1.968670
45 0.92670 1.969864
46 0.93400 1.970549
47 0.94080 1.973200
48 0.94690 1.975570
49 0.95210 1.977199
