0 0.04420 1.782923
1 0.09050 1.871250
2 0.13160 1.921784
3 0.17190 1.882084
4 0.21080 1.829965
5 0.24620 1.875887
6 0.28080 1.888944
7 0.31540 1.968453
8 0.34580 1.947417
9 0.37420 1.866329
10 0.40190 1.980777
11 0.42750 1.886366
12 0.45360 1.967237
13 0.47780 1.915670
14 0.50360 1.947559
15 0.52760 1.903856
16 0.54680 1.931456
17 0.56740 1.950025
18 0.58770 1.926633
19 0.60580 1.922347
20 0.62470 1.968798
21 0.64240 1.927577
22 0.65700 1.905343
23 0.67440 1.938093
24 0.68780 1.958642
25 0.70200 1.987177
26 0.71440 1.899933
27 0.72840 1.900703
28 0.74240 1.918233
29 0.75360 1.962054
30 0.76660 1.979475
31 0.77720 1.943582
32 0.78620 1.910716
33 0.79590 1.917395
34 0.80690 1.925175
35 0.81640 1.924647
36 0.82500 1.964218
37 0.83250 1.975197
38 0.84110 1.962673
39 0.84820 1.962727
40 0.85450 1.937300
41 0.86240 1.906565
42 0.86920 1.920902
43 0.87510 1.930423
44 0.88120 1.934783
45 0.88540 1.935132
46 0.89080 1.943827
47 0.89530 1.949362
48 0.89980 1.941310
49 0.90500 1.949696
