0 0.04420 1.585461
1 0.09050 1.725639
2 0.13160 1.810233
3 0.17190 1.898804
4 0.21080 1.897103
5 0.24620 1.981894
6 0.28080 1.968629
7 0.31540 2.032964
8 0.34580 2.034476
9 0.37420 2.037426
10 0.40190 2.051117
11 0.42750 2.033980
12 0.45360 2.023335
13 0.47780 2.000838
14 0.50360 1.994185
15 0.52760 1.986812
16 0.54680 1.996908
17 0.56740 1.997858
18 0.58770 1.987388
19 0.60580 1.983919
20 0.62470 1.979703
21 0.64240 1.981186
22 0.65700 1.988435
23 0.67440 1.984294
24 0.68780 1.990022
25 0.70200 1.986658
26 0.71440 1.984582
27 0.72840 1.981850
28 0.74240 1.978475
29 0.75360 1.983849
30 0.76660 1.985784
31 0.77720 1.987105
32 0.78620 1.991479
33 0.79590 1.999594
34 0.80690 1.999674
35 0.81640 2.004624
36 0.82500 2.002470
37 0.83250 2.006749
38 0.84110 2.002348
39 0.84820 2.009535
40 0.85450 2.003356
41 0.86240 2.003930
42 0.86920 2.004840
43 0.87510 2.003168
44 0.88120 2.000072
45 0.88540 1.997066
46 0.89080 1.995706
47 0.89530 1.998857
48 0.89980 2.003176
49 0.90500 2.002193
