0 0.00190 0.075140
1 0.00800 0.198823
2 0.02210 0.274393
3 0.04370 0.532754
4 0.06740 0.750439
5 0.09810 0.994678
6 0.13260 1.123221
7 0.17210 1.256204
8 0.21420 1.431467
9 0.25910 1.531097
10 0.30230 1.622374
11 0.34810 1.715464
12 0.39370 1.785274
13 0.43680 1.825905
14 0.47780 1.859172
15 0.51590 1.898885
16 0.55100 1.922189
17 0.58850 1.938210
18 0.61770 1.953557
19 0.64940 1.965419
20 0.67680 1.974966
21 0.70270 1.986131
22 0.72800 1.993296
23 0.74900 1.992049
24 0.77090 1.994064
25 0.79180 1.997315
26 0.80690 1.998076
27 0.82200 1.999156
28 0.83360 2.000234
29 0.84680 1.998997
30 0.85810 1.998997
31 0.86870 2.001151
32 0.87670 2.001151
33 0.88470 2.001151
34 0.89470 2.001151
35 0.90240 2.001151
36 0.91000 2.001909
37 0.91650 2.002982
38 0.92330 2.002824
39 0.92860 2.002824
40 0.93440 2.002824
41 0.93910 2.002824
42 0.94350 2.002824
43 0.94640 2.002824
44 0.95050 2.002824
45 0.95400 2.002824
46 0.95710 2.002824
47 0.96070 2.002824
48 0.96260 2.001595
49 0.96530 2.001595
