0 0.00190 inf
1 0.00800 inf
2 0.02210 1.892095
3 0.04370 1.447158
4 0.06740 1.364551
5 0.09810 1.398466
6 0.13260 1.522031
7 0.17210 1.545101
8 0.21420 1.575765
9 0.25910 1.608568
10 0.30230 1.582196
11 0.34810 1.610949
12 0.39370 1.654612
13 0.43680 1.669770
14 0.47780 1.695435
15 0.51590 1.720314
16 0.55100 1.739471
17 0.58850 1.760121
18 0.61770 1.769362
19 0.64940 1.792461
20 0.67680 1.805468
21 0.70270 1.823297
22 0.72800 1.844527
23 0.74900 1.859514
24 0.77090 1.871414
25 0.79180 1.885289
26 0.80690 1.894790
27 0.82200 1.904813
28 0.83360 1.912423
29 0.84680 1.923353
30 0.85810 1.931613
31 0.86870 1.937707
32 0.87670 1.941856
33 0.88470 1.947141
34 0.89470 1.953961
35 0.90240 1.959412
36 0.91000 1.964102
37 0.91650 1.969400
38 0.92330 1.972185
39 0.92860 1.975894
40 0.93440 1.979266
41 0.93910 1.982991
42 0.94350 1.985310
43 0.94640 1.986429
44 0.95050 1.989698
45 0.95400 1.992628
46 0.95710 1.994915
47 0.96070 1.997477
48 0.96260 1.997781
49 0.96530 1.999799
