0 0.04640 1.685191
1 0.08710 1.838774
2 0.12760 1.847918
3 0.17240 1.985482
4 0.20870 1.957809
5 0.24480 1.947986
6 0.27860 1.953559
7 0.31280 1.921039
8 0.34370 1.905317
9 0.37320 1.988526
10 0.39830 1.891741
11 0.42680 1.865326
12 0.45320 1.934053
13 0.47910 1.879208
14 0.50160 1.928213
15 0.52470 1.940064
16 0.54470 1.907737
17 0.56620 1.933215
18 0.58520 1.957355
19 0.60310 1.923407
20 0.62250 1.893416
21 0.63840 1.977616
22 0.65450 1.915578
23 0.66810 1.904833
24 0.68490 1.940817
25 0.69790 1.962047
26 0.71230 1.988485
27 0.72440 1.908381
28 0.74070 1.899944
29 0.75240 1.932817
30 0.76230 1.964138
31 0.77300 1.984466
32 0.78370 1.954769
33 0.79320 1.905953
34 0.80210 1.907880
35 0.81040 1.920191
36 0.81860 1.921930
37 0.82620 1.936611
38 0.83320 1.970853
39 0.84100 1.973533
40 0.84840 1.962544
41 0.85540 1.960881
42 0.86240 1.938973
43 0.86780 1.911597
44 0.87310 1.907596
45 0.87860 1.919545
46 0.88400 1.928083
47 0.89100 1.930687
48 0.89600 1.938183
49 0.90100 1.954246
