0 0.04640 1.638489
1 0.08710 1.864808
2 0.12760 1.877947
3 0.17240 1.902314
4 0.20870 2.013890
5 0.24480 2.000189
6 0.27860 1.960485
7 0.31280 1.986772
8 0.34370 2.005848
9 0.37320 2.022808
10 0.39830 2.008600
11 0.42680 2.039910
12 0.45320 2.054613
13 0.47910 2.039830
14 0.50160 2.034628
15 0.52470 2.031877
16 0.54470 2.011857
17 0.56620 2.003236
18 0.58520 2.011003
19 0.60310 2.007581
20 0.62250 1.993958
21 0.63840 2.001739
22 0.65450 1.994694
23 0.66810 2.003070
24 0.68490 1.995516
25 0.69790 2.004321
26 0.71230 2.008512
27 0.72440 2.005560
28 0.74070 2.002879
29 0.75240 2.003709
30 0.76230 2.001484
31 0.77300 1.999700
32 0.78370 1.998307
33 0.79320 2.003735
34 0.80210 2.006205
35 0.81040 2.003317
36 0.81860 1.998817
37 0.82620 1.998463
38 0.83320 2.002488
39 0.84100 2.002759
40 0.84840 1.999426
41 0.85540 1.995727
42 0.86240 1.995680
43 0.86780 1.998164
44 0.87310 2.000543
45 0.87860 2.003064
46 0.88400 2.004980
47 0.89100 2.008010
48 0.89600 2.009883
49 0.90100 2.010435
