0 0.04460 1.694916
1 0.09020 1.830228
2 0.13250 1.960303
3 0.17180 1.844375
4 0.20900 1.851093
5 0.24420 1.903561
6 0.27900 1.887967
7 0.30950 1.971109
8 0.34190 1.918006
9 0.36940 1.934235
10 0.40100 1.983867
11 0.42620 1.897467
12 0.44940 1.989134
13 0.47260 1.902186
14 0.49460 1.943416
15 0.51560 1.966353
16 0.53790 1.914860
17 0.55950 1.958690
18 0.58020 1.916510
19 0.59860 1.912139
20 0.61880 1.958996
21 0.63600 1.978154
22 0.65390 1.896884
23 0.67090 1.929883
24 0.68630 1.965603
25 0.69810 1.987414
26 0.70890 1.897945
27 0.72000 1.899973
28 0.73270 1.912762
29 0.74290 1.952110
30 0.75530 1.979917
31 0.76480 1.969245
32 0.77760 1.918541
33 0.78830 1.916562
34 0.79900 1.916523
35 0.80820 1.917907
36 0.81640 1.945111
37 0.82480 1.977126
38 0.83130 1.963620
39 0.83840 1.961091
40 0.84620 1.916780
41 0.85390 1.906093
42 0.86100 1.924196
43 0.86840 1.931187
44 0.87520 1.936924
45 0.88120 1.953804
46 0.88770 1.940662
47 0.89150 1.939204
48 0.89670 1.943821
49 0.90200 1.958161
