0 0.04460 inf
1 0.09020 2.462398
2 0.13250 2.048571
3 0.17180 2.142233
4 0.20900 2.140141
5 0.24420 2.095944
6 0.27900 2.053669
7 0.30950 2.000723
8 0.34190 2.021878
9 0.36940 1.981852
10 0.40100 1.986630
11 0.42620 1.995447
12 0.44940 1.973860
13 0.47260 1.982017
14 0.49460 1.975594
15 0.51560 1.982826
16 0.53790 1.996887
17 0.55950 2.004755
18 0.58020 1.984997
19 0.59860 1.988094
20 0.61880 1.980429
21 0.63600 1.983944
22 0.65390 1.974262
23 0.67090 1.974356
24 0.68630 1.978250
25 0.69810 1.987861
26 0.70890 1.987671
27 0.72000 1.989855
28 0.73270 1.991711
29 0.74290 1.992790
30 0.75530 1.993476
31 0.76480 1.994900
32 0.77760 1.991058
33 0.78830 1.988450
34 0.79900 1.988439
35 0.80820 1.987100
36 0.81640 1.989956
37 0.82480 1.981641
38 0.83130 1.982141
39 0.83840 1.983990
40 0.84620 1.987811
41 0.85390 1.986725
42 0.86100 1.988337
43 0.86840 1.988505
44 0.87520 1.986845
45 0.88120 1.978970
46 0.88770 1.976968
47 0.89150 1.980506
48 0.89670 1.982551
49 0.90200 1.975653
