0 0.00050 0.000000
1 0.00160 1.143929
2 0.00300 1.462141
3 0.00590 1.532030
4 0.01010 1.418798
5 0.01390 1.579698
6 0.02170 1.602925
7 0.03040 1.495358
8 0.04080 1.520397
9 0.05260 1.531660
10 0.06760 1.520423
11 0.08490 1.585296
12 0.10680 1.572235
13 0.13000 1.607519
14 0.15400 1.564959
15 0.18300 1.600452
16 0.21470 1.619816
17 0.24770 1.633054
18 0.28620 1.632785
19 0.32650 1.677281
20 0.37110 1.686719
21 0.41100 1.732028
22 0.45380 1.708469
23 0.49870 1.729079
24 0.54140 1.738220
25 0.58350 1.801509
26 0.63000 1.802499
27 0.66970 1.834787
28 0.70520 1.868417
29 0.74150 1.843102
30 0.77510 1.875015
31 0.80580 1.890336
32 0.82790 1.922610
33 0.85280 1.894809
34 0.87250 1.905460
35 0.88900 1.907160
36 0.90490 1.923824
37 0.91730 1.930429
38 0.92800 1.938514
39 0.93810 1.944078
40 0.94580 1.947413
41 0.95160 1.950220
42 0.95730 1.953251
43 0.96240 1.956134
44 0.96770 1.957550
45 0.97250 1.965610
46 0.97540 1.953682
47 0.97910 1.946708
48 0.98220 1.936784
49 0.98400 1.937446
