0 0.00050 nan
1 0.00160 inf
2 0.00300 inf
3 0.00590 inf
4 0.01010 inf
5 0.01390 inf
6 0.02170 2.174641
7 0.03040 2.173186
8 0.04080 1.986132
9 0.05260 1.861948
10 0.06760 1.856326
11 0.08490 1.857070
12 0.10680 1.878443
13 0.13000 1.884607
14 0.15400 1.844192
15 0.18300 1.850116
16 0.21470 1.871416
17 0.24770 1.895349
18 0.28620 1.886429
19 0.32650 1.891884
20 0.37110 1.903000
21 0.41100 1.909001
22 0.45380 1.881479
23 0.49870 1.896359
24 0.54140 1.888618
25 0.58350 1.907878
26 0.63000 1.920492
27 0.66970 1.917463
28 0.70520 1.916972
29 0.74150 1.923787
30 0.77510 1.925937
31 0.80580 1.938845
32 0.82790 1.943374
33 0.85280 1.951361
34 0.87250 1.958222
35 0.88900 1.962257
36 0.90490 1.965013
37 0.91730 1.968782
38 0.92800 1.973294
39 0.93810 1.973228
40 0.94580 1.976616
41 0.95160 1.974543
42 0.95730 1.977856
43 0.96240 1.980876
44 0.96770 1.982307
45 0.97250 1.983753
46 0.97540 1.986223
47 0.97910 1.989190
48 0.98220 1.988400
49 0.98400 1.989827
