0 0.00041 0.218472
1 0.00108 0.548833
2 0.00233 0.802959
3 0.00434 0.980865
4 0.00732 1.073608
5 0.01141 1.212239
6 0.01692 1.286385
7 0.02393 1.329865
8 0.03267 1.363693
9 0.04312 1.444767
10 0.05557 1.515471
11 0.07006 1.548502
12 0.08658 1.596091
13 0.10547 1.621222
14 0.12619 1.645437
15 0.14876 1.663571
16 0.17332 1.714859
17 0.19993 1.727070
18 0.22813 1.755461
19 0.25770 1.755888
20 0.28880 1.807956
21 0.32084 1.822164
22 0.35383 1.838858
23 0.38751 1.855230
24 0.42148 1.879602
25 0.45563 1.874867
26 0.48955 1.890584
27 0.52361 1.899011
28 0.55668 1.919420
29 0.58897 1.931375
30 0.62035 1.934859
31 0.65043 1.939321
32 0.67956 1.955035
33 0.70714 1.966508
34 0.73326 1.971498
35 0.75810 1.969034
36 0.78091 1.975128
37 0.80219 1.979566
38 0.82215 1.982521
39 0.84047 1.980436
40 0.85713 1.985703
41 0.87254 1.989076
42 0.88640 1.988679
43 0.89881 1.989512
44 0.91014 1.989778
45 0.92042 1.992928
46 0.92953 1.991038
47 0.93761 1.991534
48 0.94485 1.992592
49 0.95112 1.992657
