0 0.00040 0.000000
1 0.00080 1.200000
2 0.00180 0.645884
3 0.00400 1.021153
4 0.00570 1.412998
5 0.00870 1.315803
6 0.01260 1.462332
7 0.01850 1.420773
8 0.02450 1.354938
9 0.03270 1.499590
10 0.04340 1.458058
11 0.05890 1.466502
12 0.07610 1.580466
13 0.09600 1.550190
14 0.11940 1.562368
15 0.14620 1.562980
16 0.17700 1.606162
17 0.20780 1.645643
18 0.24490 1.630649
19 0.28080 1.688347
20 0.32170 1.694429
21 0.36020 1.705955
22 0.40150 1.725720
23 0.44510 1.740554
24 0.49290 1.783743
25 0.54010 1.776758
26 0.58170 1.815265
27 0.62010 1.792208
28 0.65950 1.804655
29 0.69310 1.869655
30 0.72800 1.874267
31 0.76020 1.848931
32 0.78680 1.862744
33 0.81060 1.890785
34 0.83240 1.911925
35 0.85260 1.911949
36 0.87180 1.934822
37 0.88810 1.947930
38 0.90210 1.920251
39 0.91480 1.914206
40 0.92520 1.918150
41 0.93470 1.921129
42 0.94160 1.918365
43 0.94920 1.916096
44 0.95710 1.919775
45 0.96330 1.919607
46 0.96800 1.925715
47 0.97130 1.931754
48 0.97530 1.938869
49 0.97860 1.946554
