0 0.00040 inf
1 0.00080 inf
2 0.00180 inf
3 0.00400 1.643453
4 0.00570 1.886491
5 0.00870 1.653213
6 0.01260 1.799341
7 0.01850 2.025306
8 0.02450 2.034428
9 0.03270 1.987517
10 0.04340 2.108903
11 0.05890 2.125481
12 0.07610 2.050410
13 0.09600 1.918205
14 0.11940 1.917387
15 0.14620 1.913549
16 0.17700 1.904047
17 0.20780 1.873391
18 0.24490 1.915985
19 0.28080 1.937077
20 0.32170 1.951048
21 0.36020 1.984059
22 0.40150 1.986038
23 0.44510 1.970184
24 0.49290 1.977961
25 0.54010 2.005175
26 0.58170 2.012114
27 0.62010 1.999645
28 0.65950 2.004485
29 0.69310 2.005606
30 0.72800 1.994793
31 0.76020 1.996025
32 0.78680 2.004709
33 0.81060 1.995233
34 0.83240 1.994876
35 0.85260 1.993630
36 0.87180 1.998726
37 0.88810 1.999825
38 0.90210 1.996635
39 0.91480 1.996329
40 0.92520 2.001971
41 0.93470 1.997885
42 0.94160 2.000282
43 0.94920 2.002402
44 0.95710 2.008242
45 0.96330 2.010316
46 0.96800 2.008940
47 0.97130 2.009113
48 0.97530 2.011715
49 0.97860 2.011675
