0 0.00050 0.000000
1 0.00090 0.800000
2 0.00180 1.796741
3 0.00310 1.583743
4 0.00580 1.358019
5 0.00920 1.390068
6 0.01400 1.432859
7 0.01910 1.491687
8 0.02530 1.415629
9 0.03560 1.396217
10 0.04800 1.531019
11 0.06390 1.593929
12 0.07960 1.598994
13 0.10000 1.585497
14 0.12430 1.600419
15 0.15050 1.613351
16 0.17940 1.683156
17 0.20990 1.704494
18 0.24130 1.663689
19 0.27460 1.678908
20 0.31440 1.720813
21 0.35020 1.702503
22 0.39280 1.749753
23 0.43650 1.758243
24 0.47930 1.779566
25 0.52020 1.810815
26 0.56370 1.805461
27 0.60300 1.844939
28 0.64260 1.826042
29 0.67940 1.850826
30 0.71250 1.877715
31 0.74040 1.880132
32 0.77100 1.857364
33 0.79740 1.882842
34 0.81990 1.905264
35 0.84230 1.909437
36 0.85930 1.919808
37 0.87470 1.935434
38 0.89250 1.909951
39 0.90550 1.902834
40 0.91650 1.909679
41 0.92740 1.914548
42 0.93810 1.912876
43 0.94570 1.917069
44 0.95310 1.935223
45 0.96060 1.941795
46 0.96690 1.947713
47 0.97130 1.953876
48 0.97520 1.955634
49 0.97730 1.955634
