0 0.00050 0.698970
1 0.00090 0.845098
2 0.00180 1.041393
3 0.00310 1.204120
4 0.00580 1.716003
5 0.00920 2.000000
6 0.01400 1.989005
7 0.01910 2.001445
8 0.02530 2.124939
9 0.03560 2.165096
10 0.04800 1.930949
11 0.06390 1.966322
12 0.07960 1.832509
13 0.10000 1.878692
14 0.12430 1.918915
15 0.15050 1.898412
16 0.17940 1.932917
17 0.20990 1.928031
18 0.24130 1.897993
19 0.27460 1.924468
20 0.31440 1.903888
21 0.35020 1.913442
22 0.39280 1.893596
23 0.43650 1.909449
24 0.47930 1.914738
25 0.52020 1.928471
26 0.56370 1.936032
27 0.60300 1.922402
28 0.64260 1.931257
29 0.67940 1.929037
30 0.71250 1.931477
31 0.74040 1.945750
32 0.77100 1.939721
33 0.79740 1.935747
34 0.81990 1.938998
35 0.84230 1.942928
36 0.85930 1.947157
37 0.87470 1.946957
38 0.89250 1.948800
39 0.90550 1.947883
40 0.91650 1.950280
41 0.92740 1.951393
42 0.93810 1.952159
43 0.94570 1.953544
44 0.95310 1.952659
45 0.96060 1.958695
46 0.96690 1.960318
47 0.97130 1.961732
48 0.97520 1.964428
49 0.97730 1.964437
