0 0.00050 0.000000
1 0.00140 0.636704
2 0.00270 0.336506
3 0.00570 0.126421
4 0.01010 0.496306
5 0.01550 0.769265
6 0.02270 0.810748
7 0.03260 0.822092
8 0.04490 0.909853
9 0.06080 0.990115
10 0.07740 1.060336
11 0.09760 1.040990
12 0.12260 1.144451
13 0.14790 1.196941
14 0.17690 1.240698
15 0.21030 1.333784
16 0.24410 1.355803
17 0.28240 1.402441
18 0.32160 1.476134
19 0.36180 1.527414
20 0.40170 1.568319
21 0.44050 1.631221
22 0.48020 1.695306
23 0.51600 1.725367
24 0.55190 1.759096
25 0.58630 1.785802
26 0.61770 1.798976
27 0.64600 1.829127
28 0.67700 1.850647
29 0.70750 1.876445
30 0.73590 1.898259
31 0.76060 1.906290
32 0.78210 1.914925
33 0.80050 1.924265
34 0.81790 1.935608
35 0.83720 1.939298
36 0.85240 1.947236
37 0.86790 1.954360
38 0.88190 1.961594
39 0.89330 1.966961
40 0.90490 1.978179
41 0.91430 1.981466
42 0.92460 1.986041
43 0.93340 1.987598
44 0.93920 1.988684
45 0.94360 1.988172
46 0.94890 1.987662
47 0.95350 1.989470
48 0.95710 1.989470
49 0.96050 1.990554
