0 0.00050 inf
1 0.00140 inf
2 0.00270 inf
3 0.00570 1.293731
4 0.01010 1.508530
5 0.01550 1.429348
6 0.02270 1.575957
7 0.03260 1.621770
8 0.04490 1.642982
9 0.06080 1.692406
10 0.07740 1.624724
11 0.09760 1.652098
12 0.12260 1.715720
13 0.14790 1.774011
14 0.17690 1.798697
15 0.21030 1.814126
16 0.24410 1.829845
17 0.28240 1.840978
18 0.32160 1.847053
19 0.36180 1.832266
20 0.40170 1.838460
21 0.44050 1.846899
22 0.48020 1.866940
23 0.51600 1.881460
24 0.55190 1.896233
25 0.58630 1.908595
26 0.61770 1.909103
27 0.64600 1.916122
28 0.67700 1.919998
29 0.70750 1.934516
30 0.73590 1.937620
31 0.76060 1.946024
32 0.78210 1.952656
33 0.80050 1.957710
34 0.81790 1.963600
35 0.83720 1.971506
36 0.85240 1.973785
37 0.86790 1.976362
38 0.88190 1.980936
39 0.89330 1.980984
40 0.90490 1.983823
41 0.91430 1.985645
42 0.92460 1.985895
43 0.93340 1.989750
44 0.93920 1.990826
45 0.94360 1.993641
46 0.94890 1.996856
47 0.95350 1.998209
48 0.95710 2.000012
49 0.96050 2.001807
