0 0.00190 0.037570
1 0.00730 0.167500
2 0.01720 0.389962
3 0.03440 0.546605
4 0.06120 0.654634
5 0.09270 0.959716
6 0.13020 1.101552
7 0.16980 1.277400
8 0.21100 1.432299
9 0.25420 1.511474
10 0.29820 1.580550
11 0.34470 1.683244
12 0.38890 1.763858
13 0.43320 1.794132
14 0.46950 1.842621
15 0.50710 1.885340
16 0.54460 1.910386
17 0.57710 1.940271
18 0.60800 1.952984
19 0.63480 1.958016
20 0.66280 1.966429
21 0.68950 1.975636
22 0.71450 1.985358
23 0.73710 1.987577
24 0.75710 1.989067
25 0.77580 1.992009
26 0.79650 1.994021
27 0.81110 1.997999
28 0.82690 2.001245
29 0.84170 2.001079
30 0.85240 2.003237
31 0.86420 2.004871
32 0.87620 2.003629
33 0.88710 2.003629
34 0.89550 2.002067
35 0.90290 2.002067
36 0.90940 2.002067
37 0.91700 2.002067
38 0.92420 2.002067
39 0.92950 2.002067
40 0.93550 2.003142
41 0.94050 2.003142
42 0.94430 2.004215
43 0.94960 2.004215
44 0.95350 2.005288
45 0.95700 2.004055
46 0.95990 2.004055
47 0.96290 2.004055
48 0.96590 2.004055
49 0.96850 2.002824
