0 0.00190 nan
1 0.00730 1.146128
2 0.01720 1.439333
3 0.03440 1.482874
4 0.06120 1.499458
5 0.09270 1.532011
6 0.13020 1.467261
7 0.16980 1.456845
8 0.21100 1.514618
9 0.25420 1.575683
10 0.29820 1.589482
11 0.34470 1.608602
12 0.38890 1.638647
13 0.43320 1.673890
14 0.46950 1.677907
15 0.50710 1.691184
16 0.54460 1.709845
17 0.57710 1.738061
18 0.60800 1.763251
19 0.63480 1.775109
20 0.66280 1.792436
21 0.68950 1.809323
22 0.71450 1.822114
23 0.73710 1.833062
24 0.75710 1.847633
25 0.77580 1.858456
26 0.79650 1.868353
27 0.81110 1.872330
28 0.82690 1.882136
29 0.84170 1.891245
30 0.85240 1.900718
31 0.86420 1.908799
32 0.87620 1.915125
33 0.88710 1.920323
34 0.89550 1.924912
35 0.90290 1.925116
36 0.90940 1.929104
37 0.91700 1.935029
38 0.92420 1.939775
39 0.92950 1.942995
40 0.93550 1.947619
41 0.94050 1.950968
42 0.94430 1.953368
43 0.94960 1.957676
44 0.95350 1.960585
45 0.95700 1.963197
46 0.95990 1.965435
47 0.96290 1.966506
48 0.96590 1.968804
49 0.96850 1.970676
