0 0.00040 0.000000
1 0.00080 0.510014
2 0.00160 0.360725
3 0.00360 0.304416
4 0.00670 0.372551
5 0.00990 1.024085
6 0.01410 0.635024
7 0.02070 0.849385
8 0.02820 0.858721
9 0.03720 0.877411
10 0.04840 0.801963
11 0.06230 0.855036
12 0.07740 0.981565
13 0.09810 1.123194
14 0.11910 1.159890
15 0.14490 1.205886
16 0.17270 1.250798
17 0.20490 1.268104
18 0.23640 1.357093
19 0.26700 1.404458
20 0.30130 1.462285
21 0.34090 1.525664
22 0.38090 1.572986
23 0.41810 1.618537
24 0.45680 1.654588
25 0.49240 1.687330
26 0.52770 1.730011
27 0.56580 1.761510
28 0.60070 1.789280
29 0.63520 1.805527
30 0.66530 1.828136
31 0.69700 1.866263
32 0.72310 1.888052
33 0.75060 1.902116
34 0.77270 1.916585
35 0.79590 1.927163
36 0.81490 1.942713
37 0.83480 1.950792
38 0.85110 1.962374
39 0.86650 1.968126
40 0.88090 1.973480
41 0.89280 1.971540
42 0.90380 1.977766
43 0.91420 1.985429
44 0.92230 1.988016
45 0.92930 1.987495
46 0.93720 1.990398
47 0.94380 1.992775
48 0.95050 1.993701
49 0.95520 1.997315
