0 0.00040 inf
1 0.00080 inf
2 0.00160 inf
3 0.00360 1.322219
4 0.00670 1.564271
5 0.00990 1.511883
6 0.01410 1.612784
7 0.02070 1.460397
8 0.02820 1.511883
9 0.03720 1.494251
10 0.04840 1.551524
11 0.06230 1.544350
12 0.07740 1.600284
13 0.09810 1.589004
14 0.11910 1.657665
15 0.14490 1.684358
16 0.17270 1.690462
17 0.20490 1.738997
18 0.23640 1.766511
19 0.26700 1.787589
20 0.30130 1.773425
21 0.34090 1.776618
22 0.38090 1.792720
23 0.41810 1.796255
24 0.45680 1.813001
25 0.49240 1.825809
26 0.52770 1.833118
27 0.56580 1.856569
28 0.60070 1.852413
29 0.63520 1.857254
30 0.66530 1.865934
31 0.69700 1.871601
32 0.72310 1.877066
33 0.75060 1.882645
34 0.77270 1.896100
35 0.79590 1.905580
36 0.81490 1.907908
37 0.83480 1.914150
38 0.85110 1.920682
39 0.86650 1.926388
40 0.88090 1.931377
41 0.89280 1.929754
42 0.90380 1.934587
43 0.91420 1.937510
44 0.92230 1.939309
45 0.92930 1.939483
46 0.93720 1.943698
47 0.94380 1.946476
48 0.95050 1.949437
49 0.95520 1.951305
