0 0.00220 0.130879
1 0.00840 0.291151
2 0.02090 0.460014
3 0.04230 0.733315
4 0.06900 0.866762
5 0.10030 1.015161
6 0.13290 1.113547
7 0.17290 1.276282
8 0.21330 1.417173
9 0.25890 1.511862
10 0.30410 1.622443
11 0.34720 1.689197
12 0.38990 1.768968
13 0.43060 1.813234
14 0.46780 1.859557
15 0.50260 1.885571
16 0.54120 1.897408
17 0.57550 1.910988
18 0.60750 1.920516
19 0.63510 1.933878
20 0.66120 1.945413
21 0.68640 1.952831
22 0.71120 1.959200
23 0.73290 1.966584
24 0.75520 1.972833
25 0.77390 1.976489
26 0.78790 1.975089
27 0.80530 1.979330
28 0.82130 1.983337
29 0.83610 1.983910
30 0.84820 1.985001
31 0.86090 1.987752
32 0.87250 1.992822
33 0.88310 1.997155
34 0.89230 1.999316
35 0.90200 2.000234
36 0.90890 2.000234
37 0.91550 2.001312
38 0.92390 2.001312
39 0.93090 2.001312
40 0.93530 2.000074
41 0.93920 2.002227
42 0.94310 2.002227
43 0.94740 2.000992
44 0.95130 2.002067
45 0.95450 2.002067
46 0.95720 2.002067
47 0.95970 2.002067
48 0.96240 2.002067
49 0.96500 2.002067
