0 0.00220 nan
1 0.00840 1.000000
2 0.02090 1.431364
3 0.04230 1.297064
4 0.06900 1.346516
5 0.10030 1.352855
6 0.13290 1.379627
7 0.17290 1.412246
8 0.21330 1.437021
9 0.25890 1.467848
10 0.30410 1.517244
11 0.34720 1.558244
12 0.38990 1.604000
13 0.43060 1.621295
14 0.46780 1.645654
15 0.50260 1.670182
16 0.54120 1.698342
17 0.57550 1.725380
18 0.60750 1.750155
19 0.63510 1.764318
20 0.66120 1.776562
21 0.68640 1.781702
22 0.71120 1.793866
23 0.73290 1.805272
24 0.75520 1.818824
25 0.77390 1.832613
26 0.78790 1.839623
27 0.80530 1.853487
28 0.82130 1.864250
29 0.83610 1.874970
30 0.84820 1.884122
31 0.86090 1.890766
32 0.87250 1.898080
33 0.88310 1.903062
34 0.89230 1.907912
35 0.90200 1.915643
36 0.90890 1.920046
37 0.91550 1.925446
38 0.92390 1.931059
39 0.93090 1.934320
40 0.93530 1.937616
41 0.93920 1.939381
42 0.94310 1.941205
43 0.94740 1.944285
44 0.95130 1.947367
45 0.95450 1.950038
46 0.95720 1.951192
47 0.95970 1.952119
48 0.96240 1.954050
49 0.96500 1.955912
