0 0.00160 0.134538
1 0.00730 0.202156
2 0.02030 0.503007
3 0.04040 0.664623
4 0.06480 0.803388
5 0.09630 0.965147
6 0.13000 1.116856
7 0.16560 1.237619
8 0.20870 1.396009
9 0.25370 1.528620
10 0.29550 1.622836
11 0.34090 1.699309
12 0.38490 1.760956
13 0.42940 1.809849
14 0.46970 1.851279
15 0.50910 1.883324
16 0.54290 1.908103
17 0.57220 1.923066
18 0.60580 1.938893
19 0.63480 1.947875
20 0.66670 1.960025
21 0.69420 1.963755
22 0.72050 1.973377
23 0.74240 1.977643
24 0.76330 1.978586
25 0.78360 1.982615
26 0.80010 1.984278
27 0.81610 1.988662
28 0.82980 1.991408
29 0.84420 1.992895
30 0.85700 1.991119
31 0.86850 1.990962
32 0.87930 1.993136
33 0.88950 1.996392
34 0.89800 1.995148
35 0.90590 1.996232
36 0.91320 1.994990
37 0.91980 1.991277
38 0.92600 1.991277
39 0.93070 1.991277
40 0.93620 1.992360
41 0.94180 1.992360
42 0.94690 1.994523
43 0.95080 1.995603
44 0.95460 1.995603
45 0.95800 1.995603
46 0.96060 1.995603
47 0.96360 1.995603
48 0.96550 1.995603
49 0.96860 1.996683
