0 0.00160 nan
1 0.00730 inf
2 0.02030 1.301030
3 0.04040 1.301030
4 0.06480 1.337242
5 0.09630 1.453891
6 0.13000 1.477737
7 0.16560 1.491793
8 0.20870 1.513423
9 0.25370 1.506118
10 0.29550 1.556471
11 0.34090 1.585692
12 0.38490 1.633844
13 0.42940 1.680024
14 0.46970 1.699126
15 0.50910 1.713040
16 0.54290 1.735457
17 0.57220 1.754664
18 0.60580 1.777127
19 0.63480 1.797997
20 0.66670 1.808111
21 0.69420 1.827026
22 0.72050 1.846984
23 0.74240 1.849528
24 0.76330 1.861622
25 0.78360 1.872420
26 0.80010 1.876288
27 0.81610 1.888218
28 0.82980 1.895447
29 0.84420 1.907758
30 0.85700 1.915264
31 0.86850 1.922548
32 0.87930 1.930317
33 0.88950 1.934766
34 0.89800 1.937536
35 0.90590 1.943536
36 0.91320 1.948111
37 0.91980 1.953193
38 0.92600 1.957515
39 0.93070 1.959564
40 0.93620 1.963393
41 0.94180 1.965269
42 0.94690 1.966657
43 0.95080 1.969483
44 0.95460 1.972267
45 0.95800 1.973390
46 0.96060 1.974077
47 0.96360 1.975851
48 0.96550 1.977324
49 0.96860 1.978426
