0 0.00170 0.240165
1 0.00760 0.236116
2 0.01990 0.389447
3 0.04020 0.556847
4 0.06390 0.795517
5 0.09420 0.909729
6 0.12780 1.079525
7 0.16240 1.252415
8 0.20470 1.409680
9 0.24910 1.534099
10 0.29380 1.606049
11 0.33490 1.670349
12 0.37630 1.742342
13 0.41640 1.782717
14 0.45710 1.803441
15 0.49280 1.836148
16 0.53280 1.870266
17 0.56890 1.893065
18 0.59980 1.905378
19 0.63170 1.923279
20 0.66350 1.939420
21 0.68980 1.953397
22 0.71350 1.960411
23 0.73320 1.965190
24 0.75460 1.970333
25 0.77380 1.975462
26 0.78920 1.982765
27 0.80370 1.986041
28 0.82270 1.989310
29 0.83560 1.989877
30 0.84670 1.992775
31 0.85950 1.994945
32 0.87110 1.996028
33 0.88100 1.998559
34 0.88880 1.999641
35 0.89550 2.002881
36 0.90350 2.005038
37 0.91190 2.006115
38 0.91850 2.004871
39 0.92550 2.007022
40 0.93110 2.005780
41 0.93690 2.005780
42 0.94190 2.004540
43 0.94570 2.004540
44 0.95060 2.004540
45 0.95320 2.004540
46 0.95580 2.004540
47 0.95920 2.002067
48 0.96260 2.002067
49 0.96540 2.002067
