0 0.00170 inf
1 0.00760 1.079181
2 0.01990 1.224015
3 0.04020 1.382467
4 0.06390 1.284676
5 0.09420 1.358569
6 0.12780 1.385989
7 0.16240 1.433290
8 0.20470 1.466824
9 0.24910 1.489003
10 0.29380 1.530076
11 0.33490 1.562560
12 0.37630 1.585103
13 0.41640 1.627899
14 0.45710 1.660881
15 0.49280 1.672560
16 0.53280 1.696232
17 0.56890 1.719040
18 0.59980 1.736576
19 0.63170 1.755851
20 0.66350 1.768747
21 0.68980 1.785371
22 0.71350 1.795880
23 0.73320 1.810077
24 0.75460 1.821661
25 0.77380 1.829033
26 0.78920 1.840576
27 0.80370 1.851147
28 0.82270 1.861351
29 0.83560 1.869038
30 0.84670 1.877523
31 0.85950 1.888077
32 0.87110 1.894723
33 0.88100 1.900552
34 0.88880 1.904765
35 0.89550 1.907606
36 0.90350 1.913761
37 0.91190 1.918004
38 0.91850 1.920528
39 0.92550 1.924368
40 0.93110 1.928466
41 0.93690 1.932961
42 0.94190 1.935621
43 0.94570 1.938750
44 0.95060 1.942293
45 0.95320 1.944265
46 0.95580 1.946121
47 0.95920 1.948434
48 0.96260 1.951176
49 0.96540 1.953168
