0 0.00170 0.044846
1 0.00800 0.335208
2 0.02100 0.371812
3 0.04270 0.647208
4 0.07250 0.816899
5 0.10430 0.986460
6 0.13840 1.158106
7 0.17890 1.299031
8 0.22140 1.411797
9 0.26490 1.528365
10 0.30700 1.619632
11 0.34840 1.706470
12 0.39070 1.756591
13 0.43040 1.807045
14 0.46960 1.854951
15 0.50850 1.876083
16 0.54700 1.907142
17 0.58220 1.926843
18 0.61170 1.936525
19 0.64650 1.955911
20 0.67590 1.968161
21 0.70390 1.976087
22 0.72580 1.980323
23 0.74690 1.985064
24 0.76830 1.986198
25 0.78540 1.991284
26 0.80100 1.994021
27 0.81690 1.994021
28 0.83380 1.997275
29 0.84730 1.999641
30 0.85930 2.001637
31 0.87020 2.001637
32 0.88130 2.001637
33 0.88960 2.002716
34 0.89780 2.005947
35 0.90600 2.005947
36 0.91390 2.004705
37 0.92150 2.004705
38 0.92690 2.004705
39 0.93180 2.004705
40 0.93670 2.004705
41 0.94130 2.004705
42 0.94500 2.004705
43 0.94840 2.003465
44 0.95260 2.002227
45 0.95480 2.002227
46 0.95780 2.002227
47 0.96040 2.002227
48 0.96310 2.002227
49 0.96620 2.000992
