0 0.00170 inf
1 0.00800 inf
2 0.02100 1.374137
3 0.04270 1.246569
4 0.07250 1.257601
5 0.10430 1.276158
6 0.13840 1.325837
7 0.17890 1.419269
8 0.22140 1.477254
9 0.26490 1.517245
10 0.30700 1.560870
11 0.34840 1.592013
12 0.39070 1.619230
13 0.43040 1.649146
14 0.46960 1.676146
15 0.50850 1.708741
16 0.54700 1.723729
17 0.58220 1.740997
18 0.61170 1.754578
19 0.64650 1.779287
20 0.67590 1.785030
21 0.70390 1.800605
22 0.72580 1.810560
23 0.74690 1.826111
24 0.76830 1.841760
25 0.78540 1.853431
26 0.80100 1.863242
27 0.81690 1.875030
28 0.83380 1.886521
29 0.84730 1.897247
30 0.85930 1.906832
31 0.87020 1.912610
32 0.88130 1.917929
33 0.88960 1.922530
34 0.89780 1.925503
35 0.90600 1.931973
36 0.91390 1.937608
37 0.92150 1.939811
38 0.92690 1.943027
39 0.93180 1.946769
40 0.93670 1.949365
41 0.94130 1.952725
42 0.94500 1.955365
43 0.94840 1.957783
44 0.95260 1.960838
45 0.95480 1.962303
46 0.95780 1.964325
47 0.96040 1.966171
48 0.96310 1.968377
49 0.96620 1.970594
