0 0.00020 0.000000
1 0.00040 0.000000
2 0.00100 1.667970
3 0.00180 1.600000
4 0.00310 1.272700
5 0.00520 1.181232
6 0.00790 1.445644
7 0.01130 1.486577
8 0.01630 1.496146
9 0.02200 1.432017
10 0.03010 1.353478
11 0.03970 1.470803
12 0.05040 1.426543
13 0.06500 1.521066
14 0.07990 1.501045
15 0.10080 1.522683
16 0.12400 1.620860
17 0.14970 1.626513
18 0.17660 1.632257
19 0.20560 1.628678
20 0.23610 1.630245
21 0.26880 1.634139
22 0.30680 1.702836
23 0.34810 1.725677
24 0.38950 1.712138
25 0.43710 1.733171
26 0.48690 1.766017
27 0.53340 1.774263
28 0.57600 1.782763
29 0.61630 1.835946
30 0.65980 1.825472
31 0.69870 1.882246
32 0.73230 1.882478
33 0.76230 1.881577
34 0.79250 1.886846
35 0.81850 1.899518
36 0.84390 1.913407
37 0.86160 1.928715
38 0.88020 1.925728
39 0.89530 1.905528
40 0.90800 1.912177
41 0.92020 1.915325
42 0.92950 1.917036
43 0.93920 1.924106
44 0.94740 1.933515
45 0.95590 1.945086
46 0.96130 1.949726
47 0.96600 1.949852
48 0.96980 1.957063
49 0.97470 1.957640
