0 0.00020 nan
1 0.00040 inf
2 0.00100 inf
3 0.00180 inf
4 0.00310 inf
5 0.00520 inf
6 0.00790 1.535716
7 0.01130 1.579784
8 0.01630 1.529650
9 0.02200 1.619354
10 0.03010 1.727541
11 0.03970 1.709996
12 0.05040 1.684396
13 0.06500 1.729030
14 0.07990 1.734266
15 0.10080 1.822005
16 0.12400 1.865088
17 0.14970 1.895191
18 0.17660 1.868393
19 0.20560 1.889776
20 0.23610 1.923915
21 0.26880 1.919708
22 0.30680 1.935595
23 0.34810 1.957858
24 0.38950 1.956649
25 0.43710 1.969165
26 0.48690 1.970026
27 0.53340 1.974731
28 0.57600 1.953683
29 0.61630 1.974125
30 0.65980 1.981594
31 0.69870 1.982291
32 0.73230 1.989289
33 0.76230 1.998602
34 0.79250 2.000131
35 0.81850 1.998928
36 0.84390 2.002411
37 0.86160 2.005800
38 0.88020 1.994613
39 0.89530 2.003047
40 0.90800 1.995111
41 0.92020 1.992931
42 0.92950 1.993827
43 0.93920 1.998311
44 0.94740 1.996220
45 0.95590 1.997991
46 0.96130 2.000083
47 0.96600 1.998883
48 0.96980 1.997005
49 0.97470 2.000916
