0 0.00190 0.075140
1 0.00790 0.360495
2 0.02040 0.371494
3 0.04030 0.595207
4 0.06560 0.769437
5 0.09670 0.944431
6 0.13220 1.114520
7 0.17330 1.268871
8 0.21570 1.430392
9 0.25840 1.526681
10 0.30380 1.619941
11 0.34670 1.701930
12 0.38830 1.760721
13 0.42920 1.802607
14 0.46820 1.838342
15 0.50860 1.864932
16 0.54330 1.892653
17 0.57820 1.918472
18 0.60970 1.925891
19 0.64190 1.939632
20 0.66590 1.949515
21 0.69300 1.959752
22 0.71690 1.964980
23 0.73900 1.965941
24 0.75660 1.970933
25 0.77720 1.977514
26 0.79410 1.982459
27 0.81140 1.990080
28 0.82630 1.991165
29 0.83850 1.992976
30 0.84960 1.997305
31 0.86080 2.001268
32 0.87390 2.001268
33 0.88350 2.001268
34 0.89100 2.001268
35 0.90040 2.001992
36 0.90860 2.000588
37 0.91740 2.003465
38 0.92330 2.003465
39 0.92960 2.003465
40 0.93620 2.003465
41 0.94170 2.003465
42 0.94600 2.005615
43 0.95030 2.005615
44 0.95440 2.005615
45 0.95870 2.005615
46 0.96170 2.005615
47 0.96500 2.005615
48 0.96670 2.005615
49 0.96890 2.005615
