0 0.00190 nan
1 0.00790 0.903090
2 0.02040 1.271067
3 0.04030 1.320335
4 0.06560 1.479827
5 0.09670 1.454152
6 0.13220 1.547012
7 0.17330 1.595458
8 0.21570 1.595496
9 0.25840 1.641924
10 0.30380 1.655482
11 0.34670 1.703699
12 0.38830 1.693769
13 0.42920 1.725565
14 0.46820 1.724237
15 0.50860 1.737801
16 0.54330 1.751279
17 0.57820 1.768401
18 0.60970 1.783834
19 0.64190 1.805720
20 0.66590 1.813715
21 0.69300 1.832063
22 0.71690 1.843102
23 0.73900 1.849927
24 0.75660 1.863007
25 0.77720 1.876342
26 0.79410 1.888524
27 0.81140 1.891422
28 0.82630 1.898984
29 0.83850 1.908767
30 0.84960 1.918716
31 0.86080 1.922240
32 0.87390 1.929945
33 0.88350 1.934064
34 0.89100 1.940672
35 0.90040 1.944088
36 0.90860 1.948819
37 0.91740 1.952938
38 0.92330 1.955270
39 0.92960 1.959656
40 0.93620 1.964595
41 0.94170 1.966326
42 0.94600 1.969521
43 0.95030 1.972535
44 0.95440 1.974176
45 0.95870 1.977640
46 0.96170 1.979950
47 0.96500 1.982129
48 0.96670 1.983498
49 0.96890 1.985249
