0 0.00190 0.075140
1 0.00810 0.217211
2 0.01960 0.406182
3 0.04040 0.635858
4 0.06600 0.831611
5 0.09600 0.937603
6 0.13070 1.093135
7 0.17100 1.260574
8 0.21460 1.407445
9 0.25760 1.525081
10 0.30050 1.614451
11 0.34530 1.725743
12 0.38900 1.780787
13 0.42970 1.834785
14 0.47040 1.863839
15 0.51140 1.886185
16 0.54710 1.910217
17 0.57800 1.932304
18 0.61270 1.943495
19 0.64310 1.959450
20 0.66990 1.974393
21 0.69640 1.979902
22 0.71650 1.986679
23 0.73960 1.990684
24 0.75920 1.991610
25 0.77850 1.992009
26 0.79420 1.994945
27 0.81230 1.998030
28 0.82720 1.997512
29 0.83950 1.999672
30 0.85190 1.999672
31 0.86390 2.000395
32 0.87470 2.000234
33 0.88670 2.000234
34 0.89630 2.000234
35 0.90520 2.001312
36 0.91150 2.001312
37 0.91840 2.002389
38 0.92460 2.002227
39 0.92990 2.002227
40 0.93420 2.002227
41 0.93920 2.002227
42 0.94370 2.004377
43 0.94760 2.004377
44 0.95210 2.003142
45 0.95550 2.003142
46 0.95870 2.003142
47 0.96120 2.003142
48 0.96460 2.003142
49 0.96730 2.003142
