0 0.00190 nan
1 0.00810 1.255273
2 0.01960 1.763428
3 0.04040 1.617000
4 0.06600 1.537335
5 0.09600 1.526452
6 0.13070 1.529180
7 0.17100 1.532330
8 0.21460 1.560929
9 0.25760 1.569161
10 0.30050 1.575847
11 0.34530 1.586087
12 0.38900 1.627573
13 0.42970 1.663264
14 0.47040 1.689408
15 0.51140 1.706642
16 0.54710 1.730432
17 0.57800 1.744952
18 0.61270 1.755163
19 0.64310 1.774049
20 0.66990 1.793201
21 0.69640 1.799709
22 0.71650 1.810057
23 0.73960 1.824081
24 0.75920 1.838124
25 0.77850 1.851735
26 0.79420 1.856395
27 0.81230 1.864641
28 0.82720 1.875938
29 0.83950 1.882994
30 0.85190 1.890898
31 0.86390 1.897713
32 0.87470 1.904840
33 0.88670 1.911534
34 0.89630 1.918272
35 0.90520 1.923117
36 0.91150 1.928506
37 0.91840 1.933802
38 0.92460 1.938640
39 0.92990 1.943020
40 0.93420 1.945386
41 0.93920 1.948547
42 0.94370 1.952242
43 0.94760 1.954194
44 0.95210 1.957431
45 0.95550 1.960392
46 0.95870 1.962771
47 0.96120 1.964576
48 0.96460 1.967169
49 0.96730 1.969109
