0 0.00030 0.000000
1 0.00060 1.444944
2 0.00150 0.253380
3 0.00250 0.376340
4 0.00350 0.221886
5 0.00610 0.537067
6 0.00860 0.650133
7 0.01190 0.864741
8 0.01700 0.763619
9 0.02460 0.730919
10 0.03470 0.908360
11 0.04510 0.955429
12 0.05860 1.006813
13 0.07290 1.079024
14 0.09100 1.078362
15 0.11570 1.213698
16 0.14380 1.186804
17 0.17600 1.233803
18 0.20920 1.288484
19 0.24240 1.340013
20 0.27680 1.412043
21 0.31600 1.456780
22 0.35530 1.523668
23 0.39250 1.580639
24 0.43030 1.623329
25 0.46930 1.641836
26 0.50810 1.686628
27 0.54760 1.746821
28 0.58470 1.794181
29 0.62160 1.825571
30 0.65370 1.849216
31 0.68780 1.888897
32 0.71540 1.908710
33 0.74040 1.915647
34 0.76610 1.922471
35 0.78660 1.935157
36 0.80780 1.944629
37 0.82820 1.955314
38 0.84750 1.971658
39 0.86210 1.970074
40 0.87550 1.976903
41 0.88810 1.978037
42 0.90000 1.985591
43 0.91060 1.989067
44 0.92050 1.991974
45 0.92930 1.995237
46 0.93710 1.999606
47 0.94430 2.002493
48 0.95090 2.003070
49 0.95530 1.999351
