0 0.00030 0.477121
1 0.00060 1.000000
2 0.00150 1.462398
3 0.00250 1.690196
4 0.00350 1.778151
5 0.00610 1.986772
6 0.00860 1.672098
7 0.01190 1.570543
8 0.01700 1.531479
9 0.02460 1.644349
10 0.03470 1.601456
11 0.04510 1.627722
12 0.05860 1.697296
13 0.07290 1.690977
14 0.09100 1.731790
15 0.11570 1.702677
16 0.14380 1.706051
17 0.17600 1.726938
18 0.20920 1.742592
19 0.24240 1.739180
20 0.27680 1.763859
21 0.31600 1.773268
22 0.35530 1.783516
23 0.39250 1.805107
24 0.43030 1.822437
25 0.46930 1.821193
26 0.50810 1.824766
27 0.54760 1.823445
28 0.58470 1.830434
29 0.62160 1.846226
30 0.65370 1.857217
31 0.68780 1.866831
32 0.71540 1.869266
33 0.74040 1.878696
34 0.76610 1.883182
35 0.78660 1.890423
36 0.80780 1.900978
37 0.82820 1.907403
38 0.84750 1.914368
39 0.86210 1.913868
40 0.87550 1.917291
41 0.88810 1.919795
42 0.90000 1.923652
43 0.91060 1.927090
44 0.92050 1.930178
45 0.92930 1.932108
46 0.93710 1.932508
47 0.94430 1.935813
48 0.95090 1.938565
49 0.95530 1.938973
