0 0.00060 0.000000
1 0.00180 0.073212
2 0.00370 0.644552
3 0.00530 0.410127
4 0.00810 0.407337
5 0.01170 0.487268
6 0.01630 0.441055
7 0.02280 0.742796
8 0.03260 0.820039
9 0.04450 0.888433
10 0.05700 1.097336
11 0.07310 1.059265
12 0.09100 1.104893
13 0.11460 1.172239
14 0.13770 1.214650
15 0.16130 1.216989
16 0.19080 1.280075
17 0.22190 1.332681
18 0.25380 1.377283
19 0.28810 1.424586
20 0.32340 1.465822
21 0.36000 1.488872
22 0.39480 1.550641
23 0.43380 1.601593
24 0.47490 1.641349
25 0.51330 1.667317
26 0.55140 1.731424
27 0.58490 1.774343
28 0.61780 1.799712
29 0.65100 1.839683
30 0.68120 1.858161
31 0.70930 1.888573
32 0.73490 1.909620
33 0.75910 1.931023
34 0.78170 1.949591
35 0.80290 1.962201
36 0.82050 1.967921
37 0.83620 1.977969
38 0.85070 1.980404
39 0.86630 1.981725
40 0.88100 1.990121
41 0.89230 1.993595
42 0.90510 1.998319
43 0.91550 1.996142
44 0.92360 1.997616
45 0.93040 1.999983
46 0.93610 2.002512
47 0.94210 2.002181
48 0.94750 2.003257
49 0.95350 2.003981
