0 0.00060 inf
1 0.00180 1.204120
2 0.00370 1.308209
3 0.00530 1.243038
4 0.00810 1.372386
5 0.01170 1.462398
6 0.01630 1.534949
7 0.02280 1.550636
8 0.03260 1.503450
9 0.04450 1.526506
10 0.05700 1.552364
11 0.07310 1.588038
12 0.09100 1.613501
13 0.11460 1.661250
14 0.13770 1.680468
15 0.16130 1.711475
16 0.19080 1.737352
17 0.22190 1.757221
18 0.25380 1.767156
19 0.28810 1.780322
20 0.32340 1.793995
21 0.36000 1.814689
22 0.39480 1.836535
23 0.43380 1.857048
24 0.47490 1.861939
25 0.51330 1.863143
26 0.55140 1.879471
27 0.58490 1.891764
28 0.61780 1.891457
29 0.65100 1.903321
30 0.68120 1.911012
31 0.70930 1.920662
32 0.73490 1.923716
33 0.75910 1.925172
34 0.78170 1.937852
35 0.80290 1.946485
36 0.82050 1.949419
37 0.83620 1.953063
38 0.85070 1.954807
39 0.86630 1.959742
40 0.88100 1.962356
41 0.89230 1.964915
42 0.90510 1.971306
43 0.91550 1.973916
44 0.92360 1.978045
45 0.93040 1.980548
46 0.93610 1.981519
47 0.94210 1.982874
48 0.94750 1.985899
49 0.95350 1.988056
