0 0.00230 0.066228
1 0.01080 0.259075
2 0.02570 0.446596
3 0.04650 0.495586
4 0.07560 0.776561
5 0.10860 0.984453
6 0.14680 1.184502
7 0.19090 1.344392
8 0.23590 1.470347
9 0.27780 1.575168
10 0.32150 1.660462
11 0.36650 1.734226
12 0.41240 1.799536
13 0.45750 1.843192
14 0.49550 1.878008
15 0.53530 1.899641
16 0.56830 1.916487
17 0.60130 1.927634
18 0.63080 1.940247
19 0.66020 1.952019
20 0.68730 1.958893
21 0.71130 1.961698
22 0.73180 1.967780
23 0.75320 1.976187
24 0.77160 1.976187
25 0.78850 1.980557
26 0.80660 1.984403
27 0.82290 1.988386
28 0.83750 1.989470
29 0.84900 1.989470
30 0.86100 1.993290
31 0.87260 1.994370
32 0.88340 1.994370
33 0.89510 1.995450
34 0.90320 1.995450
35 0.90970 1.995450
36 0.91640 1.996528
37 0.92240 1.996528
38 0.92720 1.996528
39 0.93320 1.996528
40 0.93830 1.996528
41 0.94180 1.996528
42 0.94690 1.997606
43 0.95000 1.996375
44 0.95350 1.997452
45 0.95770 1.996223
46 0.96130 1.996223
47 0.96500 1.997299
48 0.96760 1.997299
49 0.96950 1.997299
