0 0.00230 inf
1 0.01080 0.929419
2 0.02570 1.278754
3 0.04650 1.260412
4 0.07560 1.267576
5 0.10860 1.325725
6 0.14680 1.372861
7 0.19090 1.433242
8 0.23590 1.484240
9 0.27780 1.518238
10 0.32150 1.524864
11 0.36650 1.572428
12 0.41240 1.622962
13 0.45750 1.664771
14 0.49550 1.696265
15 0.53530 1.722207
16 0.56830 1.735891
17 0.60130 1.761718
18 0.63080 1.777702
19 0.66020 1.801494
20 0.68730 1.823486
21 0.71130 1.837147
22 0.73180 1.848383
23 0.75320 1.865855
24 0.77160 1.880797
25 0.78850 1.888852
26 0.80660 1.897690
27 0.82290 1.906765
28 0.83750 1.917602
29 0.84900 1.924092
30 0.86100 1.931825
31 0.87260 1.937617
32 0.88340 1.942631
33 0.89510 1.950280
34 0.90320 1.955330
35 0.90970 1.959416
36 0.91640 1.965078
37 0.92240 1.969101
38 0.92720 1.971331
39 0.93320 1.976057
40 0.93830 1.979691
41 0.94180 1.982247
42 0.94690 1.985781
43 0.95000 1.986663
44 0.95350 1.987827
45 0.95770 1.990762
46 0.96130 1.993442
47 0.96500 1.995060
48 0.96760 1.995776
49 0.96950 1.997293
