0 0.00020 0.000000
1 0.00040 0.599706
2 0.00110 0.448035
3 0.00190 0.132457
4 0.00350 0.293665
5 0.00610 0.306059
6 0.01070 0.643702
7 0.01730 0.747452
8 0.02510 0.662381
9 0.03630 0.735726
10 0.04990 0.797379
11 0.06430 0.970746
12 0.08050 1.082408
13 0.09850 1.102789
14 0.11990 1.143388
15 0.14700 1.324069
16 0.17540 1.304483
17 0.20670 1.351932
18 0.23820 1.463054
19 0.27160 1.565098
20 0.30890 1.569324
21 0.34670 1.609667
22 0.38200 1.620878
23 0.41790 1.670633
24 0.45310 1.711325
25 0.49050 1.710312
26 0.52720 1.746974
27 0.56100 1.778834
28 0.59070 1.805815
29 0.62010 1.831870
30 0.65030 1.833741
31 0.67600 1.835141
32 0.70240 1.860119
33 0.72500 1.880745
34 0.74850 1.902508
35 0.77250 1.908850
36 0.79200 1.935584
37 0.81030 1.946870
38 0.82930 1.946664
39 0.84460 1.958097
40 0.86220 1.967823
41 0.87700 1.971182
42 0.88880 1.978543
43 0.89950 1.985526
44 0.90980 1.995367
45 0.91850 1.992671
46 0.92510 1.991247
47 0.93420 1.997409
48 0.94080 1.999606
49 0.94710 2.000887
