0 0.00020 nan
1 0.00040 inf
2 0.00110 inf
3 0.00190 1.342423
4 0.00350 1.568202
5 0.00610 1.556303
6 0.01070 1.474216
7 0.01730 1.506843
8 0.02510 1.530413
9 0.03630 1.618397
10 0.04990 1.588150
11 0.06430 1.589670
12 0.08050 1.610059
13 0.09850 1.655565
14 0.11990 1.646454
15 0.14700 1.677607
16 0.17540 1.726345
17 0.20670 1.764332
18 0.23820 1.802946
19 0.27160 1.820366
20 0.30890 1.801831
21 0.34670 1.824311
22 0.38200 1.828729
23 0.41790 1.852657
24 0.45310 1.851074
25 0.49050 1.851147
26 0.52720 1.848749
27 0.56100 1.860291
28 0.59070 1.872025
29 0.62010 1.874360
30 0.65030 1.882798
31 0.67600 1.883837
32 0.70240 1.890828
33 0.72500 1.893590
34 0.74850 1.902552
35 0.77250 1.914473
36 0.79200 1.920160
37 0.81030 1.921916
38 0.82930 1.923819
39 0.84460 1.928449
40 0.86220 1.935198
41 0.87700 1.938541
42 0.88880 1.944338
43 0.89950 1.948356
44 0.90980 1.951524
45 0.91850 1.955781
46 0.92510 1.958879
47 0.93420 1.963480
48 0.94080 1.964680
49 0.94710 1.964915
