0 0.00170 0.084253
1 0.00690 0.093702
2 0.01840 0.426916
3 0.03710 0.711121
4 0.06110 0.806123
5 0.08990 0.866832
6 0.12770 1.057090
7 0.16220 1.215698
8 0.20150 1.345603
9 0.24460 1.456877
10 0.29060 1.553491
11 0.33160 1.633665
12 0.37590 1.718180
13 0.41930 1.777002
14 0.45760 1.810401
15 0.49550 1.853627
16 0.53490 1.889471
17 0.56840 1.911829
18 0.60320 1.932748
19 0.63120 1.944257
20 0.66030 1.955654
21 0.68750 1.966231
22 0.71050 1.977962
23 0.73210 1.987814
24 0.75300 1.994710
25 0.77570 1.999049
26 0.79320 2.001214
27 0.80890 2.003375
28 0.82440 2.003574
29 0.83780 2.004483
30 0.85260 2.004314
31 0.86360 2.005391
32 0.87510 2.006467
33 0.88540 2.006131
34 0.89410 2.006131
35 0.90250 2.006131
36 0.91000 2.004891
37 0.91690 2.004891
38 0.92230 2.003654
39 0.92740 2.004377
40 0.93270 2.004377
41 0.93770 2.003142
42 0.94380 2.002982
43 0.94800 2.002982
44 0.95080 2.002982
45 0.95470 2.002982
46 0.95800 2.002982
47 0.96030 2.002982
48 0.96420 2.002982
49 0.96640 2.002982
