0 0.00170 inf
1 0.00690 inf
2 0.01840 1.469822
3 0.03710 1.249198
4 0.06110 1.316542
5 0.08990 1.353704
6 0.12770 1.401884
7 0.16220 1.475464
8 0.20150 1.509454
9 0.24460 1.501472
10 0.29060 1.525499
11 0.33160 1.568268
12 0.37590 1.630400
13 0.41930 1.660104
14 0.45760 1.674085
15 0.49550 1.695370
16 0.53490 1.721350
17 0.56840 1.748356
18 0.60320 1.765595
19 0.63120 1.785236
20 0.66030 1.802664
21 0.68750 1.823150
22 0.71050 1.836507
23 0.73210 1.847488
24 0.75300 1.863499
25 0.77570 1.879000
26 0.79320 1.888280
27 0.80890 1.900957
28 0.82440 1.909080
29 0.83780 1.916826
30 0.85260 1.926489
31 0.86360 1.933976
32 0.87510 1.942526
33 0.88540 1.948334
34 0.89410 1.954990
35 0.90250 1.958031
36 0.91000 1.964190
37 0.91690 1.967000
38 0.92230 1.967660
39 0.92740 1.971635
40 0.93270 1.976060
41 0.93770 1.977354
42 0.94380 1.981419
43 0.94800 1.983579
44 0.95080 1.985955
45 0.95470 1.989166
46 0.95800 1.991345
47 0.96030 1.992934
48 0.96420 1.995753
49 0.96640 1.997419
