0 0.00030 0.000000
1 0.00080 0.000000
2 0.00210 0.637733
3 0.00360 0.084253
4 0.00580 0.308928
5 0.00980 0.552831
6 0.01520 0.408345
7 0.02340 0.527588
8 0.03090 0.644688
9 0.04360 0.842965
10 0.05880 0.947885
11 0.07480 0.929242
12 0.09300 1.074444
13 0.11490 1.072124
14 0.13960 1.159937
15 0.16860 1.225937
16 0.20110 1.276631
17 0.23420 1.311463
18 0.27360 1.393815
19 0.31140 1.442317
20 0.35230 1.502633
21 0.39390 1.564918
22 0.43610 1.625139
23 0.47360 1.668628
24 0.50820 1.690740
25 0.54070 1.757176
26 0.57710 1.797816
27 0.61390 1.847786
28 0.64810 1.865210
29 0.67950 1.892496
30 0.70800 1.910554
31 0.73390 1.918676
32 0.75880 1.926308
33 0.78400 1.939047
34 0.80390 1.934580
35 0.82310 1.946895
36 0.83920 1.954433
37 0.85720 1.958334
38 0.87240 1.968375
39 0.88410 1.978326
40 0.89530 1.982558
41 0.90720 1.991174
42 0.91610 1.993549
43 0.92610 1.996283
44 0.93380 1.994849
45 0.94080 1.998134
46 0.94720 1.997606
47 0.95140 1.999248
48 0.95510 2.000164
49 0.95980 1.998917
