0 0.00030 inf
1 0.00080 inf
2 0.00210 inf
3 0.00360 1.217484
4 0.00580 1.498311
5 0.00980 1.687232
6 0.01520 1.603866
7 0.02340 1.730378
8 0.03090 1.687232
9 0.04360 1.632987
10 0.05880 1.577004
11 0.07480 1.646301
12 0.09300 1.698377
13 0.11490 1.721795
14 0.13960 1.717771
15 0.16860 1.712834
16 0.20110 1.701325
17 0.23420 1.720264
18 0.27360 1.747901
19 0.31140 1.769427
20 0.35230 1.781188
21 0.39390 1.794831
22 0.43610 1.819028
23 0.47360 1.825930
24 0.50820 1.848163
25 0.54070 1.859729
26 0.57710 1.858216
27 0.61390 1.872806
28 0.64810 1.877469
29 0.67950 1.885884
30 0.70800 1.893720
31 0.73390 1.903672
32 0.75880 1.904397
33 0.78400 1.905704
34 0.80390 1.917272
35 0.82310 1.924136
36 0.83920 1.932092
37 0.85720 1.937635
38 0.87240 1.946817
39 0.88410 1.948620
40 0.89530 1.949609
41 0.90720 1.954989
42 0.91610 1.954855
43 0.92610 1.960732
44 0.93380 1.960471
45 0.94080 1.962002
46 0.94720 1.964484
47 0.95140 1.965915
48 0.95510 1.965857
49 0.95980 1.965158
