0 0.04630 1.704761
1 0.09080 1.846075
2 0.13600 1.903809
3 0.17450 1.836784
4 0.21040 1.818770
5 0.24510 1.851662
6 0.27830 1.947270
7 0.31010 1.906706
8 0.34140 1.898045
9 0.37160 1.943855
10 0.40030 1.870947
11 0.42580 1.979709
12 0.44950 1.898307
13 0.47590 1.982603
14 0.49890 1.896695
15 0.52180 1.958482
16 0.54050 1.959120
17 0.56030 1.917206
18 0.58090 1.955771
19 0.59940 1.928665
20 0.61470 1.932263
21 0.63210 1.916048
22 0.64830 1.974133
23 0.66310 1.918526
24 0.68070 1.911803
25 0.69450 1.940610
26 0.70860 1.977742
27 0.72290 1.908031
28 0.73290 1.890380
29 0.74520 1.910862
30 0.75530 1.959540
31 0.76620 1.978329
32 0.77740 1.966141
33 0.78780 1.906437
34 0.79680 1.912637
35 0.80630 1.918489
36 0.81440 1.926781
37 0.82000 1.942097
38 0.82740 1.958349
39 0.83550 1.969676
40 0.84240 1.962518
41 0.84900 1.959048
42 0.85440 1.925439
43 0.86210 1.903338
44 0.86920 1.917844
45 0.87550 1.932685
46 0.88130 1.936702
47 0.88640 1.939192
48 0.89100 1.940310
49 0.89640 1.954080
