0 0.04630 1.913814
1 0.09080 2.216166
2 0.13600 2.014641
3 0.17450 2.032692
4 0.21040 2.031661
5 0.24510 1.968856
6 0.27830 1.989938
7 0.31010 2.012720
8 0.34140 2.033615
9 0.37160 2.014617
10 0.40030 2.046300
11 0.42580 2.035091
12 0.44950 2.014001
13 0.47590 2.009984
14 0.49890 1.994470
15 0.52180 1.997123
16 0.54050 1.991958
17 0.56030 1.999216
18 0.58090 1.978022
19 0.59940 1.974748
20 0.61470 1.986772
21 0.63210 1.985483
22 0.64830 1.981232
23 0.66310 1.988788
24 0.68070 1.989489
25 0.69450 1.971554
26 0.70860 1.960852
27 0.72290 1.960929
28 0.73290 1.956430
29 0.74520 1.960087
30 0.75530 1.957617
31 0.76620 1.954148
32 0.77740 1.957380
33 0.78780 1.956154
34 0.79680 1.957935
35 0.80630 1.958595
36 0.81440 1.952210
37 0.82000 1.956308
38 0.82740 1.958845
39 0.83550 1.962153
40 0.84240 1.961453
41 0.84900 1.962699
42 0.85440 1.961521
43 0.86210 1.963290
44 0.86920 1.964547
45 0.87550 1.960112
46 0.88130 1.960388
47 0.88640 1.962130
48 0.89100 1.960601
49 0.89640 1.962753
