0 0.00240 0.030888
1 0.01070 0.257567
2 0.02560 0.510903
3 0.04650 0.652369
4 0.06990 0.801730
5 0.10160 0.967034
6 0.14090 1.158305
7 0.18350 1.278304
8 0.22790 1.439400
9 0.27040 1.545437
10 0.31630 1.652039
11 0.36200 1.746647
12 0.40570 1.796551
13 0.44680 1.846652
14 0.48470 1.873897
15 0.51800 1.892238
16 0.55490 1.913810
17 0.58510 1.936545
18 0.62020 1.950264
19 0.64930 1.961682
20 0.67710 1.968161
21 0.70350 1.976506
22 0.72860 1.978754
23 0.75070 1.978306
24 0.77170 1.980342
25 0.78990 1.981433
26 0.80850 1.984548
27 0.82510 1.983892
28 0.83880 1.984473
29 0.85340 1.987006
30 0.86560 1.987944
31 0.87640 1.987944
32 0.88700 1.989026
33 0.89490 1.990107
34 0.90310 1.990107
35 0.90850 1.991187
36 0.91540 1.991187
37 0.92240 1.994423
38 0.92760 1.996073
39 0.93290 1.994848
40 0.93730 1.995923
41 0.94270 1.995923
42 0.94800 1.995923
43 0.95140 1.995923
44 0.95550 1.995923
45 0.95810 1.995923
46 0.96090 1.995923
47 0.96370 1.995923
48 0.96560 1.995923
49 0.96800 1.995923
