0 0.00240 inf
1 0.01070 inf
2 0.02560 1.267172
3 0.04650 1.352183
4 0.06990 1.343319
5 0.10160 1.355724
6 0.14090 1.376989
7 0.18350 1.441638
8 0.22790 1.471158
9 0.27040 1.493488
10 0.31630 1.545694
11 0.36200 1.577119
12 0.40570 1.614580
13 0.44680 1.650990
14 0.48470 1.677222
15 0.51800 1.708713
16 0.55490 1.733170
17 0.58510 1.753857
18 0.62020 1.762364
19 0.64930 1.785949
20 0.67710 1.803449
21 0.70350 1.821026
22 0.72860 1.835974
23 0.75070 1.854252
24 0.77170 1.868135
25 0.78990 1.880418
26 0.80850 1.893968
27 0.82510 1.906087
28 0.83880 1.916536
29 0.85340 1.928176
30 0.86560 1.938026
31 0.87640 1.942250
32 0.88700 1.950135
33 0.89490 1.955324
34 0.90310 1.961028
35 0.90850 1.964061
36 0.91540 1.969537
37 0.92240 1.972824
38 0.92760 1.975407
39 0.93290 1.978309
40 0.93730 1.982062
41 0.94270 1.986442
42 0.94800 1.989174
43 0.95140 1.991780
44 0.95550 1.994800
45 0.95810 1.996469
46 0.96090 1.998274
47 0.96370 2.000083
48 0.96560 2.001379
49 0.96800 2.000458
