0 0.00040 0.563492
1 0.00090 0.864972
2 0.00130 0.709916
3 0.00150 0.963296
4 0.00240 0.478783
5 0.00410 0.961155
6 0.00620 0.679141
7 0.00890 0.606278
8 0.01200 0.688901
9 0.01620 1.020539
10 0.02170 0.852544
11 0.02930 0.829184
12 0.03970 1.079454
13 0.04980 1.004959
14 0.06490 1.061048
15 0.07700 1.163572
16 0.09480 1.176999
17 0.11460 1.233111
18 0.13720 1.242984
19 0.16420 1.212027
20 0.19820 1.353698
21 0.23130 1.392894
22 0.26230 1.407816
23 0.29750 1.475485
24 0.33390 1.556496
25 0.36820 1.535268
26 0.40390 1.588858
27 0.43990 1.636708
28 0.47280 1.690977
29 0.50540 1.707225
30 0.53630 1.721268
31 0.56380 1.757060
32 0.59360 1.783524
33 0.62210 1.813827
34 0.64810 1.845285
35 0.67210 1.859620
36 0.69570 1.866423
37 0.71960 1.865772
38 0.74080 1.878456
39 0.76170 1.892955
40 0.77970 1.899605
41 0.79770 1.924351
42 0.81480 1.932281
43 0.83200 1.930016
44 0.84660 1.940658
45 0.85980 1.940358
46 0.87260 1.943498
47 0.88420 1.947062
48 0.89400 1.952374
49 0.90340 1.966919
