0 0.00040 inf
1 0.00090 inf
2 0.00130 1.204120
3 0.00150 1.204120
4 0.00240 1.361728
5 0.00410 1.732394
6 0.00620 1.707570
7 0.00890 1.951823
8 0.01200 1.920819
9 0.01620 1.814248
10 0.02170 1.945469
11 0.02930 1.849897
12 0.03970 1.883661
13 0.04980 1.960507
14 0.06490 1.889702
15 0.07700 1.822033
16 0.09480 1.883203
17 0.11460 1.851557
18 0.13720 1.849937
19 0.16420 1.873390
20 0.19820 1.889183
21 0.23130 1.819348
22 0.26230 1.828230
23 0.29750 1.833532
24 0.33390 1.840199
25 0.36820 1.866863
26 0.40390 1.886690
27 0.43990 1.881835
28 0.47280 1.894085
29 0.50540 1.906254
30 0.53630 1.926149
31 0.56380 1.932345
32 0.59360 1.940083
33 0.62210 1.937786
34 0.64810 1.935346
35 0.67210 1.938202
36 0.69570 1.939727
37 0.71960 1.939353
38 0.74080 1.944241
39 0.76170 1.952025
40 0.77970 1.954802
41 0.79770 1.959056
42 0.81480 1.963000
43 0.83200 1.970302
44 0.84660 1.977573
45 0.85980 1.983397
46 0.87260 1.983777
47 0.88420 1.984573
48 0.89400 1.987258
49 0.90340 1.989965
