0 0.00070 0.000000
1 0.00160 1.200000
2 0.00310 1.586314
3 0.00510 1.172558
4 0.00800 1.436796
5 0.01220 1.317944
6 0.02050 1.291527
7 0.02910 1.534323
8 0.03990 1.373366
9 0.05330 1.443228
10 0.06760 1.548012
11 0.08610 1.564636
12 0.10900 1.657851
13 0.13610 1.589977
14 0.16380 1.608833
15 0.19180 1.638892
16 0.22670 1.640387
17 0.26100 1.659263
18 0.29910 1.702235
19 0.33720 1.711543
20 0.37940 1.729578
21 0.42030 1.728520
22 0.46580 1.748303
23 0.50820 1.782268
24 0.55340 1.768843
25 0.59390 1.806076
26 0.63540 1.860077
27 0.67650 1.828144
28 0.71090 1.867156
29 0.74480 1.889118
30 0.77400 1.876933
31 0.80270 1.884962
32 0.82690 1.903251
33 0.84740 1.914484
34 0.86660 1.925565
35 0.88320 1.910573
36 0.89780 1.908492
37 0.91000 1.912536
38 0.92190 1.906544
39 0.93130 1.921452
40 0.93860 1.928489
41 0.94710 1.934669
42 0.95440 1.941185
43 0.96020 1.943435
44 0.96470 1.947924
45 0.96900 1.949668
46 0.97300 1.947540
47 0.97710 1.949448
48 0.97940 1.951186
49 0.98190 1.952466
