0 0.00070 inf
1 0.00160 inf
2 0.00310 inf
3 0.00510 inf
4 0.00800 inf
5 0.01220 2.230449
6 0.02050 1.890700
7 0.02910 1.888367
8 0.03990 1.932601
9 0.05330 2.069576
10 0.06760 2.003604
11 0.08610 1.884337
12 0.10900 1.866090
13 0.13610 1.849165
14 0.16380 1.822643
15 0.19180 1.868840
16 0.22670 1.844859
17 0.26100 1.849777
18 0.29910 1.854019
19 0.33720 1.872729
20 0.37940 1.891014
21 0.42030 1.875440
22 0.46580 1.889035
23 0.50820 1.884467
24 0.55340 1.883835
25 0.59390 1.902047
26 0.63540 1.925397
27 0.67650 1.923604
28 0.71090 1.938699
29 0.74480 1.946363
30 0.77400 1.950016
31 0.80270 1.955511
32 0.82690 1.962549
33 0.84740 1.964230
34 0.86660 1.966520
35 0.88320 1.973710
36 0.89780 1.974710
37 0.91000 1.976417
38 0.92190 1.978409
39 0.93130 1.980226
40 0.93860 1.982158
41 0.94710 1.980270
42 0.95440 1.981417
43 0.96020 1.984963
44 0.96470 1.987024
45 0.96900 1.988981
46 0.97300 1.986429
47 0.97710 1.988277
48 0.97940 1.989883
49 0.98190 1.990819
