0 0.00060 0.000000
1 0.00120 0.467970
2 0.00240 1.684359
3 0.00320 0.998960
4 0.00530 1.159804
5 0.00870 1.430697
6 0.01240 1.548146
7 0.01870 1.410272
8 0.02580 1.350550
9 0.03700 1.350728
10 0.04990 1.469223
11 0.06570 1.531519
12 0.08590 1.535167
13 0.10710 1.589884
14 0.13260 1.563529
15 0.16160 1.577693
16 0.19260 1.579575
17 0.22500 1.644604
18 0.26380 1.644012
19 0.30190 1.645873
20 0.34160 1.665122
21 0.38250 1.710280
22 0.42870 1.707117
23 0.47210 1.753444
24 0.51710 1.778188
25 0.56200 1.767929
26 0.60570 1.822702
27 0.64480 1.812487
28 0.68140 1.825965
29 0.71950 1.860925
30 0.75160 1.859737
31 0.77990 1.873181
32 0.80590 1.887589
33 0.82980 1.909392
34 0.85180 1.917098
35 0.87120 1.894644
36 0.88770 1.905092
37 0.90020 1.901452
38 0.91190 1.919239
39 0.92410 1.932030
40 0.93440 1.938676
41 0.94300 1.936754
42 0.95050 1.942036
43 0.95650 1.949706
44 0.96330 1.954823
45 0.96870 1.961485
46 0.97330 1.951604
47 0.97750 1.937674
48 0.98090 1.933436
49 0.98330 1.943068
