0 0.00060 inf
1 0.00120 inf
2 0.00240 inf
3 0.00320 inf
4 0.00530 inf
5 0.00870 1.598426
6 0.01240 1.735066
7 0.01870 1.846646
8 0.02580 1.819544
9 0.03700 1.821732
10 0.04990 1.889556
11 0.06570 1.928323
12 0.08590 1.984924
13 0.10710 1.973329
14 0.13260 1.944174
15 0.16160 1.921505
16 0.19260 1.890700
17 0.22500 1.905878
18 0.26380 1.884162
19 0.30190 1.901901
20 0.34160 1.923009
21 0.38250 1.930105
22 0.42870 1.909229
23 0.47210 1.898157
24 0.51710 1.905221
25 0.56200 1.904650
26 0.60570 1.921339
27 0.64480 1.924633
28 0.68140 1.926765
29 0.71950 1.928415
30 0.75160 1.943879
31 0.77990 1.953401
32 0.80590 1.955827
33 0.82980 1.964871
34 0.85180 1.967416
35 0.87120 1.965034
36 0.88770 1.969005
37 0.90020 1.972860
38 0.91190 1.977959
39 0.92410 1.980863
40 0.93440 1.982548
41 0.94300 1.983202
42 0.95050 1.986686
43 0.95650 1.985551
44 0.96330 1.988784
45 0.96870 1.991558
46 0.97330 1.994370
47 0.97750 1.995321
48 0.98090 1.997759
49 0.98330 1.999147
