0 0.00040 0.000000
1 0.00190 0.375889
2 0.00540 0.561463
3 0.01030 0.564963
4 0.01580 0.604482
5 0.02310 0.759217
6 0.03260 0.749337
7 0.04380 0.932339
8 0.05700 1.098690
9 0.07330 1.076863
10 0.09050 1.123468
11 0.11380 1.247607
12 0.13830 1.174636
13 0.16310 1.265207
14 0.18990 1.280507
15 0.22060 1.342188
16 0.25100 1.420317
17 0.28660 1.471397
18 0.31940 1.486781
19 0.35420 1.513944
20 0.39060 1.542168
21 0.42630 1.599657
22 0.46200 1.631980
23 0.49680 1.674902
24 0.53210 1.700267
25 0.56590 1.744020
26 0.59930 1.772182
27 0.63120 1.791572
28 0.66170 1.818012
29 0.69100 1.840711
30 0.71500 1.854926
31 0.73760 1.869471
32 0.76010 1.896789
33 0.78090 1.910976
34 0.80270 1.933208
35 0.82130 1.947256
36 0.83900 1.954595
37 0.85620 1.962932
38 0.87110 1.971748
39 0.88530 1.975993
40 0.89770 1.979275
41 0.90780 1.983703
42 0.91650 1.985367
43 0.92430 1.986456
44 0.93310 1.986876
45 0.94080 1.988324
46 0.94780 1.987086
47 0.95330 1.987086
48 0.95770 1.984618
49 0.96160 1.984618
