0 0.00040 nan
1 0.00190 inf
2 0.00540 0.970037
3 0.01030 1.318063
4 0.01580 1.537819
5 0.02310 1.550228
6 0.03260 1.528274
7 0.04380 1.571709
8 0.05700 1.587470
9 0.07330 1.656708
10 0.09050 1.686636
11 0.11380 1.655205
12 0.13830 1.646730
13 0.16310 1.684781
14 0.18990 1.690021
15 0.22060 1.722095
16 0.25100 1.758552
17 0.28660 1.772396
18 0.31940 1.780369
19 0.35420 1.777365
20 0.39060 1.788234
21 0.42630 1.810233
22 0.46200 1.824168
23 0.49680 1.844063
24 0.53210 1.846628
25 0.56590 1.854700
26 0.59930 1.861920
27 0.63120 1.863526
28 0.66170 1.869730
29 0.69100 1.878446
30 0.71500 1.887063
31 0.73760 1.893913
32 0.76010 1.900663
33 0.78090 1.907897
34 0.80270 1.916140
35 0.82130 1.921730
36 0.83900 1.929971
37 0.85620 1.935202
38 0.87110 1.931609
39 0.88530 1.926158
40 0.89770 1.931914
41 0.90780 1.930774
42 0.91650 1.933666
43 0.92430 1.932866
44 0.93310 1.935747
45 0.94080 1.939348
46 0.94780 1.941615
47 0.95330 1.945179
48 0.95770 1.946860
49 0.96160 1.948337
