0 0.00050 0.000000
1 0.00140 2.233985
2 0.00260 0.966015
3 0.00430 1.471229
4 0.00700 1.269970
5 0.01300 1.313827
6 0.01920 1.557716
7 0.02600 1.349997
8 0.03550 1.498437
9 0.04710 1.501951
10 0.05930 1.529638
11 0.07430 1.531326
12 0.09080 1.486438
13 0.11060 1.546384
14 0.13350 1.525411
15 0.15880 1.572428
16 0.18670 1.616414
17 0.21610 1.641155
18 0.24870 1.629517
19 0.28550 1.691205
20 0.32460 1.647090
21 0.36680 1.712029
22 0.41010 1.704961
23 0.45260 1.734259
24 0.49860 1.779661
25 0.54010 1.759596
26 0.58490 1.795506
27 0.62450 1.796522
28 0.66330 1.815889
29 0.69930 1.849601
30 0.73320 1.827731
31 0.76320 1.836558
32 0.79160 1.873388
33 0.81690 1.891368
34 0.83970 1.921597
35 0.86200 1.882929
36 0.87860 1.894350
37 0.89510 1.905993
38 0.90850 1.901541
39 0.91980 1.899532
40 0.92930 1.918410
41 0.93900 1.935611
42 0.94600 1.938495
43 0.95440 1.950494
44 0.96040 1.949212
45 0.96580 1.953054
46 0.97070 1.954454
47 0.97470 1.950617
48 0.97800 1.956820
49 0.98050 1.956347
