0 0.00050 inf
1 0.00140 inf
2 0.00260 inf
3 0.00430 inf
4 0.00700 inf
5 0.01300 inf
6 0.01920 2.108903
7 0.02600 2.121669
8 0.03550 1.999276
9 0.04710 1.850238
10 0.05930 1.832509
11 0.07430 1.807873
12 0.09080 1.843813
13 0.11060 1.842642
14 0.13350 1.822560
15 0.15880 1.832289
16 0.18670 1.825426
17 0.21610 1.828411
18 0.24870 1.838783
19 0.28550 1.854019
20 0.32460 1.880212
21 0.36680 1.866461
22 0.41010 1.883434
23 0.45260 1.894566
24 0.49860 1.884766
25 0.54010 1.883729
26 0.58490 1.890008
27 0.62450 1.905372
28 0.66330 1.902246
29 0.69930 1.898223
30 0.73320 1.900259
31 0.76320 1.901972
32 0.79160 1.908920
33 0.81690 1.913614
34 0.83970 1.921944
35 0.86200 1.924506
36 0.87860 1.928291
37 0.89510 1.932428
38 0.90850 1.935337
39 0.91980 1.935102
40 0.92930 1.935406
41 0.93900 1.937716
42 0.94600 1.939849
43 0.95440 1.944266
44 0.96040 1.948034
45 0.96580 1.949024
46 0.97070 1.948619
47 0.97470 1.951521
48 0.97800 1.953838
49 0.98050 1.954668
