0 0.00037 0.696790
1 0.00103 0.795683
2 0.00209 0.933834
3 0.00385 1.026631
4 0.00645 1.237943
5 0.01020 1.302713
6 0.01510 1.363999
7 0.02131 1.474629
8 0.02884 1.502392
9 0.03812 1.540655
10 0.04873 1.602490
11 0.06107 1.638514
12 0.07527 1.616862
13 0.09076 1.649407
14 0.10789 1.696370
15 0.12680 1.694240
16 0.14713 1.725188
17 0.16884 1.741462
18 0.19202 1.756927
19 0.21637 1.808532
20 0.24190 1.796895
21 0.26863 1.820615
22 0.29607 1.821492
23 0.32416 1.838126
24 0.35239 1.860241
25 0.38167 1.852221
26 0.41058 1.870660
27 0.43982 1.894155
28 0.46888 1.887096
29 0.49750 1.911305
30 0.52608 1.917862
31 0.55395 1.916268
32 0.58183 1.921836
33 0.60870 1.927947
34 0.63498 1.947043
35 0.66000 1.952524
36 0.68436 1.956057
37 0.70725 1.962502
38 0.72912 1.962630
39 0.74954 1.971124
40 0.76902 1.970944
41 0.78717 1.969467
42 0.80426 1.975915
43 0.82015 1.970274
44 0.83456 1.970787
45 0.84808 1.979679
46 0.86049 1.978874
47 0.87188 1.980689
48 0.88234 1.983166
49 0.89244 1.985119
