0 0.00050 0.000000
1 0.00180 0.420957
2 0.00390 0.473016
3 0.00580 0.587103
4 0.00920 0.395912
5 0.01530 0.503774
6 0.02390 0.683559
7 0.03660 0.816305
8 0.05200 0.957703
9 0.06850 0.983678
10 0.08920 1.029416
11 0.11340 1.134040
12 0.14110 1.109208
13 0.17100 1.197256
14 0.20230 1.279611
15 0.23580 1.336283
16 0.26810 1.395651
17 0.30130 1.432700
18 0.33960 1.487803
19 0.37460 1.523622
20 0.41290 1.584052
21 0.45060 1.609258
22 0.48950 1.660435
23 0.52840 1.723251
24 0.56470 1.774721
25 0.59710 1.790579
26 0.62880 1.833683
27 0.66090 1.864386
28 0.68990 1.880990
29 0.71900 1.902434
30 0.74530 1.929076
31 0.76950 1.935388
32 0.78970 1.944677
33 0.80930 1.949626
34 0.82820 1.954661
35 0.84290 1.965762
36 0.85920 1.974441
37 0.87290 1.978438
38 0.88690 1.978724
39 0.89790 1.980760
40 0.90880 1.985843
41 0.91760 1.987804
42 0.92600 1.991779
43 0.93530 1.992705
44 0.94170 1.993784
45 0.94740 1.994356
46 0.95310 1.991896
47 0.95630 1.992974
48 0.96080 1.995852
49 0.96430 1.996927
