0 0.00050 inf
1 0.00180 1.000000
2 0.00390 1.021189
3 0.00580 1.127105
4 0.00920 1.271067
5 0.01530 1.236789
6 0.02390 1.354589
7 0.03660 1.551586
8 0.05200 1.513389
9 0.06850 1.591065
10 0.08920 1.646020
11 0.11340 1.632816
12 0.14110 1.645571
13 0.17100 1.695871
14 0.20230 1.702146
15 0.23580 1.713341
16 0.26810 1.742541
17 0.30130 1.763281
18 0.33960 1.776211
19 0.37460 1.768802
20 0.41290 1.776721
21 0.45060 1.785812
22 0.48950 1.804022
23 0.52840 1.819369
24 0.56470 1.839219
25 0.59710 1.845940
26 0.62880 1.861119
27 0.66090 1.870148
28 0.68990 1.881394
29 0.71900 1.887782
30 0.74530 1.897940
31 0.76950 1.903342
32 0.78970 1.909340
33 0.80930 1.913238
34 0.82820 1.921134
35 0.84290 1.922319
36 0.85920 1.926713
37 0.87290 1.932713
38 0.88690 1.938651
39 0.89790 1.944160
40 0.90880 1.949568
41 0.91760 1.954494
42 0.92600 1.958061
43 0.93530 1.963408
44 0.94170 1.960808
45 0.94740 1.964729
46 0.95310 1.967350
47 0.95630 1.969066
48 0.96080 1.970427
49 0.96430 1.972610
