0 0.00040 0.000000
1 0.00160 1.833985
2 0.00390 1.566181
3 0.00680 1.515214
4 0.01030 1.381935
5 0.01480 1.213133
6 0.02240 1.470599
7 0.03130 1.496154
8 0.04280 1.498302
9 0.05640 1.558099
10 0.07260 1.590420
11 0.09020 1.590968
12 0.11050 1.512201
13 0.13490 1.516384
14 0.16430 1.603529
15 0.19450 1.584823
16 0.23150 1.647630
17 0.26850 1.657192
18 0.31350 1.682594
19 0.35770 1.713071
20 0.40440 1.729579
21 0.45310 1.727957
22 0.49720 1.749825
23 0.54210 1.792481
24 0.59130 1.839044
25 0.63310 1.829278
26 0.67480 1.856429
27 0.71450 1.859062
28 0.74440 1.892961
29 0.77430 1.873947
30 0.80190 1.878156
31 0.82690 1.901224
32 0.84890 1.909734
33 0.87030 1.940161
34 0.88850 1.919736
35 0.90280 1.904270
36 0.91630 1.910876
37 0.92780 1.915862
38 0.93710 1.910602
39 0.94710 1.914017
40 0.95410 1.916368
41 0.96050 1.937035
42 0.96530 1.942711
43 0.96890 1.942907
44 0.97270 1.942728
45 0.97520 1.947869
46 0.97960 1.953451
47 0.98190 1.954254
48 0.98380 1.954729
49 0.98630 1.953451
