0 0.00040 inf
1 0.00160 inf
2 0.00390 1.491362
3 0.00680 1.498311
4 0.01030 1.522879
5 0.01480 1.780557
6 0.02240 1.913814
7 0.03130 1.921686
8 0.04280 1.870989
9 0.05640 1.840106
10 0.07260 1.917845
11 0.09020 1.876747
12 0.11050 1.864473
13 0.13490 1.898518
14 0.16430 1.909912
15 0.19450 1.916801
16 0.23150 1.901222
17 0.26850 1.926180
18 0.31350 1.953119
19 0.35770 1.965710
20 0.40440 1.966101
21 0.45310 1.969373
22 0.49720 1.974644
23 0.54210 1.981033
24 0.59130 1.990354
25 0.63310 1.983412
26 0.67480 1.980254
27 0.71450 1.973339
28 0.74440 1.970992
29 0.77430 1.975891
30 0.80190 1.982464
31 0.82690 1.981292
32 0.84890 1.977738
33 0.87030 1.985446
34 0.88850 1.986048
35 0.90280 1.990496
36 0.91630 1.985557
37 0.92780 1.991795
38 0.93710 1.994133
39 0.94710 2.001946
40 0.95410 2.005106
41 0.96050 2.007588
42 0.96530 2.007466
43 0.96890 2.007908
44 0.97270 2.009663
45 0.97520 2.007950
46 0.97960 2.010459
47 0.98190 2.010117
48 0.98380 2.011388
49 0.98630 2.013350
