0 0.00190 0.154575
1 0.00900 0.331184
2 0.02270 0.529401
3 0.04420 0.689374
4 0.06910 0.848641
5 0.09970 0.962792
6 0.13620 1.122302
7 0.17480 1.250482
8 0.21620 1.363064
9 0.25820 1.479503
10 0.29950 1.564540
11 0.34190 1.647762
12 0.38520 1.719408
13 0.42640 1.771842
14 0.47090 1.816933
15 0.50950 1.858388
16 0.54560 1.886704
17 0.57790 1.911330
18 0.61230 1.935869
19 0.64350 1.939462
20 0.66820 1.950844
21 0.69580 1.961802
22 0.71960 1.973207
23 0.74150 1.979275
24 0.76240 1.984013
25 0.78180 1.986969
26 0.79750 1.991326
27 0.81400 1.992255
28 0.82820 1.995508
29 0.84230 1.994266
30 0.85420 1.995349
31 0.86460 1.995349
32 0.87410 1.994109
33 0.88350 1.994109
34 0.89200 1.994109
35 0.90240 1.995191
36 0.90950 1.993954
37 0.91780 1.993954
38 0.92370 1.995035
39 0.92930 1.996115
40 0.93360 1.996115
41 0.93880 1.996115
42 0.94220 1.996115
43 0.94540 1.996115
44 0.94900 1.997195
45 0.95200 1.998273
46 0.95590 1.999351
47 0.95910 1.999351
48 0.96300 1.999351
49 0.96550 1.999351
