0 0.00190 nan
1 0.00900 1.176091
2 0.02270 1.255273
3 0.04420 1.369216
4 0.06910 1.449735
5 0.09970 1.418886
6 0.13620 1.454695
7 0.17480 1.496139
8 0.21620 1.542532
9 0.25820 1.577098
10 0.29950 1.605070
11 0.34190 1.610818
12 0.38520 1.636678
13 0.42640 1.640334
14 0.47090 1.666752
15 0.50950 1.699072
16 0.54560 1.719398
17 0.57790 1.735760
18 0.61230 1.751607
19 0.64350 1.776692
20 0.66820 1.786970
21 0.69580 1.795348
22 0.71960 1.809134
23 0.74150 1.822297
24 0.76240 1.835708
25 0.78180 1.846435
26 0.79750 1.857529
27 0.81400 1.871346
28 0.82820 1.879073
29 0.84230 1.888401
30 0.85420 1.896305
31 0.86460 1.901243
32 0.87410 1.908276
33 0.88350 1.913951
34 0.89200 1.921188
35 0.90240 1.928613
36 0.90950 1.934094
37 0.91780 1.938543
38 0.92370 1.942907
39 0.92930 1.947189
40 0.93360 1.950480
41 0.93880 1.954280
42 0.94220 1.955688
43 0.94540 1.957816
44 0.94900 1.960690
45 0.95200 1.962964
46 0.95590 1.964873
47 0.95910 1.965890
48 0.96300 1.968483
49 0.96550 1.970183
