0 0.00180 0.163688
1 0.00840 0.264340
2 0.02090 0.469022
3 0.04110 0.572592
4 0.06510 0.816268
5 0.09470 0.961409
6 0.13070 1.125285
7 0.17060 1.272358
8 0.21350 1.412070
9 0.25930 1.517541
10 0.30510 1.598906
11 0.34730 1.679678
12 0.39090 1.754023
13 0.43000 1.799440
14 0.46600 1.835010
15 0.50280 1.863683
16 0.53920 1.899033
17 0.57270 1.911707
18 0.60760 1.920182
19 0.63480 1.930833
20 0.66580 1.942742
21 0.69600 1.946318
22 0.71870 1.952631
23 0.74000 1.959165
24 0.75980 1.972244
25 0.78010 1.975377
26 0.79820 1.977779
27 0.81570 1.984334
28 0.83120 1.984186
29 0.84550 1.984039
30 0.85730 1.988024
31 0.86770 1.990194
32 0.87810 1.992360
33 0.88780 1.992360
34 0.89670 1.993290
35 0.90460 1.993290
36 0.91220 1.995450
37 0.91940 1.995450
38 0.92710 1.998683
39 0.93350 1.998683
40 0.93810 1.999759
41 0.94230 2.000834
42 0.94660 2.000834
43 0.95090 1.999603
44 0.95450 1.999603
45 0.95760 1.998374
46 0.96140 1.998374
47 0.96450 1.999449
48 0.96780 2.000522
49 0.97070 1.999296
