0 0.00180 nan
1 0.00840 inf
2 0.02090 1.562293
3 0.04110 1.597695
4 0.06510 1.503057
5 0.09470 1.496930
6 0.13070 1.544721
7 0.17060 1.599389
8 0.21350 1.581779
9 0.25930 1.605496
10 0.30510 1.638177
11 0.34730 1.669260
12 0.39090 1.689257
13 0.43000 1.734533
14 0.46600 1.754473
15 0.50280 1.789512
16 0.53920 1.828281
17 0.57270 1.846729
18 0.60760 1.861027
19 0.63480 1.879091
20 0.66580 1.896251
21 0.69600 1.918760
22 0.71870 1.921253
23 0.74000 1.931239
24 0.75980 1.941278
25 0.78010 1.953224
26 0.79820 1.959105
27 0.81570 1.970001
28 0.83120 1.965630
29 0.84550 1.965315
30 0.85730 1.971961
31 0.86770 1.975930
32 0.87810 1.983740
33 0.88780 1.985731
34 0.89670 1.992240
35 0.90460 1.997181
36 0.91220 2.001526
37 0.91940 2.005765
38 0.92710 2.011467
39 0.93350 2.013998
40 0.93810 2.015945
41 0.94230 2.019189
42 0.94660 2.022843
43 0.95090 2.026012
44 0.95450 2.028647
45 0.95760 2.030758
46 0.96140 2.032167
47 0.96450 2.034185
48 0.96780 2.036391
49 0.97070 2.038795
