0 0.00240 0.059147
1 0.01110 0.222800
2 0.02790 0.494787
3 0.04980 0.661859
4 0.07850 0.917007
5 0.11220 1.088304
6 0.14760 1.252588
7 0.19070 1.375782
8 0.23310 1.515891
9 0.27860 1.611018
10 0.32030 1.681949
11 0.36240 1.732681
12 0.40560 1.795421
13 0.44380 1.822941
14 0.48540 1.851915
15 0.52190 1.898482
16 0.55530 1.917930
17 0.59130 1.936085
18 0.62380 1.953986
19 0.65340 1.964608
20 0.68270 1.974393
21 0.70830 1.981922
22 0.73170 1.985779
23 0.75050 1.987968
24 0.76910 1.986715
25 0.78520 1.991644
26 0.80170 1.994545
27 0.81590 1.994223
28 0.83220 1.995308
29 0.84490 1.997476
30 0.85560 1.997315
31 0.86840 2.001637
32 0.87920 2.001474
33 0.88770 2.001474
34 0.89810 2.000234
35 0.90750 2.002389
36 0.91430 2.004540
37 0.92110 2.004377
38 0.92740 2.004377
39 0.93230 2.003142
40 0.93790 2.001909
41 0.94400 2.001909
42 0.94720 2.001909
43 0.95220 2.001909
44 0.95560 2.001909
45 0.95820 2.001909
46 0.96070 2.001909
47 0.96320 2.000678
48 0.96570 2.000678
49 0.96900 2.000678
