0 0.00240 inf
1 0.01110 1.113943
2 0.02790 1.171935
3 0.04980 1.197686
4 0.07850 1.285557
5 0.11220 1.325289
6 0.14760 1.382503
7 0.19070 1.416678
8 0.23310 1.469079
9 0.27860 1.509716
10 0.32030 1.562561
11 0.36240 1.583433
12 0.40560 1.637277
13 0.44380 1.649448
14 0.48540 1.683722
15 0.52190 1.698937
16 0.55530 1.721967
17 0.59130 1.740959
18 0.62380 1.755254
19 0.65340 1.775762
20 0.68270 1.791130
21 0.70830 1.807386
22 0.73170 1.814377
23 0.75050 1.826111
24 0.76910 1.838278
25 0.78520 1.850140
26 0.80170 1.856477
27 0.81590 1.866091
28 0.83220 1.878516
29 0.84490 1.879734
30 0.85560 1.886650
31 0.86840 1.893385
32 0.87920 1.901193
33 0.88770 1.903350
34 0.89810 1.909088
35 0.90750 1.914840
36 0.91430 1.918831
37 0.92110 1.920840
38 0.92740 1.922544
39 0.93230 1.924909
40 0.93790 1.926956
41 0.94400 1.929160
42 0.94720 1.930734
43 0.95220 1.934742
44 0.95560 1.933979
45 0.95820 1.934751
46 0.96070 1.935603
47 0.96320 1.937518
48 0.96570 1.939353
49 0.96900 1.941665
