0 0.00210 0.152427
1 0.00740 0.377085
2 0.01890 0.424239
3 0.03570 0.669229
4 0.05840 0.847629
5 0.08840 0.978109
6 0.12450 1.112529
7 0.16220 1.243031
8 0.20500 1.403395
9 0.24630 1.509753
10 0.29210 1.623175
11 0.33650 1.698881
12 0.37990 1.756639
13 0.42050 1.810207
14 0.46140 1.856655
15 0.50100 1.883609
16 0.53950 1.906238
17 0.57360 1.928604
18 0.60670 1.935160
19 0.63730 1.941934
20 0.66560 1.953741
21 0.69110 1.962090
22 0.71610 1.970198
23 0.73910 1.971730
24 0.75850 1.972684
25 0.77950 1.980944
26 0.79670 1.981518
27 0.81180 1.982244
28 0.82650 1.983337
29 0.83960 1.981576
30 0.85350 1.982519
31 0.86610 1.983462
32 0.87760 1.983462
33 0.88900 1.982227
34 0.89750 1.983315
35 0.90620 1.984403
36 0.91430 1.986576
37 0.92070 1.986576
38 0.92670 1.988386
39 0.93270 1.991637
40 0.93780 1.992567
41 0.94310 1.993647
42 0.94740 1.993647
43 0.95210 1.995805
44 0.95600 1.995652
45 0.95860 1.995146
46 0.96160 1.995146
47 0.96490 1.995146
48 0.96670 1.995146
49 0.96860 1.995146
