0 0.00210 inf
1 0.00740 0.929419
2 0.01890 0.942008
3 0.03570 1.083980
4 0.05840 1.263636
5 0.08840 1.333032
6 0.12450 1.375494
7 0.16220 1.400383
8 0.20500 1.455758
9 0.24630 1.475762
10 0.29210 1.511840
11 0.33650 1.533202
12 0.37990 1.566858
13 0.42050 1.605473
14 0.46140 1.635966
15 0.50100 1.671105
16 0.53950 1.682877
17 0.57360 1.705195
18 0.60670 1.720418
19 0.63730 1.744162
20 0.66560 1.767477
21 0.69110 1.780061
22 0.71610 1.794402
23 0.73910 1.811092
24 0.75850 1.825072
25 0.77950 1.837290
26 0.79670 1.846557
27 0.81180 1.856644
28 0.82650 1.865484
29 0.83960 1.875180
30 0.85350 1.877371
31 0.86610 1.886294
32 0.87760 1.893113
33 0.88900 1.900730
34 0.89750 1.907652
35 0.90620 1.912019
36 0.91430 1.916236
37 0.92070 1.920146
38 0.92670 1.923387
39 0.93270 1.928289
40 0.93780 1.929986
41 0.94310 1.934230
42 0.94740 1.936380
43 0.95210 1.939736
44 0.95600 1.941650
45 0.95860 1.942359
46 0.96160 1.943229
47 0.96490 1.943695
48 0.96670 1.945046
49 0.96860 1.946405
