0 0.00290 0.050542
1 0.00930 0.159015
2 0.02210 0.380330
3 0.04280 0.627925
4 0.06820 0.823196
5 0.10150 0.913937
6 0.13810 1.092143
7 0.17820 1.236370
8 0.21810 1.394607
9 0.25670 1.510337
10 0.29760 1.590177
11 0.34110 1.652151
12 0.38130 1.723051
13 0.42420 1.772683
14 0.46330 1.832396
15 0.50110 1.857943
16 0.53740 1.890954
17 0.57120 1.916276
18 0.60410 1.926516
19 0.63060 1.947534
20 0.66050 1.958562
21 0.68560 1.966334
22 0.70830 1.973189
23 0.73110 1.979283
24 0.75410 1.980386
25 0.77370 1.985515
26 0.79310 1.989364
27 0.80720 1.996108
28 0.82250 2.000287
29 0.83720 2.002097
30 0.85040 2.000499
31 0.86350 2.000330
32 0.87400 2.000330
33 0.88260 2.000164
34 0.89250 2.003048
35 0.89970 2.001802
36 0.90690 2.000558
37 0.91380 2.001637
38 0.91920 2.003794
39 0.92540 2.001312
40 0.93010 2.001312
41 0.93660 2.002389
42 0.94170 2.002389
43 0.94540 2.002389
44 0.94920 2.003465
45 0.95330 2.002227
46 0.95600 2.003303
47 0.95970 2.004377
48 0.96250 2.003142
49 0.96480 2.003142
