0 0.00290 inf
1 0.00930 0.845098
2 0.02210 1.210853
3 0.04280 1.226784
4 0.06820 1.353059
5 0.10150 1.450436
6 0.13810 1.467361
7 0.17820 1.483752
8 0.21810 1.517470
9 0.25670 1.566173
10 0.29760 1.613105
11 0.34110 1.640688
12 0.38130 1.653376
13 0.42420 1.675870
14 0.46330 1.700728
15 0.50110 1.735852
16 0.53740 1.761552
17 0.57120 1.780690
18 0.60410 1.800380
19 0.63060 1.813034
20 0.66050 1.829438
21 0.68560 1.837722
22 0.70830 1.845692
23 0.73110 1.856489
24 0.75410 1.870928
25 0.77370 1.881754
26 0.79310 1.897676
27 0.80720 1.906859
28 0.82250 1.913489
29 0.83720 1.917546
30 0.85040 1.923972
31 0.86350 1.929476
32 0.87400 1.938207
33 0.88260 1.944290
34 0.89250 1.951526
35 0.89970 1.955910
36 0.90690 1.961651
37 0.91380 1.965895
38 0.91920 1.967327
39 0.92540 1.969057
40 0.93010 1.969965
41 0.93660 1.974719
42 0.94170 1.976164
43 0.94540 1.979118
44 0.94920 1.982161
45 0.95330 1.984904
46 0.95600 1.986820
47 0.95970 1.989221
48 0.96250 1.989970
49 0.96480 1.990308
