0 0.00190 0.037570
1 0.00870 0.478175
2 0.02040 0.458292
3 0.03580 0.597620
4 0.06000 0.644936
5 0.08860 0.864623
6 0.12490 1.076518
7 0.16200 1.237212
8 0.20240 1.345661
9 0.24600 1.476472
10 0.28760 1.565465
11 0.33370 1.645355
12 0.37160 1.717850
13 0.41180 1.797813
14 0.44830 1.830890
15 0.48760 1.874068
16 0.52430 1.905540
17 0.56110 1.922703
18 0.59480 1.945919
19 0.62680 1.962059
20 0.65650 1.968394
21 0.67990 1.975363
22 0.70520 1.979643
23 0.72870 1.984221
24 0.75040 1.987337
25 0.76990 1.989720
26 0.78860 1.989409
27 0.80600 1.989409
28 0.82250 1.988172
29 0.83510 1.990912
30 0.84750 1.991994
31 0.85930 1.993800
32 0.87220 1.994726
33 0.88410 1.994574
34 0.89280 1.997452
35 0.90130 1.997452
36 0.90850 1.998528
37 0.91490 1.998528
38 0.92100 1.998528
39 0.92660 1.998528
40 0.93150 1.998528
41 0.93720 1.998528
42 0.94130 1.999603
43 0.94460 1.999603
44 0.94850 1.999603
45 0.95250 1.999603
46 0.95600 1.999603
47 0.95910 1.998374
48 0.96250 1.999449
49 0.96450 1.999449
