0 0.00190 inf
1 0.00870 inf
2 0.02040 1.306425
3 0.03580 1.206376
4 0.06000 1.346353
5 0.08860 1.361728
6 0.12490 1.445431
7 0.16200 1.500002
8 0.20240 1.513340
9 0.24600 1.551181
10 0.28760 1.610171
11 0.33370 1.651635
12 0.37160 1.670652
13 0.41180 1.695804
14 0.44830 1.708888
15 0.48760 1.740400
16 0.52430 1.764212
17 0.56110 1.779234
18 0.59480 1.801047
19 0.62680 1.814979
20 0.65650 1.829292
21 0.67990 1.845701
22 0.70520 1.859884
23 0.72870 1.864320
24 0.75040 1.877473
25 0.76990 1.889345
26 0.78860 1.900628
27 0.80600 1.912472
28 0.82250 1.923982
29 0.83510 1.930951
30 0.84750 1.937956
31 0.85930 1.944541
32 0.87220 1.951482
33 0.88410 1.960500
34 0.89280 1.966128
35 0.90130 1.972176
36 0.90850 1.975054
37 0.91490 1.980206
38 0.92100 1.983634
39 0.92660 1.986862
40 0.93150 1.989323
41 0.93720 1.993650
42 0.94130 1.994200
43 0.94460 1.995735
44 0.94850 1.997404
45 0.95250 2.000821
46 0.95600 2.002282
47 0.95910 2.004515
48 0.96250 2.006942
49 0.96450 2.008168
