0 0.00040 0.000000
1 0.00220 0.718548
2 0.00500 0.527207
3 0.00700 0.447627
4 0.00980 0.513097
5 0.01430 0.674775
6 0.02070 0.608006
7 0.02830 1.001029
8 0.03670 1.013660
9 0.04900 0.847652
10 0.06240 0.952503
11 0.07900 1.102084
12 0.09510 1.055975
13 0.11440 1.284988
14 0.13740 1.297551
15 0.16240 1.302292
16 0.18780 1.291713
17 0.21570 1.310185
18 0.25050 1.379306
19 0.28610 1.427393
20 0.32270 1.446519
21 0.35960 1.489412
22 0.39730 1.544680
23 0.43420 1.626501
24 0.47520 1.661245
25 0.51500 1.707297
26 0.55250 1.734764
27 0.59130 1.762420
28 0.62800 1.792168
29 0.66100 1.817413
30 0.69340 1.841132
31 0.72310 1.865286
32 0.74870 1.881144
33 0.77090 1.898343
34 0.79150 1.914008
35 0.80920 1.924889
36 0.82500 1.935320
37 0.84000 1.944011
38 0.85300 1.956822
39 0.86680 1.961042
40 0.87990 1.970466
41 0.89210 1.975601
42 0.90130 1.977642
43 0.91080 1.978602
44 0.91950 1.977207
45 0.92710 1.983755
46 0.93300 1.983602
47 0.94020 1.988315
48 0.94800 1.988229
49 0.95150 1.989311
