0 0.00040 nan
1 0.00220 inf
2 0.00500 1.662758
3 0.00700 1.788875
4 0.00980 1.823909
5 0.01430 1.883661
6 0.02070 1.611820
7 0.02830 1.594531
8 0.03670 1.658764
9 0.04900 1.674310
10 0.06240 1.658156
11 0.07900 1.657143
12 0.09510 1.661866
13 0.11440 1.690339
14 0.13740 1.724737
15 0.16240 1.765791
16 0.18780 1.765837
17 0.21570 1.776632
18 0.25050 1.794372
19 0.28610 1.803226
20 0.32270 1.803343
21 0.35960 1.824219
22 0.39730 1.839399
23 0.43420 1.848376
24 0.47520 1.849056
25 0.51500 1.859642
26 0.55250 1.859687
27 0.59130 1.872124
28 0.62800 1.886194
29 0.66100 1.902885
30 0.69340 1.915938
31 0.72310 1.925557
32 0.74870 1.937207
33 0.77090 1.941404
34 0.79150 1.948431
35 0.80920 1.952334
36 0.82500 1.953484
37 0.84000 1.958438
38 0.85300 1.962859
39 0.86680 1.966162
40 0.87990 1.968159
41 0.89210 1.972274
42 0.90130 1.977698
43 0.91080 1.979792
44 0.91950 1.982087
45 0.92710 1.986711
46 0.93300 1.990431
47 0.94020 1.993490
48 0.94800 1.994170
49 0.95150 1.993872
