0 0.00010 0.000000
1 0.00030 0.000000
2 0.00100 0.321345
3 0.00220 0.528071
4 0.00470 0.597625
5 0.00790 0.696475
6 0.01240 0.892626
7 0.01750 0.831376
8 0.02400 1.048259
9 0.03200 0.954800
10 0.04230 1.025384
11 0.05700 0.984224
12 0.07160 1.067580
13 0.09010 1.104778
14 0.11350 1.124186
15 0.14130 1.189525
16 0.17160 1.215245
17 0.20280 1.214276
18 0.23830 1.286422
19 0.27370 1.329887
20 0.31020 1.412687
21 0.35110 1.485608
22 0.39170 1.537056
23 0.43280 1.585971
24 0.47090 1.607925
25 0.50780 1.681318
26 0.54480 1.732929
27 0.58380 1.789005
28 0.61900 1.808843
29 0.65060 1.830544
30 0.68320 1.858534
31 0.71230 1.875981
32 0.73830 1.881362
33 0.76520 1.905893
34 0.78890 1.917293
35 0.80950 1.939790
36 0.82860 1.945976
37 0.84590 1.960043
38 0.86410 1.968418
39 0.87960 1.973263
40 0.89260 1.978384
41 0.90470 1.982244
42 0.91470 1.982093
43 0.92380 1.983610
44 0.93190 1.988173
45 0.93740 1.988024
46 0.94380 1.991277
47 0.94960 1.992360
48 0.95390 1.992360
49 0.95870 1.994370
