0 0.00010 nan
1 0.00030 inf
2 0.00100 inf
3 0.00220 inf
4 0.00470 1.778151
5 0.00790 1.500602
6 0.01240 1.505150
7 0.01750 1.690196
8 0.02400 1.757775
9 0.03200 1.610660
10 0.04230 1.647589
11 0.05700 1.747835
12 0.07160 1.772213
13 0.09010 1.792392
14 0.11350 1.856093
15 0.14130 1.825367
16 0.17160 1.830282
17 0.20280 1.814202
18 0.23830 1.851321
19 0.27370 1.835557
20 0.31020 1.849738
21 0.35110 1.874108
22 0.39170 1.877912
23 0.43280 1.871048
24 0.47090 1.893399
25 0.50780 1.904913
26 0.54480 1.906167
27 0.58380 1.927963
28 0.61900 1.918501
29 0.65060 1.924628
30 0.68320 1.937500
31 0.71230 1.950223
32 0.73830 1.958860
33 0.76520 1.961832
34 0.78890 1.969854
35 0.80950 1.975122
36 0.82860 1.975782
37 0.84590 1.981672
38 0.86410 1.983863
39 0.87960 1.987396
40 0.89260 1.986928
41 0.90470 1.991815
42 0.91470 1.993184
43 0.92380 1.996196
44 0.93190 1.999532
45 0.93740 2.001372
46 0.94380 2.005074
47 0.94960 2.009129
48 0.95390 2.009293
49 0.95870 2.011948
