0 0.04760 1.650408
1 0.09080 1.837371
2 0.13210 1.936394
3 0.16970 1.954285
4 0.20590 1.895546
5 0.23970 1.867425
6 0.27320 1.953142
7 0.30730 1.900484
8 0.34200 1.876020
9 0.36910 1.981574
10 0.39970 1.932840
11 0.42630 1.884218
12 0.45230 1.945486
13 0.47850 1.888566
14 0.50390 1.966734
15 0.52610 1.950674
16 0.55010 1.907478
17 0.57080 1.945878
18 0.58950 1.916306
19 0.60810 1.907209
20 0.62490 1.943673
21 0.64490 1.969209
22 0.66340 1.894861
23 0.67950 1.919528
24 0.69460 1.958916
25 0.70820 1.986746
26 0.72280 1.892980
27 0.73560 1.896757
28 0.74980 1.968442
29 0.75980 1.978753
30 0.77100 1.963163
31 0.78000 1.951520
32 0.79130 1.911839
33 0.80120 1.920231
34 0.80930 1.919832
35 0.81730 1.920053
36 0.82670 1.958122
37 0.83510 1.981225
38 0.84070 1.963660
39 0.84870 1.967861
40 0.85550 1.963996
41 0.86070 1.936043
42 0.86650 1.915605
43 0.87210 1.913785
44 0.87780 1.927847
45 0.88240 1.924475
46 0.88760 1.930081
47 0.89200 1.933142
48 0.89860 1.950125
49 0.90290 1.947424
