0 0.04760 1.585461
1 0.09080 1.808886
2 0.13210 1.918424
3 0.16970 2.030195
4 0.20590 2.000000
5 0.23970 1.985212
6 0.27320 1.940577
7 0.30730 1.947840
8 0.34200 1.911787
9 0.36910 1.897460
10 0.39970 1.936060
11 0.42630 1.922552
12 0.45230 1.940177
13 0.47850 1.965848
14 0.50390 1.972423
15 0.52610 1.991347
16 0.55010 2.011883
17 0.57080 2.015060
18 0.58950 2.015341
19 0.60810 1.995635
20 0.62490 2.004464
21 0.64490 2.004642
22 0.66340 1.996648
23 0.67950 1.988535
24 0.69460 1.984770
25 0.70820 1.985462
26 0.72280 1.980121
27 0.73560 1.979808
28 0.74980 1.980866
29 0.75980 1.984672
30 0.77100 1.986472
31 0.78000 1.994574
32 0.79130 1.994871
33 0.80120 1.990620
34 0.80930 1.995210
35 0.81730 1.992028
36 0.82670 1.994301
37 0.83510 1.989837
38 0.84070 1.986709
39 0.84870 1.987159
40 0.85550 1.990845
41 0.86070 1.991693
42 0.86650 1.991939
43 0.87210 1.988003
44 0.87780 1.989857
45 0.88240 1.991498
46 0.88760 1.995353
47 0.89200 1.994296
48 0.89860 1.997899
49 0.90290 1.998382
