0 0.04520 1.664961
1 0.09230 1.867532
2 0.13470 1.861601
3 0.17490 1.843332
4 0.21180 1.951904
5 0.25080 1.975491
6 0.28530 1.913480
7 0.31930 1.918397
8 0.34980 1.927055
9 0.37900 1.863579
10 0.40870 1.973142
11 0.43600 1.889237
12 0.46280 1.963465
13 0.48520 1.894524
14 0.50760 1.954869
15 0.52970 1.925128
16 0.55320 1.920792
17 0.57520 1.944708
18 0.59600 1.921312
19 0.61500 1.893026
20 0.63510 1.966005
21 0.65250 1.972700
22 0.67070 1.903393
23 0.68530 1.907001
24 0.69840 1.955357
25 0.71160 1.978921
26 0.72480 1.919756
27 0.73560 1.884518
28 0.74860 1.910917
29 0.75920 1.950706
30 0.76910 1.968572
31 0.77870 1.958403
32 0.78890 1.912407
33 0.79840 1.909039
34 0.80750 1.916523
35 0.81640 1.918670
36 0.82650 1.931391
37 0.83430 1.974559
38 0.84270 1.966415
39 0.84950 1.956887
40 0.85560 1.959042
41 0.86120 1.953063
42 0.86680 1.925657
43 0.87270 1.898900
44 0.87820 1.900780
45 0.88370 1.924738
46 0.89000 1.937794
47 0.89540 1.932139
48 0.90060 1.940866
49 0.90460 1.947773
