0 0.04520 1.919078
1 0.09230 2.269513
2 0.13470 2.084576
3 0.17490 1.969559
4 0.21180 1.968974
5 0.25080 1.877685
6 0.28530 1.914492
7 0.31930 1.929310
8 0.34980 1.924636
9 0.37900 1.929114
10 0.40870 1.927712
11 0.43600 1.931157
12 0.46280 1.941801
13 0.48520 1.962337
14 0.50760 1.961057
15 0.52970 1.957356
16 0.55320 1.957532
17 0.57520 1.965325
18 0.59600 1.963881
19 0.61500 1.966816
20 0.63510 1.975363
21 0.65250 1.984789
22 0.67070 1.973251
23 0.68530 1.969997
24 0.69840 1.963243
25 0.71160 1.967412
26 0.72480 1.971908
27 0.73560 1.962218
28 0.74860 1.969964
29 0.75920 1.970927
30 0.76910 1.970643
31 0.77870 1.975569
32 0.78890 1.979709
33 0.79840 1.981470
34 0.80750 1.983073
35 0.81640 1.983038
36 0.82650 1.976474
37 0.83430 1.973735
38 0.84270 1.970804
39 0.84950 1.974285
40 0.85560 1.974787
41 0.86120 1.976302
42 0.86680 1.977635
43 0.87270 1.978162
44 0.87820 1.976413
45 0.88370 1.975368
46 0.89000 1.972497
47 0.89540 1.971096
48 0.90060 1.970627
49 0.90460 1.972829
