0 0.00040 0.000000
1 0.00110 0.448035
2 0.00250 0.444650
3 0.00410 0.366089
4 0.00580 0.571997
5 0.00940 0.543607
6 0.01450 0.724695
7 0.02260 0.840121
8 0.03240 0.774747
9 0.04490 0.916924
10 0.05920 0.896683
11 0.07430 0.995960
12 0.09210 1.033909
13 0.11310 1.058788
14 0.13800 1.131744
15 0.16470 1.288884
16 0.19320 1.346503
17 0.22360 1.399033
18 0.25790 1.451983
19 0.29570 1.523222
20 0.33200 1.561024
21 0.37150 1.580610
22 0.41380 1.609576
23 0.45250 1.652710
24 0.49050 1.715668
25 0.52760 1.751195
26 0.56200 1.765339
27 0.59380 1.776021
28 0.62350 1.803626
29 0.65220 1.829659
30 0.68100 1.851804
31 0.70800 1.884521
32 0.73400 1.909737
33 0.75680 1.930476
34 0.77880 1.947413
35 0.80000 1.965994
36 0.81930 1.962348
37 0.83810 1.964484
38 0.85330 1.969391
39 0.86770 1.976212
40 0.88110 1.977719
41 0.89300 1.978705
42 0.90220 1.982768
43 0.91030 1.985678
44 0.91850 1.986767
45 0.92600 1.988944
46 0.93280 1.989871
47 0.94060 1.985993
48 0.94660 1.985842
49 0.95170 1.984609
