0 0.00040 inf
1 0.00110 0.903090
2 0.00250 1.230449
3 0.00410 1.352183
4 0.00580 1.374137
5 0.00940 1.183270
6 0.01450 1.228315
7 0.02260 1.270250
8 0.03240 1.328536
9 0.04490 1.433870
10 0.05920 1.472722
11 0.07430 1.540329
12 0.09210 1.591448
13 0.11310 1.639486
14 0.13800 1.668435
15 0.16470 1.691604
16 0.19320 1.746949
17 0.22360 1.768485
18 0.25790 1.768710
19 0.29570 1.788976
20 0.33200 1.801061
21 0.37150 1.823474
22 0.41380 1.834086
23 0.45250 1.851828
24 0.49050 1.866640
25 0.52760 1.876531
26 0.56200 1.889279
27 0.59380 1.890770
28 0.62350 1.902305
29 0.65220 1.914898
30 0.68100 1.924873
31 0.70800 1.935497
32 0.73400 1.933760
33 0.75680 1.948109
34 0.77880 1.955650
35 0.80000 1.961990
36 0.81930 1.964923
37 0.83810 1.964848
38 0.85330 1.965944
39 0.86770 1.973702
40 0.88110 1.975622
41 0.89300 1.979206
42 0.90220 1.984896
43 0.91030 1.986496
44 0.91850 1.986201
45 0.92600 1.989902
46 0.93280 1.991640
47 0.94060 1.996370
48 0.94660 1.997680
49 0.95170 2.000972
