0 0.00060 0.000000
1 0.00170 2.233985
2 0.00340 1.454972
3 0.00620 1.412998
4 0.01020 1.539885
5 0.01430 1.355339
6 0.01900 1.327411
7 0.02550 1.650903
8 0.03450 1.411710
9 0.04690 1.523541
10 0.06240 1.515365
11 0.08080 1.534901
12 0.10450 1.591571
13 0.12860 1.582450
14 0.15690 1.624163
15 0.18720 1.666225
16 0.22010 1.653733
17 0.26070 1.649193
18 0.30310 1.687733
19 0.34640 1.685476
20 0.38930 1.732144
21 0.43270 1.726740
22 0.47890 1.770583
23 0.52420 1.814303
24 0.56690 1.790089
25 0.61370 1.848428
26 0.65560 1.834080
27 0.69380 1.864351
28 0.72810 1.859350
29 0.75610 1.845218
30 0.78540 1.877922
31 0.81060 1.887235
32 0.83290 1.912582
33 0.85450 1.904488
34 0.87550 1.897326
35 0.89240 1.901204
36 0.90730 1.894740
37 0.92060 1.908035
38 0.93160 1.921870
39 0.94200 1.936345
40 0.94910 1.950477
41 0.95450 1.955046
42 0.96080 1.958398
43 0.96740 1.956694
44 0.97200 1.959715
45 0.97560 1.956734
46 0.97810 1.956879
47 0.98090 1.957352
48 0.98280 1.955603
49 0.98440 1.961577
