0 0.00060 inf
1 0.00170 inf
2 0.00340 inf
3 0.00620 1.778151
4 0.01020 1.653213
5 0.01430 1.830375
6 0.01900 1.966924
7 0.02550 1.792392
8 0.03450 1.821186
9 0.04690 1.801061
10 0.06240 1.827288
11 0.08080 1.858480
12 0.10450 1.900064
13 0.12860 1.951014
14 0.15690 1.872410
15 0.18720 1.920410
16 0.22010 1.891588
17 0.26070 1.876663
18 0.30310 1.882559
19 0.34640 1.906908
20 0.38930 1.905796
21 0.43270 1.895243
22 0.47890 1.912865
23 0.52420 1.926610
24 0.56690 1.937465
25 0.61370 1.929135
26 0.65560 1.942870
27 0.69380 1.944483
28 0.72810 1.948358
29 0.75610 1.946525
30 0.78540 1.946680
31 0.81060 1.946770
32 0.83290 1.950672
33 0.85450 1.950405
34 0.87550 1.947034
35 0.89240 1.950740
36 0.90730 1.950979
37 0.92060 1.952849
38 0.93160 1.957548
39 0.94200 1.956544
40 0.94910 1.955791
41 0.95450 1.960067
42 0.96080 1.958196
43 0.96740 1.962153
44 0.97200 1.965674
45 0.97560 1.966177
46 0.97810 1.966796
47 0.98090 1.966839
48 0.98280 1.967176
49 0.98440 1.968220
