0 0.00020 0.000000
1 0.00050 0.000000
2 0.00070 0.000000
3 0.00120 0.487185
4 0.00200 0.219636
5 0.00340 0.310112
6 0.00570 0.292624
7 0.00820 0.447745
8 0.01190 0.449194
9 0.01940 0.750722
10 0.02700 0.675825
11 0.03690 0.845852
12 0.04980 1.011992
13 0.06390 1.130224
14 0.07960 1.135718
15 0.09720 1.138139
16 0.11720 1.198845
17 0.14250 1.279272
18 0.16650 1.358078
19 0.19420 1.387958
20 0.22300 1.423710
21 0.25170 1.416237
22 0.28160 1.473892
23 0.31560 1.539395
24 0.34750 1.550177
25 0.38480 1.593719
26 0.42060 1.639299
27 0.45800 1.643781
28 0.49320 1.686365
29 0.52670 1.718244
30 0.56010 1.741683
31 0.58970 1.767129
32 0.61800 1.787483
33 0.64310 1.802623
34 0.66810 1.824485
35 0.69490 1.841968
36 0.71720 1.848939
37 0.73960 1.868667
38 0.76240 1.881285
39 0.78040 1.895943
40 0.79790 1.897473
41 0.81210 1.902493
42 0.82780 1.919104
43 0.84100 1.934443
44 0.85250 1.941221
45 0.86410 1.942843
46 0.87500 1.943025
47 0.88550 1.962051
48 0.89580 1.966924
49 0.90590 1.970292
