0 0.00020 nan
1 0.00050 0.602060
2 0.00070 0.698970
3 0.00120 1.000000
4 0.00200 1.041393
5 0.00340 1.342423
6 0.00570 1.315270
7 0.00820 1.548185
8 0.01190 1.423246
9 0.01940 1.393913
10 0.02700 1.471982
11 0.03690 1.504560
12 0.04980 1.507611
13 0.06390 1.525339
14 0.07960 1.571869
15 0.09720 1.624140
16 0.11720 1.643310
17 0.14250 1.689185
18 0.16650 1.688590
19 0.19420 1.696413
20 0.22300 1.712758
21 0.25170 1.749469
22 0.28160 1.762922
23 0.31560 1.781822
24 0.34750 1.790757
25 0.38480 1.806784
26 0.42060 1.820342
27 0.45800 1.832653
28 0.49320 1.858411
29 0.52670 1.856872
30 0.56010 1.861716
31 0.58970 1.879163
32 0.61800 1.893223
33 0.64310 1.904714
34 0.66810 1.909297
35 0.69490 1.919525
36 0.71720 1.915244
37 0.73960 1.919976
38 0.76240 1.926849
39 0.78040 1.933122
40 0.79790 1.940674
41 0.81210 1.944983
42 0.82780 1.948609
43 0.84100 1.948487
44 0.85250 1.950726
45 0.86410 1.955689
46 0.87500 1.956518
47 0.88550 1.956835
48 0.89580 1.962647
49 0.90590 1.962153
