0 0.00020 0.000000
1 0.00080 0.800000
2 0.00230 1.094786
3 0.00450 1.286582
4 0.00740 1.367107
5 0.01260 1.483795
6 0.01830 1.379149
7 0.02420 1.483443
8 0.03090 1.527106
9 0.03950 1.535732
10 0.05150 1.586792
11 0.06520 1.553527
12 0.07910 1.566507
13 0.09540 1.560322
14 0.11310 1.573964
15 0.13540 1.618370
16 0.15910 1.620197
17 0.18360 1.580170
18 0.21210 1.640323
19 0.24370 1.645818
20 0.27990 1.644224
21 0.31560 1.659093
22 0.35670 1.686554
23 0.39860 1.723630
24 0.43650 1.713775
25 0.48140 1.755469
26 0.52320 1.791731
27 0.56660 1.769112
28 0.60860 1.808786
29 0.64730 1.836753
30 0.68670 1.828274
31 0.71990 1.878472
32 0.74790 1.878595
33 0.77710 1.854560
34 0.80230 1.884480
35 0.82710 1.897068
36 0.84740 1.931959
37 0.86860 1.892707
38 0.88520 1.896953
39 0.90080 1.900175
40 0.91220 1.912736
41 0.92260 1.926436
42 0.93180 1.936351
43 0.94120 1.943237
44 0.94870 1.944691
45 0.95620 1.948201
46 0.96160 1.947784
47 0.96660 1.948131
48 0.97170 1.952574
49 0.97540 1.956533
