0 0.00020 nan
1 0.00080 inf
2 0.00230 inf
3 0.00450 inf
4 0.00740 1.812913
5 0.01260 1.653213
6 0.01830 1.626682
7 0.02420 1.636822
8 0.03090 1.708421
9 0.03950 1.840733
10 0.05150 1.840196
11 0.06520 1.859005
12 0.07910 1.865387
13 0.09540 1.948372
14 0.11310 1.957723
15 0.13540 1.959178
16 0.15910 1.993040
17 0.18360 1.977626
18 0.21210 1.963788
19 0.24370 1.970291
20 0.27990 1.960114
21 0.31560 1.938791
22 0.35670 1.916206
23 0.39860 1.921253
24 0.43650 1.905313
25 0.48140 1.906021
26 0.52320 1.923499
27 0.56660 1.937251
28 0.60860 1.953910
29 0.64730 1.958605
30 0.68670 1.949450
31 0.71990 1.951495
32 0.74790 1.946385
33 0.77710 1.948836
34 0.80230 1.952423
35 0.82710 1.947248
36 0.84740 1.955212
37 0.86860 1.957787
38 0.88520 1.961100
39 0.90080 1.955963
40 0.91220 1.960533
41 0.92260 1.964533
42 0.93180 1.966091
43 0.94120 1.971048
44 0.94870 1.972284
45 0.95620 1.972718
46 0.96160 1.975647
47 0.96660 1.977747
48 0.97170 1.980416
49 0.97540 1.981838
