0 0.00035 0.249820
1 0.00083 0.276428
2 0.00157 0.206826
3 0.00284 0.362598
4 0.00436 0.428245
5 0.00647 0.734014
6 0.00948 0.712249
7 0.01275 0.689404
8 0.01728 0.799749
9 0.02366 0.832793
10 0.03153 0.823625
11 0.04052 0.845380
12 0.05081 0.948874
13 0.06324 1.023081
14 0.07687 1.101909
15 0.09235 1.122212
16 0.10991 1.219241
17 0.12918 1.262033
18 0.14989 1.325494
19 0.17297 1.365497
20 0.19761 1.399744
21 0.22402 1.415436
22 0.25174 1.444324
23 0.27931 1.501057
24 0.30897 1.548777
25 0.33968 1.592484
26 0.37073 1.634501
27 0.40147 1.676561
28 0.43184 1.691739
29 0.46199 1.728632
30 0.49241 1.766163
31 0.52211 1.776211
32 0.55105 1.799328
33 0.57863 1.836702
34 0.60489 1.839327
35 0.63148 1.855476
36 0.65593 1.865555
37 0.67871 1.872946
38 0.70151 1.892564
39 0.72298 1.903778
40 0.74331 1.917077
41 0.76264 1.921507
42 0.78067 1.928699
43 0.79836 1.935899
44 0.81469 1.944029
45 0.83016 1.943334
46 0.84465 1.952723
47 0.85754 1.959213
48 0.86944 1.966977
49 0.87982 1.970373
0 0.00035 0.106915
1 0.00083 0.269187
2 0.00157 0.485427
0 0.00035 0.106915
3 0.00284 0.495325
1 0.00083 0.269187
4 0.00436 0.563525
2 0.00157 0.485427
5 0.00647 0.680540
3 0.00284 0.495325
6 0.00948 0.776225
4 0.00436 0.563525
5 0.00647 0.680540
7 0.01275 0.857525
6 0.00948 0.776225
8 0.01728 0.858339
7 0.01275 0.857525
9 0.02366 0.924635
8 0.01728 0.858339
10 0.03153 0.994426
9 0.02366 0.924635
10 0.03153 0.994426
11 0.04052 1.012384
11 0.04052 1.012384
12 0.05081 1.061629
12 0.05081 1.061629
13 0.06324 1.143004
13 0.06324 1.143004
14 0.07687 1.199990
14 0.07687 1.199990
15 0.09235 1.246870
15 0.09235 1.246870
16 0.10991 1.319707
16 0.10991 1.319707
17 0.12918 1.380642
17 0.12918 1.380642
18 0.14989 1.445219
18 0.14989 1.445219
19 0.17297 1.506328
19 0.17297 1.506328
20 0.19761 1.534424
20 0.19761 1.534424
21 0.22402 1.569870
21 0.22402 1.569870
22 0.25174 1.607810
22 0.25174 1.607810
23 0.27931 1.648200
23 0.27931 1.648200
24 0.30897 1.689813
24 0.30897 1.689813
25 0.33968 1.720888
25 0.33968 1.720888
26 0.37073 1.749069
26 0.37073 1.749069
27 0.40147 1.775521
27 0.40147 1.775521
28 0.43184 1.789811
28 0.43184 1.789811
29 0.46199 1.814568
29 0.46199 1.814568
30 0.49241 1.834906
30 0.49241 1.834906
31 0.52211 1.854053
32 0.55105 1.870003
31 0.52211 1.854053
33 0.57863 1.886688
32 0.55105 1.870003
34 0.60489 1.903215
33 0.57863 1.886688
35 0.63148 1.911615
34 0.60489 1.903215
36 0.65593 1.920504
35 0.63148 1.911615
37 0.67871 1.929868
36 0.65593 1.920504
38 0.70151 1.935699
37 0.67871 1.929868
39 0.72298 1.942732
40 0.74331 1.947966
38 0.70151 1.935699
41 0.76264 1.953066
39 0.72298 1.942732
42 0.78067 1.959934
40 0.74331 1.947966
43 0.79836 1.967055
41 0.76264 1.953066
44 0.81469 1.970638
45 0.83016 1.975233
42 0.78067 1.959934
46 0.84465 1.979525
43 0.79836 1.967055
47 0.85754 1.983014
44 0.81469 1.970638
48 0.86944 1.987013
49 0.87982 1.989407
45 0.83016 1.975233
46 0.84465 1.979525
47 0.85754 1.983014
48 0.86944 1.987013
49 0.87982 1.989407
