0 0.04280 1.679232
1 0.08470 1.766937
2 0.12670 1.908133
3 0.16610 1.821375
4 0.20400 1.831199
5 0.23920 1.874329
6 0.27370 1.892193
7 0.30650 1.931588
8 0.33900 1.882821
9 0.37020 1.921296
10 0.39810 1.951609
11 0.42460 1.874876
12 0.45170 1.969451
13 0.47480 1.880981
14 0.50000 1.964885
15 0.52280 1.957922
16 0.54790 1.909716
17 0.57020 1.951034
18 0.59040 1.940275
19 0.60880 1.929428
20 0.62640 1.911771
21 0.64250 1.972465
22 0.65900 1.920701
23 0.67420 1.903293
24 0.68710 1.915825
25 0.70200 1.962933
26 0.71340 1.984718
27 0.72510 1.920742
28 0.73730 1.896949
29 0.74820 1.907960
30 0.76030 1.965646
31 0.77360 1.972200
32 0.78500 1.938079
33 0.79540 1.912331
34 0.80380 1.921168
35 0.81310 1.919030
36 0.82330 1.933288
37 0.83200 1.972805
38 0.83870 1.962309
39 0.84460 1.956731
40 0.85140 1.956229
41 0.85690 1.914376
42 0.86320 1.906619
43 0.86800 1.911358
44 0.87460 1.924532
45 0.88120 1.935775
46 0.88570 1.937598
47 0.89170 1.953156
48 0.89700 1.944861
49 0.90180 1.940430
