0 0.04280 1.857332
1 0.08470 1.838849
2 0.12670 1.834633
3 0.16610 1.921886
4 0.20400 1.887832
5 0.23920 1.902896
6 0.27370 1.952044
7 0.30650 1.978075
8 0.33900 2.016559
9 0.37020 1.990016
10 0.39810 1.945258
11 0.42460 1.964409
12 0.45170 1.951141
13 0.47480 1.967351
14 0.50000 1.955670
15 0.52280 1.963258
16 0.54790 1.980897
17 0.57020 1.994262
18 0.59040 1.982175
19 0.60880 1.995124
20 0.62640 1.993905
21 0.64250 1.992548
22 0.65900 1.998014
23 0.67420 1.997079
24 0.68710 1.997706
25 0.70200 1.987019
26 0.71340 1.989310
27 0.72510 1.986243
28 0.73730 1.993048
29 0.74820 1.997247
30 0.76030 1.996485
31 0.77360 1.993687
32 0.78500 2.000253
33 0.79540 1.984748
34 0.80380 1.985651
35 0.81310 1.987599
36 0.82330 1.989483
37 0.83200 1.996557
38 0.83870 1.997227
39 0.84460 1.996183
40 0.85140 1.996345
41 0.85690 1.995635
42 0.86320 1.997771
43 0.86800 1.994938
44 0.87460 1.993086
45 0.88120 1.991125
46 0.88570 1.991169
47 0.89170 1.991535
48 0.89700 1.993568
49 0.90180 1.992549
