0 0.00160 0.158610
1 0.00700 0.320742
2 0.01930 0.440553
3 0.03690 0.641715
4 0.06150 0.757390
5 0.09090 0.908481
6 0.12730 1.110423
7 0.16200 1.250238
8 0.19990 1.369347
9 0.24160 1.487704
10 0.28470 1.577319
11 0.33170 1.666828
12 0.37640 1.745347
13 0.41760 1.811194
14 0.45540 1.838723
15 0.49720 1.875546
16 0.53510 1.908436
17 0.57060 1.925647
18 0.60320 1.937866
19 0.63560 1.960949
20 0.66540 1.964917
21 0.69140 1.977759
22 0.71520 1.989067
23 0.73840 1.991083
24 0.75900 1.997597
25 0.77600 2.000857
26 0.79510 2.001939
27 0.80910 2.000521
28 0.82340 2.001245
29 0.83940 1.999998
30 0.85070 1.999834
31 0.86280 1.998593
32 0.87320 1.999672
33 0.88240 2.003629
34 0.89210 2.002389
35 0.90160 2.001151
36 0.91010 2.001151
37 0.91760 2.001151
38 0.92300 2.001151
39 0.92880 2.001151
40 0.93360 2.001151
41 0.93960 1.998683
42 0.94390 1.998683
43 0.94800 1.996223
44 0.95280 1.996223
45 0.95630 1.996223
46 0.95910 1.996223
47 0.96210 1.996223
48 0.96420 1.996223
49 0.96690 1.997299
