0 0.00160 inf
1 0.00700 inf
2 0.01930 1.034762
3 0.03690 1.185637
4 0.06150 1.257365
5 0.09090 1.309518
6 0.12730 1.355498
7 0.16200 1.437884
8 0.19990 1.443889
9 0.24160 1.485745
10 0.28470 1.526729
11 0.33170 1.567165
12 0.37640 1.601324
13 0.41760 1.611584
14 0.45540 1.653674
15 0.49720 1.674611
16 0.53510 1.708050
17 0.57060 1.734912
18 0.60320 1.755456
19 0.63560 1.777336
20 0.66540 1.791482
21 0.69140 1.807199
22 0.71520 1.823451
23 0.73840 1.831282
24 0.75900 1.845723
25 0.77600 1.853430
26 0.79510 1.859801
27 0.80910 1.870889
28 0.82340 1.881983
29 0.83940 1.894072
30 0.85070 1.900507
31 0.86280 1.907279
32 0.87320 1.914307
33 0.88240 1.920975
34 0.89210 1.928795
35 0.90160 1.936063
36 0.91010 1.940532
37 0.91760 1.945507
38 0.92300 1.950121
39 0.92880 1.954940
40 0.93360 1.957121
41 0.93960 1.962298
42 0.94390 1.964677
43 0.94800 1.967688
44 0.95280 1.971273
45 0.95630 1.971573
46 0.95910 1.973837
47 0.96210 1.976221
48 0.96420 1.977890
49 0.96690 1.980074
