0 0.00220 0.032325
1 0.01020 0.283078
2 0.02430 0.372179
3 0.04440 0.639403
4 0.07290 0.874171
5 0.10760 1.044878
6 0.14790 1.186546
7 0.18640 1.349193
8 0.22860 1.467520
9 0.27160 1.559861
10 0.31390 1.642104
11 0.35620 1.698630
12 0.39860 1.762782
13 0.43980 1.816372
14 0.47610 1.848017
15 0.51520 1.882687
16 0.55540 1.909433
17 0.58750 1.913341
18 0.61690 1.930996
19 0.64870 1.937574
20 0.67880 1.945998
21 0.70440 1.953260
22 0.72610 1.957538
23 0.74780 1.963409
24 0.76680 1.969264
25 0.78610 1.971905
26 0.80280 1.982806
27 0.81840 1.981719
28 0.83110 1.983532
29 0.84480 1.984473
30 0.85960 1.989173
31 0.87000 1.990978
32 0.87960 1.992059
33 0.88940 1.993139
34 0.89690 1.993139
35 0.90470 1.993139
36 0.91170 1.994068
37 0.91860 1.995146
38 0.92450 1.995146
39 0.93050 1.996223
40 0.93530 1.996223
41 0.94030 1.997299
42 0.94490 1.997299
43 0.94920 1.997299
44 0.95260 1.997299
45 0.95640 1.997299
46 0.96010 1.994848
47 0.96260 1.994848
48 0.96540 1.995923
49 0.96770 1.995923
