0 0.00220 nan
1 0.01020 1.041393
2 0.02430 1.477121
3 0.04440 1.511883
4 0.07290 1.432167
5 0.10760 1.423456
6 0.14790 1.478367
7 0.18640 1.525822
8 0.22860 1.568329
9 0.27160 1.604985
10 0.31390 1.617551
11 0.35620 1.645990
12 0.39860 1.698459
13 0.43980 1.720094
14 0.47610 1.739900
15 0.51520 1.733795
16 0.55540 1.756296
17 0.58750 1.770606
18 0.61690 1.793553
19 0.64870 1.802149
20 0.67880 1.820956
21 0.70440 1.837508
22 0.72610 1.842357
23 0.74780 1.850495
24 0.76680 1.861689
25 0.78610 1.869449
26 0.80280 1.879157
27 0.81840 1.887630
28 0.83110 1.895067
29 0.84480 1.902470
30 0.85960 1.909493
31 0.87000 1.918121
32 0.87960 1.924238
33 0.88940 1.931368
34 0.89690 1.934579
35 0.90470 1.939981
36 0.91170 1.942987
37 0.91860 1.947001
38 0.92450 1.951626
39 0.93050 1.956151
40 0.93530 1.960105
41 0.94030 1.964258
42 0.94490 1.967882
43 0.94920 1.971159
44 0.95260 1.972607
45 0.95640 1.974272
46 0.96010 1.976947
47 0.96260 1.978689
48 0.96540 1.980721
49 0.96770 1.982271
