0 0.00020 0.000000
1 0.00070 1.089986
2 0.00200 0.504318
3 0.00350 0.399804
4 0.00570 0.576356
5 0.00840 0.804882
6 0.01150 0.782416
7 0.01650 0.827536
8 0.02270 0.951209
9 0.03050 0.948348
10 0.04060 0.992576
11 0.05490 1.076784
12 0.07260 1.121353
13 0.09120 1.112707
14 0.11210 1.197205
15 0.13420 1.259566
16 0.15820 1.270768
17 0.18620 1.277184
18 0.21730 1.376787
19 0.24660 1.421671
20 0.27800 1.454366
21 0.31350 1.509200
22 0.34940 1.568081
23 0.38420 1.611769
24 0.41960 1.625684
25 0.45780 1.669829
26 0.49410 1.687866
27 0.52760 1.731135
28 0.55970 1.761294
29 0.59350 1.791265
30 0.62510 1.819419
31 0.65410 1.832999
32 0.68210 1.865874
33 0.70900 1.877386
34 0.73660 1.882759
35 0.76040 1.896675
36 0.78220 1.899132
37 0.80350 1.913917
38 0.82360 1.930613
39 0.84050 1.938232
40 0.85930 1.943565
41 0.87520 1.951998
42 0.88760 1.962462
43 0.89860 1.967331
44 0.90660 1.964121
45 0.91530 1.972036
46 0.92490 1.974882
47 0.93320 1.979615
48 0.93920 1.980557
49 0.94490 1.986000
