0 0.00020 nan
1 0.00070 inf
2 0.00200 0.759668
3 0.00350 0.920819
4 0.00570 1.070038
5 0.00840 1.227601
6 0.01150 1.388180
7 0.01650 1.438614
8 0.02270 1.593085
9 0.03050 1.583340
10 0.04060 1.548696
11 0.05490 1.625738
12 0.07260 1.661514
13 0.09120 1.680864
14 0.11210 1.699419
15 0.13420 1.748914
16 0.15820 1.749295
17 0.18620 1.785247
18 0.21730 1.779253
19 0.24660 1.806418
20 0.27800 1.804519
21 0.31350 1.801151
22 0.34940 1.810521
23 0.38420 1.814992
24 0.41960 1.839854
25 0.45780 1.847200
26 0.49410 1.853275
27 0.52760 1.852870
28 0.55970 1.860043
29 0.59350 1.855205
30 0.62510 1.855827
31 0.65410 1.861932
32 0.68210 1.874453
33 0.70900 1.877734
34 0.73660 1.881009
35 0.76040 1.887103
36 0.78220 1.894468
37 0.80350 1.901272
38 0.82360 1.908229
39 0.84050 1.915441
40 0.85930 1.923862
41 0.87520 1.927607
42 0.88760 1.931528
43 0.89860 1.933079
44 0.90660 1.936577
45 0.91530 1.937476
46 0.92490 1.943382
47 0.93320 1.945222
48 0.93920 1.944735
49 0.94490 1.946574
