0 0.00060 0.000000
1 0.00180 0.966015
2 0.00320 1.380484
3 0.00560 1.300856
4 0.00900 1.418208
5 0.01370 1.546197
6 0.01900 1.373602
7 0.02680 1.450760
8 0.03660 1.455477
9 0.05000 1.527594
10 0.06510 1.447718
11 0.08140 1.550242
12 0.10070 1.587148
13 0.12350 1.633077
14 0.15150 1.672825
15 0.17950 1.626897
16 0.20900 1.638073
17 0.24410 1.637345
18 0.28070 1.672442
19 0.31930 1.679214
20 0.36150 1.693696
21 0.40420 1.708897
22 0.45120 1.718433
23 0.49680 1.774966
24 0.54450 1.765760
25 0.58700 1.807006
26 0.62560 1.843194
27 0.66410 1.827565
28 0.70050 1.845427
29 0.73230 1.880943
30 0.76110 1.861782
31 0.79180 1.875924
32 0.82030 1.898090
33 0.84580 1.910389
34 0.86520 1.917378
35 0.88270 1.923892
36 0.89720 1.910625
37 0.91090 1.910090
38 0.92340 1.911868
39 0.93450 1.918955
40 0.94300 1.915630
41 0.95080 1.924271
42 0.95710 1.938539
43 0.96290 1.942055
44 0.96760 1.947819
45 0.97120 1.950528
46 0.97510 1.956863
47 0.97850 1.957352
48 0.98170 1.962669
49 0.98390 1.962998
