0 0.00060 inf
1 0.00180 inf
2 0.00320 inf
3 0.00560 inf
4 0.00900 inf
5 0.01370 2.235528
6 0.01900 2.411620
7 0.02680 2.317018
8 0.03660 2.326336
9 0.05000 2.047761
10 0.06510 2.005752
11 0.08140 2.059618
12 0.10070 2.056057
13 0.12350 2.074717
14 0.15150 2.064329
15 0.17950 2.014100
16 0.20900 1.984748
17 0.24410 1.948515
18 0.28070 1.952631
19 0.31930 1.955249
20 0.36150 1.981860
21 0.40420 1.955367
22 0.45120 1.947169
23 0.49680 1.969588
24 0.54450 1.970155
25 0.58700 1.984937
26 0.62560 1.984904
27 0.66410 1.993742
28 0.70050 1.980552
29 0.73230 1.982529
30 0.76110 1.977117
31 0.79180 1.972702
32 0.82030 1.983673
33 0.84580 1.986683
34 0.86520 1.989227
35 0.88270 1.986161
36 0.89720 1.986799
37 0.91090 1.990476
38 0.92340 1.989411
39 0.93450 1.995724
40 0.94300 1.998583
41 0.95080 2.000750
42 0.95710 2.002300
43 0.96290 2.002766
44 0.96760 2.004405
45 0.97120 2.006927
46 0.97510 2.008975
47 0.97850 2.011348
48 0.98170 2.012571
49 0.98390 2.014306
