0 0.00190 0.039718
1 0.00810 0.123735
2 0.01990 0.351047
3 0.03890 0.561582
4 0.06480 0.843317
5 0.09820 1.014259
6 0.13500 1.199139
7 0.17740 1.350870
8 0.21840 1.454830
9 0.26360 1.562476
10 0.30500 1.627107
11 0.34540 1.682729
12 0.38970 1.741752
13 0.43310 1.801032
14 0.47290 1.848596
15 0.51330 1.882891
16 0.55200 1.908340
17 0.58600 1.926603
18 0.61750 1.938335
19 0.64650 1.953886
20 0.67250 1.963824
21 0.69760 1.977359
22 0.72210 1.987545
23 0.74300 1.990806
24 0.76400 1.992616
25 0.78250 1.998030
26 0.80160 1.998593
27 0.81900 1.998432
28 0.83290 1.998273
29 0.84550 1.998273
30 0.85810 1.997038
31 0.86880 1.997038
32 0.87840 1.997038
33 0.88740 1.997038
34 0.89620 1.997038
35 0.90440 1.999916
36 0.91180 1.999759
37 0.92000 1.999759
38 0.92520 2.000834
39 0.93240 2.001909
40 0.93690 2.001909
41 0.94060 2.001909
42 0.94380 2.001909
43 0.94870 2.002982
44 0.95170 2.002982
45 0.95480 2.001751
46 0.95730 2.001751
47 0.95960 2.001751
48 0.96200 2.001751
49 0.96530 2.001751
