0 0.00190 inf
1 0.00810 inf
2 0.01990 1.197281
3 0.03890 1.354589
4 0.06480 1.318262
5 0.09820 1.295567
6 0.13500 1.333591
7 0.17740 1.409306
8 0.21840 1.466636
9 0.26360 1.533925
10 0.30500 1.574779
11 0.34540 1.625044
12 0.38970 1.650318
13 0.43310 1.675167
14 0.47290 1.704735
15 0.51330 1.721781
16 0.55200 1.755875
17 0.58600 1.780807
18 0.61750 1.793839
19 0.64650 1.808413
20 0.67250 1.820056
21 0.69760 1.841123
22 0.72210 1.847516
23 0.74300 1.859616
24 0.76400 1.871459
25 0.78250 1.883249
26 0.80160 1.894838
27 0.81900 1.904104
28 0.83290 1.908575
29 0.84550 1.916716
30 0.85810 1.922019
31 0.86880 1.929891
32 0.87840 1.935139
33 0.88740 1.942451
34 0.89620 1.947774
35 0.90440 1.951039
36 0.91180 1.955063
37 0.92000 1.960103
38 0.92520 1.964088
39 0.93240 1.969979
40 0.93690 1.972675
41 0.94060 1.975383
42 0.94380 1.976334
43 0.94870 1.980009
44 0.95170 1.982068
45 0.95480 1.984201
46 0.95730 1.986051
47 0.95960 1.987421
48 0.96200 1.988160
49 0.96530 1.990257
