0 0.00050 0.000000
1 0.00180 0.800000
2 0.00340 1.401530
3 0.00650 1.420068
4 0.01150 1.269827
5 0.01980 1.462141
6 0.02860 1.535283
7 0.03890 1.457325
8 0.05090 1.591500
9 0.06710 1.559289
10 0.08650 1.569009
11 0.10550 1.628373
12 0.12440 1.627908
13 0.14830 1.562088
14 0.17290 1.629489
15 0.20280 1.598660
16 0.23580 1.639341
17 0.26760 1.649860
18 0.30350 1.705291
19 0.34050 1.706310
20 0.37870 1.735615
21 0.41640 1.767311
22 0.45420 1.744307
23 0.49090 1.743615
24 0.52770 1.776433
25 0.56810 1.801856
26 0.60780 1.799942
27 0.64830 1.812658
28 0.68590 1.850410
29 0.72010 1.872069
30 0.75170 1.855916
31 0.77850 1.857186
32 0.80360 1.887593
33 0.82800 1.890742
34 0.85150 1.916553
35 0.87020 1.918221
36 0.88550 1.898641
37 0.89940 1.902036
38 0.91350 1.907024
39 0.92420 1.908643
40 0.93410 1.921249
41 0.94150 1.925686
42 0.95160 1.945528
43 0.95720 1.947656
44 0.96200 1.948806
45 0.96640 1.949759
46 0.97080 1.959813
47 0.97530 1.962309
48 0.97840 1.959955
49 0.98150 1.960756
