0 0.00050 inf
1 0.00180 inf
2 0.00340 1.462398
3 0.00650 1.431364
4 0.01150 1.792392
5 0.01980 1.806180
6 0.02860 1.913814
7 0.03890 1.877947
8 0.05090 1.823073
9 0.06710 1.891398
10 0.08650 1.897377
11 0.10550 1.925808
12 0.12440 1.890587
13 0.14830 1.914060
14 0.17290 1.895339
15 0.20280 1.906010
16 0.23580 1.902943
17 0.26760 1.911094
18 0.30350 1.916454
19 0.34050 1.903906
20 0.37870 1.901023
21 0.41640 1.908298
22 0.45420 1.907251
23 0.49090 1.902937
24 0.52770 1.910713
25 0.56810 1.917686
26 0.60780 1.934545
27 0.64830 1.944654
28 0.68590 1.953649
29 0.72010 1.958782
30 0.75170 1.959076
31 0.77850 1.959822
32 0.80360 1.957994
33 0.82800 1.954197
34 0.85150 1.962723
35 0.87020 1.970875
36 0.88550 1.970757
37 0.89940 1.973181
38 0.91350 1.971132
39 0.92420 1.972026
40 0.93410 1.979060
41 0.94150 1.981254
42 0.95160 1.985358
43 0.95720 1.986083
44 0.96200 1.985253
45 0.96640 1.987153
46 0.97080 1.986677
47 0.97530 1.990290
48 0.97840 1.986877
49 0.98150 1.987933
