0 0.00050 0.845238
1 0.00080 1.064874
2 0.00190 0.219636
3 0.00350 0.044846
4 0.00560 0.415299
5 0.00960 0.661816
6 0.01430 0.525937
7 0.01960 0.831115
8 0.02550 1.008774
9 0.03400 1.055174
10 0.04440 0.910402
11 0.05500 0.956418
12 0.06730 1.005705
13 0.08160 1.097790
14 0.09920 1.181118
15 0.11690 1.197734
16 0.13840 1.236109
17 0.15800 1.261176
18 0.18140 1.345897
19 0.20640 1.350285
20 0.23470 1.431407
21 0.26510 1.458808
22 0.29470 1.489375
23 0.32360 1.530104
24 0.35520 1.536463
25 0.38600 1.562573
26 0.41860 1.588859
27 0.45330 1.625875
28 0.48890 1.663577
29 0.52360 1.700774
30 0.55750 1.739089
31 0.59070 1.735671
32 0.62550 1.756750
33 0.65740 1.797632
34 0.68730 1.830149
35 0.71300 1.852577
36 0.73790 1.880874
37 0.76160 1.900541
38 0.78660 1.922227
39 0.80960 1.942214
40 0.82860 1.957040
41 0.84640 1.969681
42 0.86370 1.978888
43 0.87570 1.989158
44 0.88910 1.989958
45 0.90120 1.991609
46 0.91350 1.991646
47 0.92370 1.994545
48 0.93280 1.996028
49 0.93970 1.997111
