0 0.00050 0.477121
1 0.00080 0.778151
2 0.00190 1.230449
3 0.00350 1.568202
4 0.00560 1.550228
5 0.00960 1.507406
6 0.01430 1.373195
7 0.01960 1.432435
8 0.02550 1.528274
9 0.03400 1.533142
10 0.04440 1.611151
11 0.05500 1.704518
12 0.06730 1.702785
13 0.08160 1.730119
14 0.09920 1.711301
15 0.11690 1.679042
16 0.13840 1.720103
17 0.15800 1.711371
18 0.18140 1.752255
19 0.20640 1.747254
20 0.23470 1.773650
21 0.26510 1.780468
22 0.29470 1.813576
23 0.32360 1.848040
24 0.35520 1.863780
25 0.38600 1.856746
26 0.41860 1.871825
27 0.45330 1.882955
28 0.48890 1.889995
29 0.52360 1.894661
30 0.55750 1.893833
31 0.59070 1.904910
32 0.62550 1.903330
33 0.65740 1.908107
34 0.68730 1.914583
35 0.71300 1.922644
36 0.73790 1.933193
37 0.76160 1.939519
38 0.78660 1.943846
39 0.80960 1.944849
40 0.82860 1.951241
41 0.84640 1.954491
42 0.86370 1.960364
43 0.87570 1.961660
44 0.88910 1.967314
45 0.90120 1.973665
46 0.91350 1.979132
47 0.92370 1.981900
48 0.93280 1.982784
49 0.93970 1.985539
