0 0.00060 0.563492
1 0.00140 0.797297
2 0.00230 0.819013
3 0.00410 0.762756
4 0.00570 0.813316
5 0.00860 0.844313
6 0.01130 0.844125
7 0.01480 0.784192
8 0.02040 0.845036
9 0.02680 0.884409
10 0.03500 0.988726
11 0.04440 1.084573
12 0.05790 1.041849
13 0.07350 1.076824
14 0.08980 1.043261
15 0.11020 1.028046
16 0.13330 1.108784
17 0.15920 1.256248
18 0.18720 1.280734
19 0.21800 1.375069
20 0.24880 1.389326
21 0.28320 1.397769
22 0.31760 1.439636
23 0.35470 1.461495
24 0.39100 1.560298
25 0.42830 1.609693
26 0.46500 1.650669
27 0.50270 1.700915
28 0.53990 1.710978
29 0.57790 1.734945
30 0.61370 1.784996
31 0.64420 1.814200
32 0.67390 1.840098
33 0.70150 1.859742
34 0.72980 1.880287
35 0.75760 1.912611
36 0.78320 1.926388
37 0.80460 1.935610
38 0.82190 1.950529
39 0.83930 1.963201
40 0.85650 1.965855
41 0.87200 1.979060
42 0.88620 1.983076
43 0.89750 1.982611
44 0.90990 1.989409
45 0.92030 1.992303
46 0.92760 1.991065
47 0.93510 1.993230
48 0.94110 1.991842
49 0.94750 1.991692
