0 0.00060 inf
1 0.00140 inf
2 0.00230 1.322219
3 0.00410 1.431364
4 0.00570 1.591065
5 0.00860 1.537819
6 0.01130 1.447158
7 0.01480 1.503639
8 0.02040 1.563481
9 0.02680 1.496584
10 0.03500 1.601456
11 0.04440 1.684396
12 0.05790 1.612784
13 0.07350 1.573307
14 0.08980 1.622483
15 0.11020 1.655386
16 0.13330 1.711366
17 0.15920 1.734789
18 0.18720 1.771544
19 0.21800 1.797181
20 0.24880 1.796955
21 0.28320 1.804757
22 0.31760 1.806180
23 0.35470 1.818412
24 0.39100 1.824234
25 0.42830 1.826173
26 0.46500 1.843743
27 0.50270 1.850829
28 0.53990 1.861450
29 0.57790 1.867988
30 0.61370 1.883693
31 0.64420 1.885448
32 0.67390 1.890415
33 0.70150 1.901567
34 0.72980 1.909178
35 0.75760 1.916486
36 0.78320 1.919650
37 0.80460 1.926797
38 0.82190 1.933685
39 0.83930 1.936367
40 0.85650 1.941102
41 0.87200 1.948051
42 0.88620 1.951980
43 0.89750 1.955302
44 0.90990 1.957384
45 0.92030 1.957111
46 0.92760 1.958597
47 0.93510 1.960841
48 0.94110 1.963012
49 0.94750 1.964750
