0 0.00040 0.000000
1 0.00090 0.800000
2 0.00200 1.586314
3 0.00310 1.132030
4 0.00540 1.238745
5 0.00920 1.296791
6 0.01320 1.232886
7 0.01900 1.422360
8 0.02550 1.424963
9 0.03290 1.404809
10 0.04360 1.528024
11 0.05460 1.555932
12 0.06810 1.506436
13 0.08320 1.586896
14 0.09720 1.583777
15 0.11520 1.547197
16 0.13390 1.548645
17 0.15910 1.598087
18 0.18740 1.602726
19 0.21960 1.639763
20 0.25150 1.629952
21 0.28820 1.641097
22 0.32750 1.710503
23 0.36950 1.679538
24 0.41030 1.726296
25 0.45580 1.742849
26 0.50070 1.745534
27 0.54510 1.801326
28 0.58970 1.792711
29 0.63420 1.848898
30 0.67150 1.809929
31 0.70800 1.847749
32 0.74110 1.886706
33 0.77240 1.857387
34 0.80210 1.888441
35 0.82800 1.901306
36 0.84910 1.914220
37 0.87010 1.919784
38 0.88710 1.908055
39 0.90260 1.902474
40 0.91490 1.902679
41 0.92310 1.906378
42 0.93320 1.919155
43 0.94160 1.933347
44 0.94990 1.945687
45 0.95840 1.949407
46 0.96390 1.951596
47 0.96920 1.955113
48 0.97270 1.956490
49 0.97650 1.956533
