0 0.00040 inf
1 0.00090 inf
2 0.00200 inf
3 0.00310 inf
4 0.00540 inf
5 0.00920 inf
6 0.01320 2.322219
7 0.01900 2.063208
8 0.02550 2.078276
9 0.03290 2.002886
10 0.04360 2.036928
11 0.05460 2.093811
12 0.06810 1.998259
13 0.08320 1.979776
14 0.09720 1.909441
15 0.11520 1.917808
16 0.13390 1.908897
17 0.15910 1.918851
18 0.18740 1.920503
19 0.21960 1.936467
20 0.25150 1.880269
21 0.28820 1.875704
22 0.32750 1.887446
23 0.36950 1.908136
24 0.41030 1.911621
25 0.45580 1.913578
26 0.50070 1.911714
27 0.54510 1.908079
28 0.58970 1.907020
29 0.63420 1.909757
30 0.67150 1.902925
31 0.70800 1.915212
32 0.74110 1.929437
33 0.77240 1.931141
34 0.80210 1.928227
35 0.82800 1.929981
36 0.84910 1.941462
37 0.87010 1.950878
38 0.88710 1.952305
39 0.90260 1.951546
40 0.91490 1.948565
41 0.92310 1.955031
42 0.93320 1.950593
43 0.94160 1.953627
44 0.94990 1.953284
45 0.95840 1.955752
46 0.96390 1.956346
47 0.96920 1.958537
48 0.97270 1.958925
49 0.97650 1.960761
