0 0.00040 0.000000
1 0.00160 1.291527
2 0.00310 1.130111
3 0.00520 1.094786
4 0.00850 1.194141
5 0.01340 1.206597
6 0.01960 1.200409
7 0.03100 1.516463
8 0.04450 1.437284
9 0.06010 1.512504
10 0.07620 1.599096
11 0.09600 1.566726
12 0.12120 1.564703
13 0.14940 1.593443
14 0.17940 1.611081
15 0.20960 1.625008
16 0.24430 1.621070
17 0.27920 1.669162
18 0.31920 1.685198
19 0.35880 1.709649
20 0.39980 1.729810
21 0.44340 1.734535
22 0.48660 1.772820
23 0.52960 1.785278
24 0.57510 1.771010
25 0.61700 1.819492
26 0.65640 1.809154
27 0.69230 1.816787
28 0.72700 1.871842
29 0.75820 1.836426
30 0.78450 1.864957
31 0.80840 1.873450
32 0.83040 1.902238
33 0.85330 1.881606
34 0.87260 1.889229
35 0.88550 1.899818
36 0.89720 1.905040
37 0.91160 1.916129
38 0.92290 1.911683
39 0.93390 1.910892
40 0.94270 1.927316
41 0.95060 1.938090
42 0.95740 1.945197
43 0.96440 1.949212
44 0.96910 1.951115
45 0.97300 1.950164
46 0.97690 1.951462
47 0.98060 1.953361
48 0.98280 1.950987
49 0.98490 1.956160
