0 0.00040 inf
1 0.00160 inf
2 0.00310 inf
3 0.00520 inf
4 0.00850 2.021189
5 0.01340 1.929419
6 0.01960 1.946125
7 0.03100 1.829763
8 0.04450 1.765726
9 0.06010 1.681995
10 0.07620 1.712824
11 0.09600 1.811352
12 0.12120 1.804480
13 0.14940 1.860271
14 0.17940 1.896357
15 0.20960 1.901017
16 0.24430 1.875490
17 0.27920 1.906837
18 0.31920 1.890740
19 0.35880 1.900299
20 0.39980 1.888788
21 0.44340 1.910465
22 0.48660 1.917753
23 0.52960 1.945867
24 0.57510 1.951288
25 0.61700 1.957898
26 0.65640 1.975010
27 0.69230 1.983959
28 0.72700 1.975815
29 0.75820 1.978359
30 0.78450 1.980109
31 0.80840 1.978709
32 0.83040 1.975394
33 0.85330 1.982243
34 0.87260 1.974240
35 0.88550 1.973698
36 0.89720 1.981129
37 0.91160 1.982674
38 0.92290 1.983993
39 0.93390 1.989023
40 0.94270 1.994064
41 0.95060 1.997508
42 0.95740 2.001453
43 0.96440 2.003316
44 0.96910 2.004063
45 0.97300 2.005818
46 0.97690 2.008751
47 0.98060 2.011479
48 0.98280 2.012184
49 0.98490 2.012597
