0 0.04460 2.056370
1 0.08660 1.770036
2 0.12840 1.914409
3 0.17080 1.827830
4 0.21060 1.855159
5 0.24870 1.875433
6 0.28320 1.894944
7 0.31920 1.890809
8 0.34950 1.927917
9 0.38130 1.871457
10 0.40830 1.977416
11 0.43420 1.890701
12 0.45960 1.965115
13 0.48540 1.902825
14 0.50970 1.934042
15 0.53310 1.910328
16 0.55440 1.926413
17 0.57520 1.954661
18 0.59510 1.910261
19 0.61490 1.890666
20 0.63180 1.965878
21 0.65000 1.955130
22 0.66600 1.904450
23 0.67920 1.911363
24 0.69430 1.967387
25 0.70930 1.994501
26 0.72450 1.893220
27 0.73390 1.902145
28 0.74750 1.935564
29 0.76000 1.974987
30 0.77060 1.983613
31 0.78130 1.927635
32 0.79060 1.907935
33 0.80160 1.917105
34 0.81040 1.927133
35 0.81930 1.969170
36 0.82750 1.980188
37 0.83600 1.960329
38 0.84300 1.960542
39 0.85140 1.909298
40 0.85810 1.908330
41 0.86480 1.929206
42 0.87110 1.936197
43 0.87770 1.938737
44 0.88390 1.947712
45 0.88940 1.950472
46 0.89410 1.946126
47 0.89890 1.942911
48 0.90300 1.959346
49 0.90650 1.958548
