0 0.04460 inf
1 0.08660 2.445604
2 0.12840 2.007890
3 0.17080 1.978104
4 0.21060 2.031661
5 0.24870 2.082965
6 0.28320 2.050739
7 0.31920 2.080823
8 0.34950 2.093330
9 0.38130 2.088213
10 0.40830 2.084812
11 0.43420 2.078409
12 0.45960 2.068981
13 0.48540 2.044237
14 0.50970 2.035666
15 0.53310 2.039512
16 0.55440 2.021371
17 0.57520 2.025847
18 0.59510 2.028470
19 0.61490 2.015708
20 0.63180 2.009328
21 0.65000 2.001296
22 0.66600 2.005458
23 0.67920 2.004589
24 0.69430 2.001655
25 0.70930 1.998268
26 0.72450 1.999446
27 0.73390 2.000644
28 0.74750 2.000520
29 0.76000 1.998879
30 0.77060 2.000132
31 0.78130 2.006659
32 0.79060 2.011406
33 0.80160 2.009738
34 0.81040 2.009732
35 0.81930 2.014112
36 0.82750 2.013298
37 0.83600 2.015585
38 0.84300 2.012821
39 0.85140 2.015142
40 0.85810 2.009014
41 0.86480 2.010017
42 0.87110 2.006014
43 0.87770 2.009112
44 0.88390 2.009984
45 0.88940 2.010909
46 0.89410 2.005251
47 0.89890 2.005562
48 0.90300 2.005619
49 0.90650 2.005939
