0 0.00050 0.000000
1 0.00170 0.966015
2 0.00350 1.667970
3 0.00670 1.236292
4 0.01100 1.202005
5 0.01760 1.296609
6 0.02570 1.295315
7 0.03930 1.485786
8 0.05560 1.462806
9 0.07510 1.464472
10 0.09860 1.532762
11 0.12650 1.556147
12 0.15830 1.578206
13 0.19090 1.615039
14 0.22570 1.640141
15 0.26660 1.645761
16 0.31400 1.708345
17 0.36030 1.685473
18 0.40720 1.712600
19 0.45370 1.739748
20 0.50190 1.758822
21 0.54790 1.802491
22 0.58830 1.800703
23 0.63220 1.852578
24 0.66920 1.834689
25 0.70280 1.856669
26 0.73710 1.887133
27 0.76900 1.848787
28 0.79870 1.883951
29 0.82350 1.901209
30 0.84580 1.910945
31 0.86430 1.936974
32 0.88210 1.916686
33 0.89620 1.908932
34 0.91000 1.909865
35 0.92320 1.921282
36 0.93320 1.916807
37 0.94190 1.929552
38 0.95000 1.933642
39 0.95790 1.939121
40 0.96300 1.940777
41 0.96750 1.947163
42 0.97190 1.946076
43 0.97510 1.947541
44 0.97860 1.949928
45 0.98080 1.949250
46 0.98440 1.948149
47 0.98690 1.950531
48 0.98790 1.949595
49 0.99020 1.954662
