0 0.00050 inf
1 0.00170 inf
2 0.00350 inf
3 0.00670 inf
4 0.01100 1.616300
5 0.01760 1.742332
6 0.02570 1.745595
7 0.03930 1.679731
8 0.05560 1.727158
9 0.07510 1.740034
10 0.09860 1.798389
11 0.12650 1.835605
12 0.15830 1.837563
13 0.19090 1.910748
14 0.22570 1.905007
15 0.26660 1.929764
16 0.31400 1.906770
17 0.36030 1.927649
18 0.40720 1.919119
19 0.45370 1.914756
20 0.50190 1.897501
21 0.54790 1.899521
22 0.58830 1.903926
23 0.63220 1.920704
24 0.66920 1.913729
25 0.70280 1.920989
26 0.73710 1.936283
27 0.76900 1.933480
28 0.79870 1.935739
29 0.82350 1.931483
30 0.84580 1.939459
31 0.86430 1.939115
32 0.88210 1.946260
33 0.89620 1.949758
34 0.91000 1.952467
35 0.92320 1.959080
36 0.93320 1.963355
37 0.94190 1.966731
38 0.95000 1.969720
39 0.95790 1.970240
40 0.96300 1.971179
41 0.96750 1.973559
42 0.97190 1.977095
43 0.97510 1.978361
44 0.97860 1.981218
45 0.98080 1.979630
46 0.98440 1.980119
47 0.98690 1.979934
48 0.98790 1.980764
49 0.99020 1.980244
