0 0.00140 0.214230
1 0.00670 0.081784
2 0.01830 0.242450
3 0.03660 0.573440
4 0.06230 0.810779
5 0.09280 0.968926
6 0.12930 1.131129
7 0.16830 1.270912
8 0.21050 1.390356
9 0.25250 1.514776
10 0.29830 1.611036
11 0.34300 1.690978
12 0.38860 1.772123
13 0.42940 1.814957
14 0.46980 1.856952
15 0.51080 1.899110
16 0.54670 1.924299
17 0.58210 1.940366
18 0.61690 1.946799
19 0.64620 1.955977
20 0.67880 1.970242
21 0.70320 1.974327
22 0.72560 1.977265
23 0.74780 1.982241
24 0.76830 1.987568
25 0.78720 1.987568
26 0.80580 1.987968
27 0.82170 1.991969
28 0.83440 1.995237
29 0.84850 1.993984
30 0.86050 1.993821
31 0.87090 1.994908
32 0.88240 1.993659
33 0.89280 1.992413
34 0.90050 1.993499
35 0.90880 1.992822
36 0.91510 1.993906
37 0.92250 1.994990
38 0.92870 1.996073
39 0.93390 1.996996
40 0.93900 1.996996
41 0.94360 1.998076
42 0.94860 1.998076
43 0.95270 1.999156
44 0.95620 1.999156
45 0.95980 1.999156
46 0.96220 1.999156
47 0.96530 1.999156
48 0.96760 1.998997
49 0.96960 1.998997
