0 0.00140 inf
1 0.00670 inf
2 0.01830 inf
3 0.03660 1.482874
4 0.06230 1.331315
5 0.09280 1.464123
6 0.12930 1.490360
7 0.16830 1.538470
8 0.21050 1.500907
9 0.25250 1.498644
10 0.29830 1.537354
11 0.34300 1.578311
12 0.38860 1.589479
13 0.42940 1.597825
14 0.46980 1.623486
15 0.51080 1.644003
16 0.54670 1.673113
17 0.58210 1.702590
18 0.61690 1.723254
19 0.64620 1.737391
20 0.67880 1.757196
21 0.70320 1.766674
22 0.72560 1.788343
23 0.74780 1.804561
24 0.76830 1.824064
25 0.78720 1.839031
26 0.80580 1.851338
27 0.82170 1.864247
28 0.83440 1.868887
29 0.84850 1.880392
30 0.86050 1.885467
31 0.87090 1.890798
32 0.88240 1.899337
33 0.89280 1.905923
34 0.90050 1.907681
35 0.90880 1.914659
36 0.91510 1.917437
37 0.92250 1.922257
38 0.92870 1.925974
39 0.93390 1.926459
40 0.93900 1.930356
41 0.94360 1.932669
42 0.94860 1.935541
43 0.95270 1.938173
44 0.95620 1.940957
45 0.95980 1.943556
46 0.96220 1.945040
47 0.96530 1.947509
48 0.96760 1.949273
49 0.96960 1.950597
