0 0.00200 0.108854
1 0.00890 0.306755
2 0.02070 0.446717
3 0.04040 0.597474
4 0.06640 0.802196
5 0.10240 1.038047
6 0.14070 1.215155
7 0.18270 1.350041
8 0.22660 1.463087
9 0.26680 1.553777
10 0.30830 1.648291
11 0.35070 1.720462
12 0.39470 1.791045
13 0.43590 1.844916
14 0.47650 1.882241
15 0.51440 1.901360
16 0.55130 1.915577
17 0.58470 1.933396
18 0.61790 1.947311
19 0.64730 1.959897
20 0.67150 1.968590
21 0.69860 1.973712
22 0.72120 1.976843
23 0.74390 1.985214
24 0.76310 1.989564
25 0.78160 1.992459
26 0.79940 1.995349
27 0.81620 1.996996
28 0.82930 1.999156
29 0.84180 2.000234
30 0.85340 1.998997
31 0.86530 2.000074
32 0.87490 1.998839
33 0.88420 1.996375
34 0.89250 1.995146
35 0.90130 1.997299
36 0.90930 1.997299
37 0.91710 1.997299
38 0.92340 1.998374
39 0.92860 1.998374
40 0.93400 1.999449
41 0.93920 1.999449
42 0.94300 1.999449
43 0.94720 2.000522
44 0.95300 2.001595
45 0.95600 2.001595
46 0.95940 2.001595
47 0.96290 2.001595
48 0.96580 2.001595
49 0.96790 2.001595
