0 0.00200 inf
1 0.00890 1.113943
2 0.02070 1.170262
3 0.04040 1.328380
4 0.06640 1.358886
5 0.10240 1.377345
6 0.14070 1.429312
7 0.18270 1.419225
8 0.22660 1.455462
9 0.26680 1.499666
10 0.30830 1.544965
11 0.35070 1.573933
12 0.39470 1.615923
13 0.43590 1.644320
14 0.47650 1.671584
15 0.51440 1.699005
16 0.55130 1.726968
17 0.58470 1.749586
18 0.61790 1.764928
19 0.64730 1.783224
20 0.67150 1.800356
21 0.69860 1.817064
22 0.72120 1.833248
23 0.74390 1.844951
24 0.76310 1.849762
25 0.78160 1.862209
26 0.79940 1.870563
27 0.81620 1.879688
28 0.82930 1.885136
29 0.84180 1.894610
30 0.85340 1.901524
31 0.86530 1.910037
32 0.87490 1.918883
33 0.88420 1.925662
34 0.89250 1.930119
35 0.90130 1.934406
36 0.90930 1.936266
37 0.91710 1.941017
38 0.92340 1.942116
39 0.92860 1.944205
40 0.93400 1.947827
41 0.93920 1.950645
42 0.94300 1.953454
43 0.94720 1.956575
44 0.95300 1.959660
45 0.95600 1.960927
46 0.95940 1.962135
47 0.96290 1.964779
48 0.96580 1.966860
49 0.96790 1.968400
