0 0.04630 1.724041
1 0.09240 1.866871
2 0.13280 1.960179
3 0.17060 1.850734
4 0.20830 1.867868
5 0.24550 1.861457
6 0.28020 1.894861
7 0.31500 1.955127
8 0.34910 1.917511
9 0.37720 1.902597
10 0.40500 1.976969
11 0.43310 1.892184
12 0.45690 1.983957
13 0.48140 1.887063
14 0.50640 1.949382
15 0.52860 1.905308
16 0.54980 1.930288
17 0.57050 1.954722
18 0.58870 1.920695
19 0.60630 1.897162
20 0.62530 1.966018
21 0.64450 1.918194
22 0.66100 1.902046
23 0.67620 1.934517
24 0.68970 1.964464
25 0.70630 1.994768
26 0.71970 1.899042
27 0.73180 1.896514
28 0.74210 1.952689
29 0.75320 1.977056
30 0.76320 1.960622
31 0.77560 1.912614
32 0.78690 1.916884
33 0.79570 1.917867
34 0.80590 1.941126
35 0.81540 1.978339
36 0.82290 1.956177
37 0.83090 1.950295
38 0.83880 1.920232
39 0.84730 1.906074
40 0.85480 1.915355
41 0.86200 1.929450
42 0.86870 1.936604
43 0.87450 1.930358
44 0.87940 1.941631
45 0.88590 1.938562
46 0.89130 1.947191
47 0.89580 1.944679
48 0.90050 1.949138
49 0.90470 1.961919
