0 0.04630 1.968483
1 0.09240 2.045323
2 0.13280 1.873773
3 0.17060 1.906181
4 0.20830 1.919576
5 0.24550 1.894501
6 0.28020 1.924997
7 0.31500 1.974703
8 0.34910 1.976167
9 0.37720 1.976065
10 0.40500 1.987872
11 0.43310 2.024643
12 0.45690 2.014133
13 0.48140 2.021384
14 0.50640 2.000701
15 0.52860 1.980064
16 0.54980 1.980190
17 0.57050 1.973266
18 0.58870 1.981236
19 0.60630 1.959897
20 0.62530 1.970668
21 0.64450 1.958610
22 0.66100 1.947059
23 0.67620 1.948850
24 0.68970 1.946164
25 0.70630 1.948219
26 0.71970 1.952530
27 0.73180 1.959965
28 0.74210 1.963279
29 0.75320 1.962093
30 0.76320 1.966373
31 0.77560 1.968185
32 0.78690 1.966196
33 0.79570 1.972015
34 0.80590 1.972990
35 0.81540 1.973734
36 0.82290 1.975514
37 0.83090 1.973193
38 0.83880 1.975249
39 0.84730 1.979489
40 0.85480 1.980210
41 0.86200 1.982031
42 0.86870 1.981724
43 0.87450 1.981599
44 0.87940 1.982502
45 0.88590 1.982015
46 0.89130 1.983819
47 0.89580 1.987022
48 0.90050 1.987116
49 0.90470 1.991431
