0 0.00030 0.000000
1 0.00100 1.200000
2 0.00160 0.800000
3 0.00380 1.501955
4 0.00610 1.625204
5 0.00910 1.336794
6 0.01340 1.416022
7 0.01980 1.299393
8 0.02720 1.427238
9 0.03830 1.546499
10 0.04890 1.564391
11 0.06340 1.562620
12 0.07970 1.542323
13 0.10120 1.561809
14 0.12590 1.592301
15 0.15220 1.552248
16 0.18360 1.622462
17 0.21580 1.587551
18 0.25400 1.645234
19 0.29640 1.673413
20 0.33490 1.656961
21 0.37750 1.668154
22 0.42060 1.713828
23 0.46230 1.732652
24 0.50820 1.766653
25 0.55440 1.773237
26 0.59780 1.809517
27 0.63680 1.823054
28 0.67530 1.831994
29 0.71160 1.859334
30 0.74660 1.883270
31 0.77730 1.869792
32 0.80250 1.878520
33 0.82720 1.908400
34 0.84850 1.917297
35 0.86710 1.890946
36 0.88380 1.894738
37 0.89880 1.906456
38 0.91070 1.897298
39 0.92160 1.900366
40 0.93120 1.913324
41 0.94060 1.943202
42 0.94860 1.945466
43 0.95480 1.944510
44 0.96160 1.952371
45 0.96560 1.950327
46 0.97010 1.950841
47 0.97400 1.954968
48 0.97740 1.956902
49 0.98170 1.958255
