0 0.00030 inf
1 0.00100 inf
2 0.00160 inf
3 0.00380 inf
4 0.00610 inf
5 0.00910 1.854306
6 0.01340 2.012837
7 0.01980 1.957847
8 0.02720 1.925140
9 0.03830 1.890856
10 0.04890 1.817660
11 0.06340 1.858396
12 0.07970 1.754296
13 0.10120 1.808965
14 0.12590 1.840733
15 0.15220 1.836324
16 0.18360 1.882646
17 0.21580 1.901646
18 0.25400 1.908555
19 0.29640 1.901617
20 0.33490 1.879003
21 0.37750 1.897840
22 0.42060 1.908597
23 0.46230 1.901187
24 0.50820 1.920028
25 0.55440 1.912336
26 0.59780 1.915256
27 0.63680 1.920973
28 0.67530 1.928287
29 0.71160 1.932380
30 0.74660 1.940467
31 0.77730 1.931223
32 0.80250 1.924012
33 0.82720 1.926676
34 0.84850 1.934832
35 0.86710 1.934765
36 0.88380 1.943274
37 0.89880 1.948043
38 0.91070 1.952873
39 0.92160 1.956140
40 0.93120 1.956161
41 0.94060 1.957288
42 0.94860 1.959927
43 0.95480 1.961529
44 0.96160 1.962050
45 0.96560 1.964978
46 0.97010 1.965156
47 0.97400 1.967001
48 0.97740 1.968483
49 0.98170 1.971837
