0 0.00230 0.164782
1 0.00860 0.270702
2 0.02200 0.380414
3 0.04290 0.602860
4 0.06910 0.833708
5 0.10360 1.029440
6 0.13980 1.199372
7 0.18100 1.372172
8 0.22280 1.447098
9 0.26260 1.533067
10 0.30970 1.628414
11 0.35470 1.700881
12 0.39830 1.749937
13 0.43590 1.799194
14 0.47460 1.828099
15 0.51200 1.861708
16 0.54660 1.888465
17 0.58210 1.914246
18 0.61190 1.931005
19 0.64170 1.940118
20 0.67040 1.954649
21 0.69640 1.962997
22 0.72230 1.971152
23 0.74500 1.972684
24 0.76490 1.977082
25 0.78690 1.978027
26 0.80370 1.979698
27 0.81890 1.985001
28 0.83520 1.983610
29 0.84810 1.983610
30 0.86070 1.987600
31 0.87120 1.987450
32 0.87980 1.989259
33 0.88930 1.994677
34 0.89780 1.995758
35 0.90600 1.995758
36 0.91260 1.996839
37 0.91850 1.997918
38 0.92510 1.996683
39 0.92990 1.997761
40 0.93420 1.997761
41 0.93870 1.997761
42 0.94290 1.999916
43 0.94690 1.999916
44 0.95070 1.999759
45 0.95450 2.000834
46 0.95790 2.001909
47 0.96080 2.001909
48 0.96370 2.001909
49 0.96640 2.001909
