0 0.00230 inf
1 0.00860 1.041393
2 0.02200 1.004799
3 0.04290 1.149988
4 0.06910 1.368540
5 0.10360 1.465563
6 0.13980 1.496478
7 0.18100 1.509903
8 0.22280 1.536824
9 0.26260 1.582023
10 0.30970 1.596597
11 0.35470 1.607862
12 0.39830 1.639231
13 0.43590 1.655112
14 0.47460 1.675809
15 0.51200 1.708824
16 0.54660 1.726897
17 0.58210 1.750610
18 0.61190 1.768976
19 0.64170 1.783570
20 0.67040 1.797548
21 0.69640 1.808594
22 0.72230 1.821944
23 0.74500 1.835709
24 0.76490 1.849652
25 0.78690 1.865141
26 0.80370 1.876619
27 0.81890 1.888186
28 0.83520 1.898500
29 0.84810 1.906382
30 0.86070 1.913557
31 0.87120 1.920423
32 0.87980 1.927703
33 0.88930 1.934471
34 0.89780 1.940264
35 0.90600 1.946238
36 0.91260 1.949959
37 0.91850 1.954358
38 0.92510 1.958511
39 0.92990 1.962587
40 0.93420 1.965732
41 0.93870 1.966463
42 0.94290 1.969551
43 0.94690 1.972775
44 0.95070 1.975710
45 0.95450 1.977424
46 0.95790 1.979842
47 0.96080 1.980836
48 0.96370 1.982887
49 0.96640 1.984963
