0 0.00050 0.000000
1 0.00080 0.000000
2 0.00160 1.586314
3 0.00260 1.300856
4 0.00390 1.333560
5 0.00640 1.424086
6 0.00890 1.383582
7 0.01290 1.086693
8 0.01820 1.380484
9 0.02540 1.439632
10 0.03470 1.485008
11 0.04670 1.479331
12 0.06080 1.504067
13 0.07420 1.500995
14 0.09480 1.542749
15 0.11830 1.569297
16 0.14340 1.549910
17 0.17270 1.599717
18 0.20660 1.595510
19 0.25020 1.687866
20 0.29480 1.664368
21 0.33990 1.684048
22 0.38630 1.740747
23 0.43290 1.751031
24 0.47810 1.766305
25 0.52260 1.784850
26 0.56350 1.737621
27 0.60380 1.833837
28 0.64170 1.835921
29 0.67670 1.817986
30 0.71350 1.854584
31 0.74650 1.879119
32 0.77630 1.850509
33 0.80490 1.878603
34 0.83010 1.896717
35 0.85290 1.905944
36 0.86960 1.937462
37 0.88440 1.889017
38 0.90070 1.892600
39 0.91340 1.907012
40 0.92560 1.912078
41 0.93520 1.903047
42 0.94390 1.903511
43 0.95120 1.925166
44 0.95780 1.931498
45 0.96290 1.936074
46 0.96690 1.933928
47 0.97100 1.936597
48 0.97450 1.939650
49 0.97850 1.947527
