0 0.00050 inf
1 0.00080 inf
2 0.00160 inf
3 0.00260 inf
4 0.00390 inf
5 0.00640 inf
6 0.00890 2.053078
7 0.01290 2.225309
8 0.01820 2.075547
9 0.02540 2.106078
10 0.03470 2.131939
11 0.04670 1.883661
12 0.06080 1.882443
13 0.07420 1.806503
14 0.09480 1.896909
15 0.11830 1.900003
16 0.14340 1.918205
17 0.17270 1.962750
18 0.20660 1.925781
19 0.25020 1.930170
20 0.29480 1.892828
21 0.33990 1.877690
22 0.38630 1.897278
23 0.43290 1.872626
24 0.47810 1.893055
25 0.52260 1.915224
26 0.56350 1.920476
27 0.60380 1.935598
28 0.64170 1.940574
29 0.67670 1.952638
30 0.71350 1.945314
31 0.74650 1.953379
32 0.77630 1.951164
33 0.80490 1.952710
34 0.83010 1.958710
35 0.85290 1.967661
36 0.86960 1.970140
37 0.88440 1.972582
38 0.90070 1.974136
39 0.91340 1.976832
40 0.92560 1.979182
41 0.93520 1.975513
42 0.94390 1.979593
43 0.95120 1.982950
44 0.95780 1.985720
45 0.96290 1.983030
46 0.96690 1.984504
47 0.97100 1.986199
48 0.97450 1.987797
49 0.97850 1.989727
