0 0.00050 0.399804
1 0.00120 0.563492
2 0.00250 0.997429
3 0.00480 0.581298
4 0.00830 0.572795
5 0.01340 0.431094
6 0.01960 0.661505
7 0.02800 0.792115
8 0.03990 0.924842
9 0.05280 0.900773
10 0.06920 0.963426
11 0.09040 1.049029
12 0.11410 1.101062
13 0.13820 1.209437
14 0.16360 1.219508
15 0.19360 1.313545
16 0.22760 1.360742
17 0.26190 1.458478
18 0.29540 1.453503
19 0.33090 1.491663
20 0.37020 1.537301
21 0.40920 1.583560
22 0.44700 1.640822
23 0.48180 1.683499
24 0.52070 1.732175
25 0.55600 1.772584
26 0.59170 1.803816
27 0.62350 1.806783
28 0.65410 1.831164
29 0.68360 1.850206
30 0.71170 1.875537
31 0.73630 1.885983
32 0.75670 1.901800
33 0.77730 1.893891
34 0.79670 1.913736
35 0.81500 1.923474
36 0.83190 1.932836
37 0.84780 1.939599
38 0.86300 1.944437
39 0.87550 1.956594
40 0.88650 1.967705
41 0.89720 1.976958
42 0.90780 1.977399
43 0.91730 1.981466
44 0.92520 1.983914
45 0.93160 1.987752
46 0.93740 1.991734
47 0.94380 1.993742
48 0.94960 1.995391
49 0.95330 1.995959
