0 0.00050 inf
1 0.00120 inf
2 0.00250 1.591065
3 0.00480 1.308209
4 0.00830 1.431364
5 0.01340 1.525970
6 0.01960 1.511883
7 0.02800 1.581413
8 0.03990 1.647274
9 0.05280 1.641550
10 0.06920 1.684060
11 0.09040 1.651773
12 0.11410 1.672867
13 0.13820 1.704199
14 0.16360 1.714592
15 0.19360 1.726444
16 0.22760 1.771261
17 0.26190 1.802573
18 0.29540 1.821434
19 0.33090 1.844360
20 0.37020 1.860510
21 0.40920 1.856620
22 0.44700 1.859543
23 0.48180 1.856108
24 0.52070 1.866401
25 0.55600 1.870679
26 0.59170 1.883553
27 0.62350 1.889058
28 0.65410 1.889973
29 0.68360 1.895742
30 0.71170 1.906625
31 0.73630 1.906957
32 0.75670 1.911722
33 0.77730 1.918098
34 0.79670 1.929686
35 0.81500 1.935149
36 0.83190 1.938336
37 0.84780 1.942903
38 0.86300 1.948946
39 0.87550 1.954560
40 0.88650 1.959912
41 0.89720 1.960553
42 0.90780 1.965606
43 0.91730 1.970228
44 0.92520 1.973793
45 0.93160 1.976604
46 0.93740 1.980245
47 0.94380 1.984300
48 0.94960 1.985407
49 0.95330 1.984025
