0 0.00180 0.000000
1 0.00690 0.212420
2 0.01850 0.231316
3 0.03790 0.531038
4 0.06360 0.807402
5 0.09460 0.933421
6 0.13220 1.140016
7 0.17090 1.290087
8 0.21150 1.405372
9 0.25240 1.469966
10 0.29600 1.580705
11 0.33540 1.636286
12 0.37860 1.702318
13 0.41730 1.763256
14 0.45640 1.808155
15 0.49220 1.838134
16 0.52950 1.870395
17 0.56520 1.899985
18 0.59770 1.919596
19 0.62930 1.934355
20 0.65810 1.954432
21 0.68500 1.963748
22 0.71130 1.967355
23 0.73440 1.974298
24 0.75650 1.977578
25 0.77440 1.983399
26 0.79120 1.983399
27 0.80610 1.986303
28 0.82080 1.989203
29 0.83550 1.993027
30 0.84720 1.995191
31 0.86010 1.997353
32 0.87210 1.997353
33 0.88190 1.997353
34 0.89170 1.998432
35 0.89840 1.998432
36 0.90690 1.999511
37 0.91320 1.998273
38 0.92040 1.999351
39 0.92540 1.999351
40 0.93050 1.999351
41 0.93610 2.000428
42 0.93990 2.000428
43 0.94290 2.000428
44 0.94780 2.000428
45 0.95200 2.000428
46 0.95540 2.000428
47 0.95930 2.000428
48 0.96190 2.000428
49 0.96480 2.001151
