0 0.00180 nan
1 0.00690 0.954243
2 0.01850 1.352183
3 0.03790 1.454845
4 0.06360 1.537247
5 0.09460 1.424566
6 0.13220 1.463548
7 0.17090 1.435852
8 0.21150 1.477397
9 0.25240 1.530551
10 0.29600 1.562132
11 0.33540 1.588272
12 0.37860 1.627291
13 0.41730 1.643731
14 0.45640 1.652889
15 0.49220 1.655412
16 0.52950 1.675433
17 0.56520 1.698741
18 0.59770 1.725220
19 0.62930 1.738457
20 0.65810 1.763428
21 0.68500 1.771842
22 0.71130 1.787205
23 0.73440 1.800295
24 0.75650 1.813874
25 0.77440 1.824349
26 0.79120 1.837153
27 0.80610 1.847278
28 0.82080 1.857472
29 0.83550 1.862511
30 0.84720 1.872686
31 0.86010 1.880814
32 0.87210 1.887472
33 0.88190 1.893773
34 0.89170 1.898922
35 0.89840 1.902186
36 0.90690 1.908406
37 0.91320 1.912053
38 0.92040 1.915789
39 0.92540 1.917800
40 0.93050 1.920425
41 0.93610 1.924553
42 0.93990 1.927197
43 0.94290 1.929800
44 0.94780 1.933560
45 0.95200 1.936514
46 0.95540 1.938941
47 0.95930 1.941882
48 0.96190 1.943661
49 0.96480 1.945599
