0 0.00270 0.308028
1 0.01120 0.391209
2 0.02610 0.533333
3 0.04630 0.644159
4 0.07470 0.855775
5 0.10860 1.018819
6 0.14440 1.198115
7 0.18320 1.339428
8 0.22600 1.455909
9 0.26540 1.564250
10 0.30530 1.632574
11 0.35010 1.716572
12 0.38920 1.773143
13 0.42800 1.814878
14 0.47110 1.841891
15 0.50820 1.884839
16 0.54340 1.904069
17 0.57960 1.928733
18 0.61170 1.943132
19 0.64290 1.960491
20 0.66970 1.967515
21 0.69770 1.980031
22 0.72380 1.986255
23 0.74450 1.993184
24 0.76460 1.997184
25 0.78430 2.002263
26 0.80140 2.005883
27 0.81600 2.005883
28 0.83150 2.009675
29 0.84300 2.009675
30 0.85520 2.008234
31 0.86720 2.006976
32 0.87720 2.008057
33 0.88630 2.010215
34 0.89540 2.011292
35 0.90460 2.012369
36 0.91120 2.012369
37 0.91840 2.012190
38 0.92600 2.012190
39 0.93060 2.012190
40 0.93560 2.010937
41 0.94020 2.010937
42 0.94390 2.010937
43 0.94830 2.010937
44 0.95200 2.010761
45 0.95510 2.011835
46 0.95880 2.011835
47 0.96250 2.012909
48 0.96490 2.012909
49 0.96710 2.012909
