0 0.00270 nan
1 0.01120 0.954243
2 0.02610 1.118690
3 0.04630 1.101458
4 0.07470 1.217883
5 0.10860 1.282396
6 0.14440 1.346728
7 0.18320 1.428526
8 0.22600 1.477629
9 0.26540 1.517929
10 0.30530 1.540322
11 0.35010 1.580528
12 0.38920 1.605248
13 0.42800 1.629284
14 0.47110 1.666579
15 0.50820 1.690602
16 0.54340 1.704793
17 0.57960 1.735512
18 0.61170 1.751974
19 0.64290 1.774644
20 0.66970 1.797474
21 0.69770 1.813577
22 0.72380 1.826075
23 0.74450 1.837675
24 0.76460 1.850099
25 0.78430 1.861812
26 0.80140 1.870793
27 0.81600 1.879554
28 0.83150 1.884501
29 0.84300 1.888564
30 0.85520 1.891936
31 0.86720 1.901502
32 0.87720 1.909537
33 0.88630 1.915775
34 0.89540 1.922535
35 0.90460 1.925370
36 0.91120 1.930250
37 0.91840 1.933756
38 0.92600 1.939494
39 0.93060 1.943144
40 0.93560 1.946813
41 0.94020 1.949921
42 0.94390 1.952823
43 0.94830 1.955974
44 0.95200 1.958509
45 0.95510 1.959355
46 0.95880 1.962152
47 0.96250 1.964633
48 0.96490 1.966379
49 0.96710 1.967976
