1 0.00010 0.000000
2 0.02010 1.294129
3 0.04010 1.439861
4 0.06010 1.491643
5 0.08010 1.470276
6 0.10010 1.454681
7 0.12010 1.494421
8 0.14010 1.475119
9 0.16010 1.570445
10 0.18010 1.521181
11 0.20010 1.439204
12 0.22010 1.505151
13 0.24010 1.486691
14 0.26010 1.567512
15 0.28010 1.505525
16 0.30010 1.494165
17 0.32010 1.507737
18 0.34010 1.502166
19 0.36010 1.526458
20 0.38010 1.483128
21 0.40010 1.504811
22 0.42010 1.535604
23 0.44010 1.487282
24 0.46010 1.476416
25 0.48010 1.534509
26 0.50010 1.494672
27 0.52010 1.500994
28 0.54010 1.494890
29 0.56010 1.491372
30 0.58010 1.450259
31 0.60010 1.511297
32 0.62010 1.526971
33 0.64010 1.480580
34 0.66010 1.484412
35 0.68010 1.491774
36 0.70010 1.509069
37 0.72010 1.466693
38 0.74010 1.488224
39 0.76010 1.481918
40 0.78010 1.516935
41 0.80010 1.496426
42 0.82010 1.506279
43 0.84010 1.478154
44 0.86010 1.483978
45 0.88010 1.490939
46 0.90010 1.507270
47 0.92010 1.478546
48 0.94010 1.466950
49 0.96010 1.482156
50 0.98010 1.498925
