1 0.00010 nan
2 0.02010 0.845098
3 0.04010 inf
4 0.06010 inf
5 0.08010 1.968483
6 0.10010 1.775246
7 0.12010 2.046300
8 0.14010 1.982271
9 0.16010 1.947556
10 0.18010 2.466373
11 0.20010 1.937209
12 0.22010 1.992175
13 0.24010 2.159731
14 0.26010 2.031633
15 0.28010 1.816525
16 0.30010 1.970148
17 0.32010 2.112270
18 0.34010 1.873773
19 0.36010 1.971466
20 0.38010 1.975912
21 0.40010 2.037608
22 0.42010 2.010636
23 0.44010 1.934498
24 0.46010 2.072932
25 0.48010 2.026691
26 0.50010 2.109966
27 0.52010 2.056677
28 0.54010 2.030437
29 0.56010 1.985325
30 0.58010 2.025674
31 0.60010 2.014240
32 0.62010 2.020195
33 0.64010 1.981972
34 0.66010 1.916805
35 0.68010 2.059404
36 0.70010 1.989360
37 0.72010 1.954272
38 0.74010 1.986156
39 0.76010 2.018494
40 0.78010 1.992659
41 0.80010 1.988007
42 0.82010 2.075617
43 0.84010 2.029647
44 0.86010 1.961551
45 0.88010 2.005574
46 0.90010 2.043173
47 0.92010 1.997914
48 0.94010 2.029653
49 0.96010 2.011487
50 0.98010 2.018088
