0 0.00250 0.064651
1 0.00930 0.220748
2 0.02370 0.381998
3 0.04490 0.667152
4 0.07380 0.945329
5 0.10750 1.070631
6 0.14290 1.202700
7 0.17980 1.331654
8 0.22110 1.463937
9 0.26670 1.559091
10 0.30710 1.620320
11 0.34720 1.677529
12 0.38690 1.745256
13 0.42680 1.793004
14 0.46780 1.849724
15 0.50760 1.887427
16 0.54090 1.919762
17 0.57450 1.938516
18 0.60800 1.947785
19 0.63820 1.955963
20 0.66610 1.966027
21 0.69100 1.972335
22 0.71660 1.981539
23 0.74130 1.989396
24 0.76180 1.991576
25 0.78090 1.993952
26 0.79740 1.996323
27 0.81450 1.995630
28 0.82800 1.994382
29 0.84060 1.996386
30 0.85340 1.996386
31 0.86510 1.996386
32 0.87590 1.998917
33 0.88670 1.998917
34 0.89620 1.998754
35 0.90430 2.000914
36 0.91160 2.001992
37 0.91850 2.000750
38 0.92490 2.000750
39 0.92990 2.000750
40 0.93520 2.000750
41 0.94120 2.000588
42 0.94650 2.000588
43 0.95000 2.001665
44 0.95330 2.001665
45 0.95620 2.000428
46 0.95960 2.000428
47 0.96350 2.000428
48 0.96600 2.000428
49 0.96850 2.001504
