0 0.00250 inf
1 0.00930 inf
2 0.02370 1.356981
3 0.04490 1.288175
4 0.07380 1.291623
5 0.10750 1.303681
6 0.14290 1.381580
7 0.17980 1.430405
8 0.22110 1.495306
9 0.26670 1.554047
10 0.30710 1.576390
11 0.34720 1.589818
12 0.38690 1.632580
13 0.42680 1.658152
14 0.46780 1.678242
15 0.50760 1.715101
16 0.54090 1.729227
17 0.57450 1.761658
18 0.60800 1.777265
19 0.63820 1.795962
20 0.66610 1.807204
21 0.69100 1.820530
22 0.71660 1.838675
23 0.74130 1.856289
24 0.76180 1.860548
25 0.78090 1.874358
26 0.79740 1.876836
27 0.81450 1.883458
28 0.82800 1.890148
29 0.84060 1.900955
30 0.85340 1.906805
31 0.86510 1.915661
32 0.87590 1.918606
33 0.88670 1.926231
34 0.89620 1.933044
35 0.90430 1.937102
36 0.91160 1.939480
37 0.91850 1.943828
38 0.92490 1.947934
39 0.92990 1.951697
40 0.93520 1.955264
41 0.94120 1.956513
42 0.94650 1.960556
43 0.95000 1.962818
44 0.95330 1.965226
45 0.95620 1.967248
46 0.95960 1.969965
47 0.96350 1.971755
48 0.96600 1.973435
49 0.96850 1.975261
