0 0.00070 0.000000
1 0.00210 1.562756
2 0.00510 1.315803
3 0.00900 1.605859
4 0.01550 1.483231
5 0.02320 1.343603
6 0.03390 1.425942
7 0.04580 1.424897
8 0.05950 1.525326
9 0.07510 1.542496
10 0.09560 1.563754
11 0.12090 1.529331
12 0.14750 1.554522
13 0.17680 1.598571
14 0.21220 1.608662
15 0.24900 1.599352
16 0.28850 1.642426
17 0.33030 1.676498
18 0.37480 1.708043
19 0.41740 1.740354
20 0.46480 1.738652
21 0.50780 1.783879
22 0.55150 1.777866
23 0.59250 1.827748
24 0.62790 1.802639
25 0.66440 1.843470
26 0.69760 1.863485
27 0.72900 1.845994
28 0.75980 1.839231
29 0.78450 1.872644
30 0.81030 1.887882
31 0.83430 1.896744
32 0.85470 1.927717
33 0.87110 1.906899
34 0.88800 1.901949
35 0.90100 1.902415
36 0.91400 1.907574
37 0.92630 1.914563
38 0.93720 1.910683
39 0.94450 1.910810
40 0.95280 1.928304
41 0.95940 1.937829
42 0.96460 1.940379
43 0.96910 1.948552
44 0.97280 1.949028
45 0.97650 1.949503
46 0.97920 1.949358
47 0.98180 1.948736
48 0.98480 1.952065
49 0.98710 1.954766
