0 0.00070 inf
1 0.00210 inf
2 0.00510 1.690196
3 0.00900 1.934498
4 0.01550 1.397940
5 0.02320 1.624724
6 0.03390 1.689309
7 0.04580 1.764578
8 0.05950 1.816656
9 0.07510 1.811392
10 0.09560 1.815898
11 0.12090 1.853462
12 0.14750 1.834137
13 0.17680 1.890055
14 0.21220 1.897369
15 0.24900 1.883416
16 0.28850 1.875829
17 0.33030 1.873498
18 0.37480 1.874759
19 0.41740 1.890512
20 0.46480 1.883793
21 0.50780 1.886727
22 0.55150 1.902404
23 0.59250 1.897412
24 0.62790 1.908198
25 0.66440 1.908874
26 0.69760 1.915722
27 0.72900 1.923294
28 0.75980 1.924772
29 0.78450 1.932315
30 0.81030 1.941651
31 0.83430 1.947487
32 0.85470 1.953164
33 0.87110 1.958859
34 0.88800 1.966298
35 0.90100 1.966995
36 0.91400 1.963385
37 0.92630 1.965142
38 0.93720 1.972891
39 0.94450 1.976123
40 0.95280 1.978673
41 0.95940 1.975793
42 0.96460 1.977128
43 0.96910 1.978564
44 0.97280 1.981427
45 0.97650 1.984411
46 0.97920 1.984307
47 0.98180 1.985042
48 0.98480 1.985154
49 0.98710 1.986760
