1 0.00010 0.000000
2 0.02010 1.419043
3 0.04010 1.498974
4 0.06010 1.506020
5 0.08010 1.518504
6 0.10010 1.426274
7 0.12010 1.459382
8 0.14010 1.409460
9 0.16010 1.479704
10 0.18010 1.426918
11 0.20010 1.468953
12 0.22010 1.487096
13 0.24010 1.493568
14 0.26010 1.456601
15 0.28010 1.472976
16 0.30010 1.507819
17 0.32010 1.500635
18 0.34010 1.502899
19 0.36010 1.469313
20 0.38010 1.472467
21 0.40010 1.476821
22 0.42010 1.474112
23 0.44010 1.501268
24 0.46010 1.484741
25 0.48010 1.480866
26 0.50010 1.485356
27 0.52010 1.483030
28 0.54010 1.518726
29 0.56010 1.494868
30 0.58010 1.453884
31 0.60010 1.505726
32 0.62010 1.512163
33 0.64010 1.517686
34 0.66010 1.454913
35 0.68010 1.526928
36 0.70010 1.489351
37 0.72010 1.498825
38 0.74010 1.488180
39 0.76010 1.513523
40 0.78010 1.494973
41 0.80010 1.501110
42 0.82010 1.518593
43 0.84010 1.475242
44 0.86010 1.502839
45 0.88010 1.505904
46 0.90010 1.503022
47 0.92010 1.517189
48 0.94010 1.488882
49 0.96010 1.490151
50 0.98010 1.482034
