1 0.00010 nan
2 0.02010 inf
3 0.04010 inf
4 0.06010 1.991226
5 0.08010 inf
6 0.10010 1.966924
7 0.12010 1.970812
8 0.14010 2.007748
9 0.16010 1.945715
10 0.18010 1.989746
11 0.20010 2.003930
12 0.22010 2.091187
13 0.24010 2.023938
14 0.26010 2.070147
15 0.28010 1.949187
16 0.30010 1.974370
17 0.32010 2.125333
18 0.34010 1.953967
19 0.36010 2.050743
20 0.38010 1.952494
21 0.40010 1.990754
22 0.42010 2.007833
23 0.44010 2.015376
24 0.46010 2.005432
25 0.48010 2.092893
26 0.50010 2.001947
27 0.52010 1.931358
28 0.54010 1.932653
29 0.56010 1.995099
30 0.58010 2.021098
31 0.60010 2.020293
32 0.62010 1.984488
33 0.64010 2.010938
34 0.66010 1.986878
35 0.68010 2.086461
36 0.70010 2.037235
37 0.72010 1.982939
38 0.74010 1.978754
39 0.76010 1.937995
40 0.78010 2.037632
41 0.80010 2.054301
42 0.82010 2.057184
43 0.84010 1.979579
44 0.86010 2.032185
45 0.88010 2.011143
46 0.90010 1.999269
47 0.92010 1.988723
48 0.94010 1.919569
49 0.96010 2.018750
50 0.98010 2.014721
