0 0.04420 1.901814
1 0.08880 1.783833
2 0.13250 1.937547
3 0.17510 1.804306
4 0.21160 1.871336
5 0.24860 1.872238
6 0.28370 1.896118
7 0.31490 1.967114
8 0.34430 1.942928
9 0.37020 1.876874
10 0.39760 1.970673
11 0.42590 1.882658
12 0.45300 1.975601
13 0.47700 1.881626
14 0.49990 1.965530
15 0.52170 1.967823
16 0.54400 1.913507
17 0.56420 1.951613
18 0.58270 1.928420
19 0.60300 1.934106
20 0.62260 1.929873
21 0.64140 1.975412
22 0.65660 1.918521
23 0.67170 1.907878
24 0.68800 1.951043
25 0.70050 1.973569
26 0.71480 1.954653
27 0.72670 1.905165
28 0.73710 1.906023
29 0.75070 1.936652
30 0.76140 1.972543
31 0.77110 1.980341
32 0.78150 1.965914
33 0.79080 1.914352
34 0.79880 1.920108
35 0.80850 1.920191
36 0.81670 1.920771
37 0.82560 1.925803
38 0.83500 1.977748
39 0.84310 1.965326
40 0.84900 1.964230
41 0.85670 1.959779
42 0.86270 1.916138
43 0.86910 1.910391
44 0.87430 1.921468
45 0.87990 1.933012
46 0.88600 1.941226
47 0.89070 1.940526
48 0.89460 1.940889
49 0.89840 1.949999
