0 0.04420 inf
1 0.08880 2.001445
2 0.13250 2.059437
3 0.17510 1.957202
4 0.21160 2.008851
5 0.24860 2.033607
6 0.28370 2.018145
7 0.31490 1.992927
8 0.34430 2.007463
9 0.37020 1.994170
10 0.39760 2.009309
11 0.42590 2.034428
12 0.45300 2.034084
13 0.47700 2.009836
14 0.49990 2.017975
15 0.52170 2.035698
16 0.54400 2.020772
17 0.56420 2.036261
18 0.58270 2.061327
19 0.60300 2.068835
20 0.62260 2.082641
21 0.64140 2.078310
22 0.65660 2.073315
23 0.67170 2.078238
24 0.68800 2.074598
25 0.70050 2.068667
26 0.71480 2.078676
27 0.72670 2.069719
28 0.73710 2.072233
29 0.75070 2.062373
30 0.76140 2.060872
31 0.77110 2.052532
32 0.78150 2.042903
33 0.79080 2.041213
34 0.79880 2.043759
35 0.80850 2.041376
36 0.81670 2.044028
37 0.82560 2.043709
38 0.83500 2.048912
39 0.84310 2.044992
40 0.84900 2.042888
41 0.85670 2.042264
42 0.86270 2.046620
43 0.86910 2.047542
44 0.87430 2.049849
45 0.87990 2.055459
46 0.88600 2.056962
47 0.89070 2.056792
48 0.89460 2.057213
49 0.89840 2.059062
