0 0.00070 0.800000
1 0.00150 1.328771
2 0.00260 1.620987
3 0.00520 1.284917
4 0.00950 1.335881
5 0.01500 1.284022
6 0.02280 1.460659
7 0.03130 1.384553
8 0.04270 1.483906
9 0.05760 1.468247
10 0.07510 1.489182
11 0.09660 1.516186
12 0.11950 1.510131
13 0.14960 1.569426
14 0.18450 1.586479
15 0.22190 1.620173
16 0.26370 1.647715
17 0.30630 1.700701
18 0.35370 1.716194
19 0.40150 1.731823
20 0.45010 1.775963
21 0.49840 1.781933
22 0.54430 1.819996
23 0.58830 1.801165
24 0.62890 1.843158
25 0.66690 1.820648
26 0.70190 1.829633
27 0.73610 1.882538
28 0.77040 1.871527
29 0.79760 1.864524
30 0.82420 1.905909
31 0.84770 1.911041
32 0.86740 1.922519
33 0.88520 1.940801
34 0.90120 1.907826
35 0.91430 1.910118
36 0.92390 1.912221
37 0.93330 1.912182
38 0.94160 1.913636
39 0.94990 1.929429
40 0.95620 1.939085
41 0.96140 1.946008
42 0.96590 1.942991
43 0.97040 1.948461
44 0.97420 1.957521
45 0.97790 1.962429
46 0.98120 1.964171
47 0.98360 1.964471
48 0.98690 1.962587
49 0.98850 1.962587
