0 0.00070 inf
1 0.00150 inf
2 0.00260 inf
3 0.00520 1.643453
4 0.00950 1.755875
5 0.01500 1.828230
6 0.02280 1.820858
7 0.03130 1.876025
8 0.04270 1.871184
9 0.05760 1.951602
10 0.07510 1.842609
11 0.09660 1.868102
12 0.11950 1.866377
13 0.14960 1.834137
14 0.18450 1.847232
15 0.22190 1.870266
16 0.26370 1.828844
17 0.30630 1.857571
18 0.35370 1.880963
19 0.40150 1.899989
20 0.45010 1.902838
21 0.49840 1.910487
22 0.54430 1.924114
23 0.58830 1.933537
24 0.62890 1.945113
25 0.66690 1.955091
26 0.70190 1.965346
27 0.73610 1.953003
28 0.77040 1.944043
29 0.79760 1.949599
30 0.82420 1.944958
31 0.84770 1.951537
32 0.86740 1.960926
33 0.88520 1.962993
34 0.90120 1.966215
35 0.91430 1.969902
36 0.92390 1.971291
37 0.93330 1.976193
38 0.94160 1.980406
39 0.94990 1.979497
40 0.95620 1.979756
41 0.96140 1.979185
42 0.96590 1.981596
43 0.97040 1.979492
44 0.97420 1.982353
45 0.97790 1.981679
46 0.98120 1.984273
47 0.98360 1.985852
48 0.98690 1.987035
49 0.98850 1.988098
