0 0.00010 0.000000
1 0.00020 0.000000
2 0.00050 0.000000
3 0.00150 0.349262
4 0.00280 0.769265
5 0.00410 0.694282
6 0.00650 0.642927
7 0.00970 0.623515
8 0.01520 0.711007
9 0.02080 0.980996
10 0.02860 0.855344
11 0.03910 0.932302
12 0.04950 1.053562
13 0.06560 1.060856
14 0.08370 1.019181
15 0.10650 1.160534
16 0.12980 1.171989
17 0.15650 1.248538
18 0.18370 1.286740
19 0.21580 1.314797
20 0.24710 1.395424
21 0.27990 1.420472
22 0.31360 1.459740
23 0.34900 1.497083
24 0.38360 1.584345
25 0.42140 1.619097
26 0.45800 1.627464
27 0.49700 1.687154
28 0.53300 1.725191
29 0.56520 1.743790
30 0.59820 1.776435
31 0.62970 1.806223
32 0.65900 1.822594
33 0.68750 1.839704
34 0.71270 1.857511
35 0.73540 1.878141
36 0.75860 1.894760
37 0.77920 1.915488
38 0.79980 1.921599
39 0.81960 1.929858
40 0.83530 1.938411
41 0.85240 1.945518
42 0.86560 1.961847
43 0.88130 1.969875
44 0.89510 1.979256
45 0.90520 1.978374
46 0.91480 1.979489
47 0.92360 1.982250
48 0.92990 1.982097
49 0.93700 1.986453
