0 0.00010 nan
1 0.00020 inf
2 0.00050 inf
3 0.00150 0.977724
4 0.00280 1.243038
5 0.00410 1.161368
6 0.00650 1.372912
7 0.00970 1.431364
8 0.01520 1.506843
9 0.02080 1.500602
10 0.02860 1.566634
11 0.03910 1.570861
12 0.04950 1.519746
13 0.06560 1.557163
14 0.08370 1.572312
15 0.10650 1.632163
16 0.12980 1.655943
17 0.15650 1.675778
18 0.18370 1.696457
19 0.21580 1.706745
20 0.24710 1.699147
21 0.27990 1.728941
22 0.31360 1.739604
23 0.34900 1.753472
24 0.38360 1.777938
25 0.42140 1.790589
26 0.45800 1.801219
27 0.49700 1.823996
28 0.53300 1.846175
29 0.56520 1.855273
30 0.59820 1.858475
31 0.62970 1.873016
32 0.65900 1.881201
33 0.68750 1.888454
34 0.71270 1.896607
35 0.73540 1.900011
36 0.75860 1.903355
37 0.77920 1.907807
38 0.79980 1.908807
39 0.81960 1.910958
40 0.83530 1.915659
41 0.85240 1.923844
42 0.86560 1.928925
43 0.88130 1.934904
44 0.89510 1.942008
45 0.90520 1.946200
46 0.91480 1.951786
47 0.92360 1.956065
48 0.92990 1.958554
49 0.93700 1.959307
