0 0.04660 1.640501
1 0.08720 1.823844
2 0.12830 1.965112
3 0.16430 1.971728
4 0.20170 1.831962
5 0.23910 1.869948
6 0.27290 1.872332
7 0.30710 1.955536
8 0.33970 1.926865
9 0.37040 1.890448
10 0.40090 1.955122
11 0.42720 1.893777
12 0.45480 1.981882
13 0.47960 1.887749
14 0.50390 1.940121
15 0.52330 1.889573
16 0.54540 1.918238
17 0.56610 1.951239
18 0.58390 1.916136
19 0.60240 1.914906
20 0.62060 1.938045
21 0.63870 1.978441
22 0.65590 1.895893
23 0.67120 1.907420
24 0.68540 1.954039
25 0.69940 1.969153
26 0.71170 1.986944
27 0.72450 1.889480
28 0.73830 1.908829
29 0.74990 1.954399
30 0.75960 1.975781
31 0.77130 1.948086
32 0.78210 1.914269
33 0.79240 1.914783
34 0.80230 1.919327
35 0.81370 1.941366
36 0.82280 1.975652
37 0.83210 1.957267
38 0.83990 1.959565
39 0.84700 1.960885
40 0.85290 1.915045
41 0.85950 1.906743
42 0.86560 1.916197
43 0.87120 1.926616
44 0.87680 1.935608
45 0.88240 1.940673
46 0.88750 1.953029
47 0.89250 1.951740
48 0.89670 1.942964
49 0.90180 1.942429
