0 0.04660 1.662758
1 0.08720 1.883661
2 0.12830 2.013539
3 0.16430 2.051795
4 0.20170 2.032849
5 0.23910 2.006772
6 0.27290 2.031564
7 0.30710 1.993436
8 0.33970 1.987567
9 0.37040 1.956483
10 0.40090 1.967207
11 0.42720 1.965028
12 0.45480 1.938868
13 0.47960 1.928786
14 0.50390 1.915945
15 0.52330 1.925345
16 0.54540 1.933593
17 0.56610 1.942729
18 0.58390 1.950782
19 0.60240 1.954429
20 0.62060 1.948308
21 0.63870 1.958489
22 0.65590 1.962325
23 0.67120 1.968608
24 0.68540 1.965518
25 0.69940 1.975697
26 0.71170 1.981669
27 0.72450 1.987310
28 0.73830 1.988435
29 0.74990 1.984105
30 0.75960 1.979017
31 0.77130 1.975356
32 0.78210 1.970775
33 0.79240 1.978515
34 0.80230 1.977689
35 0.81370 1.982800
36 0.82280 1.980371
37 0.83210 1.983384
38 0.83990 1.985603
39 0.84700 1.979287
40 0.85290 1.980844
41 0.85950 1.977280
42 0.86560 1.975643
43 0.87120 1.976516
44 0.87680 1.979716
45 0.88240 1.978625
46 0.88750 1.978126
47 0.89250 1.978577
48 0.89670 1.978781
49 0.90180 1.976569
