0 0.00050 0.000000
1 0.00160 1.200000
2 0.00300 1.139199
3 0.00430 1.204789
4 0.00680 1.258071
5 0.01050 1.145365
6 0.01540 1.471045
7 0.02110 1.351470
8 0.03000 1.541957
9 0.04120 1.590276
10 0.05380 1.609001
11 0.06710 1.505068
12 0.08470 1.528360
13 0.10230 1.551708
14 0.12560 1.542834
15 0.15220 1.581924
16 0.17970 1.555128
17 0.21390 1.569138
18 0.24970 1.624143
19 0.29240 1.648870
20 0.33710 1.709299
21 0.38630 1.669501
22 0.43380 1.709996
23 0.48070 1.731149
24 0.52690 1.774105
25 0.57310 1.793053
26 0.61700 1.837048
27 0.65470 1.856712
28 0.69360 1.853449
29 0.73050 1.879957
30 0.76410 1.868752
31 0.79470 1.886863
32 0.82150 1.893302
33 0.84450 1.935601
34 0.86450 1.910050
35 0.88090 1.900053
36 0.89580 1.909143
37 0.90790 1.916150
38 0.91950 1.926974
39 0.93090 1.942991
40 0.94020 1.947784
41 0.94720 1.952539
42 0.95440 1.952904
43 0.96120 1.957969
44 0.96520 1.948389
45 0.96980 1.942344
46 0.97320 1.932435
47 0.97670 1.933606
48 0.98080 1.937130
49 0.98310 1.935788
