0 0.00050 nan
1 0.00160 1.146128
2 0.00300 1.633468
3 0.00430 1.832509
4 0.00680 2.041393
5 0.01050 1.944483
6 0.01540 1.924279
7 0.02110 1.944483
8 0.03000 2.019532
9 0.04120 1.917914
10 0.05380 1.975223
11 0.06710 1.955207
12 0.08470 1.999034
13 0.10230 1.934110
14 0.12560 1.988774
15 0.15220 1.961546
16 0.17970 1.988849
17 0.21390 2.022308
18 0.24970 2.041685
19 0.29240 2.036883
20 0.33710 2.015401
21 0.38630 2.008600
22 0.43380 1.981223
23 0.48070 1.989285
24 0.52690 1.979666
25 0.57310 1.982456
26 0.61700 1.977338
27 0.65470 1.967863
28 0.69360 1.969013
29 0.73050 1.968464
30 0.76410 1.953800
31 0.79470 1.955776
32 0.82150 1.951192
33 0.84450 1.956603
34 0.86450 1.965329
35 0.88090 1.966839
36 0.89580 1.967977
37 0.90790 1.969004
38 0.91950 1.975883
39 0.93090 1.978622
40 0.94020 1.982587
41 0.94720 1.984745
42 0.95440 1.985740
43 0.96120 1.986140
44 0.96520 1.984010
45 0.96980 1.981698
46 0.97320 1.984438
47 0.97670 1.985840
48 0.98080 1.988121
49 0.98310 1.988666
