0 0.04540 1.772795
1 0.09030 1.796922
2 0.13090 1.934977
3 0.17010 1.846915
4 0.20720 1.845696
5 0.24420 1.889710
6 0.28030 1.858244
7 0.31550 1.969132
8 0.34700 1.934510
9 0.37520 1.875198
10 0.40270 1.979628
11 0.42720 1.891842
12 0.45190 1.991241
13 0.47640 1.906697
14 0.50200 1.936475
15 0.52550 1.897946
16 0.55080 1.955427
17 0.57060 1.914300
18 0.59010 1.890895
19 0.60790 1.955416
20 0.62770 1.977886
21 0.64270 1.905177
22 0.66060 1.907875
23 0.67460 1.949826
24 0.68850 1.969875
25 0.70230 1.919509
26 0.71540 1.894633
27 0.72940 1.895239
28 0.74130 1.934307
29 0.75270 1.971179
30 0.76370 1.981133
31 0.77530 1.966214
32 0.78450 1.916717
33 0.79320 1.906506
34 0.80270 1.916704
35 0.81070 1.923844
36 0.82000 1.922509
37 0.82910 1.945512
38 0.83680 1.979461
39 0.84340 1.963814
40 0.85200 1.960504
41 0.85930 1.961668
42 0.86570 1.916692
43 0.87220 1.906247
44 0.87980 1.926378
45 0.88490 1.932550
46 0.89030 1.941677
47 0.89470 1.935688
48 0.89960 1.945612
49 0.90400 1.948603
