0 0.04540 1.518514
1 0.09030 1.834103
2 0.13090 1.830375
3 0.17010 1.956248
4 0.20720 1.974755
5 0.24420 1.993340
6 0.28030 1.958607
7 0.31550 1.951592
8 0.34700 1.952251
9 0.37520 1.988235
10 0.40270 1.985160
11 0.42720 2.003011
12 0.45190 1.984722
13 0.47640 1.965642
14 0.50200 1.981015
15 0.52550 1.963377
16 0.55080 1.975264
17 0.57060 1.966298
18 0.59010 1.992268
19 0.60790 2.003192
20 0.62770 2.004293
21 0.64270 2.007589
22 0.66060 2.008496
23 0.67460 1.998210
24 0.68850 2.006335
25 0.70230 1.993735
26 0.71540 1.996830
27 0.72940 2.009769
28 0.74130 2.012076
29 0.75270 2.008360
30 0.76370 2.010257
31 0.77530 2.017638
32 0.78450 2.020601
33 0.79320 2.019988
34 0.80270 2.015318
35 0.81070 2.013319
36 0.82000 2.014336
37 0.82910 2.015606
38 0.83680 2.017162
39 0.84340 2.014108
40 0.85200 2.010281
41 0.85930 2.010571
42 0.86570 2.014310
43 0.87220 2.013739
44 0.87980 2.013665
45 0.88490 2.013657
46 0.89030 2.014245
47 0.89470 2.017019
48 0.89960 2.013032
49 0.90400 2.012851
