0 0.04640 1.654672
1 0.09100 1.846656
2 0.13360 1.961310
3 0.17260 1.838718
4 0.20720 1.828143
5 0.24660 1.873548
6 0.27770 1.952612
7 0.31060 1.963941
8 0.34520 1.909392
9 0.37480 1.934543
10 0.40550 1.957093
11 0.43200 1.885302
12 0.45780 1.941395
13 0.48370 1.885648
14 0.50700 1.934217
15 0.52780 1.952102
16 0.54880 1.908104
17 0.57060 1.942818
18 0.59090 1.958905
19 0.60710 1.917782
20 0.62590 1.904895
21 0.64270 1.951250
22 0.66030 1.933528
23 0.67400 1.903952
24 0.68720 1.921737
25 0.70340 1.950571
26 0.71860 1.974081
27 0.73150 1.905943
28 0.74260 1.901117
29 0.75310 1.910654
30 0.76470 1.961905
31 0.77390 1.981373
32 0.78510 1.962412
33 0.79380 1.932682
34 0.80330 1.916485
35 0.81280 1.927906
36 0.82090 1.923755
37 0.82930 1.941357
38 0.83840 1.971584
39 0.84500 1.971207
40 0.85370 1.960460
41 0.86000 1.959904
42 0.86620 1.958742
43 0.87260 1.913243
44 0.87840 1.908383
45 0.88650 1.924627
46 0.89200 1.923300
47 0.89710 1.938099
48 0.90190 1.939221
49 0.90600 1.939221
