0 0.04640 1.929419
1 0.09100 2.069421
2 0.13360 2.143639
3 0.17260 1.984152
4 0.20720 1.897103
5 0.24660 1.970533
6 0.27770 1.985035
7 0.31060 1.965672
8 0.34520 2.006514
9 0.37480 1.987016
10 0.40550 1.957448
11 0.43200 1.968422
12 0.45780 1.972644
13 0.48370 1.965662
14 0.50700 1.947250
15 0.52780 1.951904
16 0.54880 1.955401
17 0.57060 1.943625
18 0.59090 1.951184
19 0.60710 1.963455
20 0.62590 1.968540
21 0.64270 1.970704
22 0.66030 1.972387
23 0.67400 1.964206
24 0.68720 1.972939
25 0.70340 1.963856
26 0.71860 1.974038
27 0.73150 1.971627
28 0.74260 1.974814
29 0.75310 1.970615
30 0.76470 1.966554
31 0.77390 1.967623
32 0.78510 1.970748
33 0.79380 1.973734
34 0.80330 1.974242
35 0.81280 1.969810
36 0.82090 1.970753
37 0.82930 1.968989
38 0.83840 1.970995
39 0.84500 1.972250
40 0.85370 1.975301
41 0.86000 1.978376
42 0.86620 1.980676
43 0.87260 1.985360
44 0.87840 1.986873
45 0.88650 1.990756
46 0.89200 1.993429
47 0.89710 1.997983
48 0.90190 2.001505
49 0.90600 2.003789
