0 0.00040 0.000000
1 0.00070 0.800000
2 0.00130 0.701955
3 0.00260 1.377914
4 0.00530 1.318373
5 0.00910 1.458397
6 0.01450 1.550857
7 0.02020 1.494209
8 0.02860 1.550510
9 0.04040 1.448595
10 0.05510 1.442456
11 0.07270 1.510015
12 0.09360 1.487839
13 0.11920 1.613738
14 0.14770 1.594114
15 0.17740 1.618569
16 0.21340 1.629588
17 0.24970 1.670058
18 0.29020 1.661419
19 0.33310 1.688104
20 0.37380 1.740753
21 0.41400 1.696871
22 0.45650 1.757313
23 0.50340 1.773390
24 0.54590 1.767654
25 0.58560 1.750428
26 0.63080 1.844754
27 0.67200 1.827598
28 0.71040 1.854823
29 0.74550 1.880267
30 0.77790 1.867285
31 0.80860 1.894588
32 0.83530 1.909011
33 0.85610 1.932175
34 0.87460 1.926284
35 0.89290 1.904555
36 0.90820 1.911280
37 0.91990 1.904606
38 0.93140 1.921581
39 0.94200 1.932701
40 0.95080 1.941706
41 0.95720 1.944426
42 0.96230 1.947637
43 0.96830 1.952724
44 0.97400 1.953835
45 0.97880 1.950711
46 0.98160 1.950711
47 0.98480 1.954693
48 0.98710 1.955022
49 0.98940 1.954693
