0 0.00040 inf
1 0.00070 inf
2 0.00130 inf
3 0.00260 inf
4 0.00530 1.724276
5 0.00910 1.698970
6 0.01450 1.782950
7 0.02020 1.910269
8 0.02860 1.962606
9 0.04040 1.861833
10 0.05510 1.988262
11 0.07270 2.090258
12 0.09360 1.969778
13 0.11920 1.926762
14 0.14770 1.992653
15 0.17740 1.974927
16 0.21340 1.972149
17 0.24970 1.965408
18 0.29020 1.999879
19 0.33310 2.006721
20 0.37380 1.984527
21 0.41400 1.948964
22 0.45650 1.933918
23 0.50340 1.954122
24 0.54590 1.952220
25 0.58560 1.969730
26 0.63080 1.986478
27 0.67200 1.992054
28 0.71040 1.992873
29 0.74550 1.987449
30 0.77790 1.996388
31 0.80860 2.001551
32 0.83530 2.000120
33 0.85610 2.009887
34 0.87460 2.007500
35 0.89290 2.004389
36 0.90820 2.002698
37 0.91990 2.008010
38 0.93140 2.008890
39 0.94200 2.008378
40 0.95080 2.010402
41 0.95720 2.011433
42 0.96230 2.012885
43 0.96830 2.014158
44 0.97400 2.013164
45 0.97880 2.014055
46 0.98160 2.016170
47 0.98480 2.017423
48 0.98710 2.016679
49 0.98940 2.016011
