0 0.00030 0.000000
1 0.00080 0.000000
2 0.00140 0.492591
3 0.00280 0.469248
4 0.00500 0.447625
5 0.00830 0.303694
6 0.01250 0.575599
7 0.01920 0.621964
8 0.02800 0.819573
9 0.03750 0.898347
10 0.04870 0.945436
11 0.06370 1.045533
12 0.08150 1.114948
13 0.09900 1.122056
14 0.12020 1.192589
15 0.14170 1.220049
16 0.16890 1.327914
17 0.19720 1.382159
18 0.22970 1.414333
19 0.26190 1.518316
20 0.29270 1.492681
21 0.32600 1.549874
22 0.35840 1.599372
23 0.39160 1.618626
24 0.42860 1.667785
25 0.46250 1.686952
26 0.49450 1.695338
27 0.52420 1.732947
28 0.55690 1.777966
29 0.58920 1.786039
30 0.61830 1.808382
31 0.64350 1.823490
32 0.66790 1.846715
33 0.69200 1.866024
34 0.71420 1.872904
35 0.73590 1.881962
36 0.75750 1.892155
37 0.77590 1.899687
38 0.79340 1.913026
39 0.80740 1.913232
40 0.82460 1.920582
41 0.83970 1.921806
42 0.85200 1.931530
43 0.86430 1.930548
44 0.87630 1.932182
45 0.88760 1.935270
46 0.89630 1.945987
47 0.90640 1.951021
48 0.91510 1.962746
49 0.92240 1.966629
