0 0.00030 inf
1 0.00080 inf
2 0.00140 inf
3 0.00280 inf
4 0.00500 inf
5 0.00830 2.075547
6 0.01250 1.678973
7 0.01920 1.670776
8 0.02800 1.822005
9 0.03750 1.715446
10 0.04870 1.753865
11 0.06370 1.780349
12 0.08150 1.789581
13 0.09900 1.826445
14 0.12020 1.843403
15 0.14170 1.767967
16 0.16890 1.802727
17 0.19720 1.825838
18 0.22970 1.813905
19 0.26190 1.816013
20 0.29270 1.820547
21 0.32600 1.837580
22 0.35840 1.856476
23 0.39160 1.893074
24 0.42860 1.905513
25 0.46250 1.894597
26 0.49450 1.892147
27 0.52420 1.898243
28 0.55690 1.907955
29 0.58920 1.912375
30 0.61830 1.925817
31 0.64350 1.940366
32 0.66790 1.950512
33 0.69200 1.960541
34 0.71420 1.961438
35 0.73590 1.961348
36 0.75750 1.965018
37 0.77590 1.964185
38 0.79340 1.968201
39 0.80740 1.972924
40 0.82460 1.978305
41 0.83970 1.975994
42 0.85200 1.973250
43 0.86430 1.978825
44 0.87630 1.982959
45 0.88760 1.985771
46 0.89630 1.987145
47 0.90640 1.991645
48 0.91510 1.995485
49 0.92240 1.998451
