0 0.04420 1.662307
1 0.08350 1.825555
2 0.12500 1.916631
3 0.16250 1.986393
4 0.20010 1.801312
5 0.23870 1.865254
6 0.27250 1.899932
7 0.30320 1.948818
8 0.33370 1.876932
9 0.36220 1.905495
10 0.39090 1.971116
11 0.42030 1.888193
12 0.44390 1.982876
13 0.47280 1.884636
14 0.49620 1.958848
15 0.51910 1.903512
16 0.54060 1.908856
17 0.55970 1.938069
18 0.57870 1.940166
19 0.59670 1.929970
20 0.61590 1.905678
21 0.63220 1.972157
22 0.64800 1.979675
23 0.66380 1.896871
24 0.68000 1.922523
25 0.69500 1.963324
26 0.70940 1.990571
27 0.72130 1.898752
28 0.73500 1.906172
29 0.74590 1.949687
30 0.75850 1.979124
31 0.76850 1.964345
32 0.77860 1.901897
33 0.78890 1.909845
34 0.80060 1.922911
35 0.80940 1.921795
36 0.81700 1.943356
37 0.82770 1.967605
38 0.83610 1.959216
39 0.84460 1.954457
40 0.85050 1.916520
41 0.85760 1.906251
42 0.86480 1.921326
43 0.87220 1.931620
44 0.87780 1.934768
45 0.88370 1.937626
46 0.88850 1.940673
47 0.89300 1.946367
48 0.89910 1.946382
49 0.90440 1.947654
