0 0.04420 1.579784
1 0.08350 1.857332
2 0.12500 1.954931
3 0.16250 1.900577
4 0.20010 1.962119
5 0.23870 1.914794
6 0.27250 1.875975
7 0.30320 1.879230
8 0.33370 1.909596
9 0.36220 1.927370
10 0.39090 1.936573
11 0.42030 1.926444
12 0.44390 1.940551
13 0.47280 1.939721
14 0.49620 1.951731
15 0.51910 1.943184
16 0.54060 1.956687
17 0.55970 1.955872
18 0.57870 1.957223
19 0.59670 1.964136
20 0.61590 1.976743
21 0.63220 1.985729
22 0.64800 1.993356
23 0.66380 1.981811
24 0.68000 1.971837
25 0.69500 1.970193
26 0.70940 1.969044
27 0.72130 1.971657
28 0.73500 1.966277
29 0.74590 1.960056
30 0.75850 1.964551
31 0.76850 1.962988
32 0.77860 1.962490
33 0.78890 1.965654
34 0.80060 1.972583
35 0.80940 1.971448
36 0.81700 1.971461
37 0.82770 1.976164
38 0.83610 1.972677
39 0.84460 1.978893
40 0.85050 1.982054
41 0.85760 1.985216
42 0.86480 1.983837
43 0.87220 1.986254
44 0.87780 1.990774
45 0.88370 1.994973
46 0.88850 1.999729
47 0.89300 2.000014
48 0.89910 1.996025
49 0.90440 1.995456
