0 0.00130 0.055619
1 0.00640 0.215995
2 0.01710 0.371321
3 0.03480 0.620791
4 0.05760 0.857360
5 0.08710 0.966316
6 0.12160 1.056509
7 0.16220 1.236378
8 0.20560 1.394960
9 0.24920 1.520450
10 0.29530 1.624852
11 0.33960 1.721936
12 0.38330 1.786848
13 0.42260 1.823120
14 0.46170 1.862292
15 0.49750 1.894553
16 0.53630 1.916719
17 0.57520 1.933264
18 0.61050 1.942210
19 0.64210 1.956516
20 0.67270 1.970350
21 0.69940 1.979701
22 0.72300 1.979913
23 0.74350 1.983762
24 0.76670 1.988112
25 0.78690 1.988112
26 0.80350 1.993530
27 0.81910 1.993017
28 0.83380 1.994666
29 0.84720 1.996470
30 0.85940 2.000074
31 0.87040 2.000074
32 0.87970 2.000074
33 0.88970 2.002227
34 0.89880 2.002227
35 0.90660 2.002227
36 0.91370 2.002227
37 0.92270 2.002227
38 0.92730 2.002227
39 0.93300 2.002227
40 0.93710 2.000992
41 0.94170 2.002067
42 0.94540 2.002067
43 0.94920 2.001909
44 0.95320 2.002982
45 0.95720 2.002982
46 0.96120 2.002982
47 0.96270 2.002982
48 0.96470 2.002982
49 0.96730 2.002982
