0 0.00130 nan
1 0.00640 1.000000
2 0.01710 1.633468
3 0.03480 1.292810
4 0.05760 1.233919
5 0.08710 1.246955
6 0.12160 1.391207
7 0.16220 1.416071
8 0.20560 1.483764
9 0.24920 1.516614
10 0.29530 1.544743
11 0.33960 1.588628
12 0.38330 1.627332
13 0.42260 1.631821
14 0.46170 1.654229
15 0.49750 1.675048
16 0.53630 1.698654
17 0.57520 1.729413
18 0.61050 1.751934
19 0.64210 1.766112
20 0.67270 1.782698
21 0.69940 1.804445
22 0.72300 1.817638
23 0.74350 1.826403
24 0.76670 1.842123
25 0.78690 1.852744
26 0.80350 1.860825
27 0.81910 1.867596
28 0.83380 1.875783
29 0.84720 1.883983
30 0.85940 1.894456
31 0.87040 1.902545
32 0.87970 1.907499
33 0.88970 1.913170
34 0.89880 1.921166
35 0.90660 1.924501
36 0.91370 1.928034
37 0.92270 1.933804
38 0.92730 1.936509
39 0.93300 1.941395
40 0.93710 1.944372
41 0.94170 1.946516
42 0.94540 1.949487
43 0.94920 1.951835
44 0.95320 1.954519
45 0.95720 1.957376
46 0.96120 1.959408
47 0.96270 1.960448
48 0.96470 1.961945
49 0.96730 1.963846
