0 0.00270 0.107985
1 0.01100 0.173306
2 0.02750 0.398000
3 0.04910 0.600368
4 0.07910 0.864553
5 0.11110 1.059925
6 0.15000 1.223027
7 0.18900 1.385982
8 0.22920 1.501438
9 0.27340 1.577548
10 0.31580 1.656267
11 0.36050 1.731594
12 0.40680 1.775735
13 0.44450 1.820079
14 0.48220 1.855438
15 0.52100 1.875976
16 0.55590 1.902646
17 0.58840 1.922551
18 0.62010 1.939539
19 0.65120 1.949595
20 0.67860 1.962223
21 0.70380 1.964571
22 0.72410 1.969841
23 0.74860 1.971523
24 0.76880 1.976485
25 0.78800 1.976337
26 0.80340 1.983821
27 0.82200 1.986062
28 0.83590 1.986062
29 0.85000 1.987146
30 0.86160 1.987872
31 0.87290 1.988954
32 0.88240 1.988805
33 0.89250 1.990967
34 0.90080 1.990463
35 0.90930 1.991542
36 0.91740 1.992621
37 0.92490 1.992621
38 0.92960 1.994423
39 0.93390 1.994423
40 0.93980 1.994423
41 0.94390 1.994423
42 0.94830 1.994423
43 0.95310 1.995500
44 0.95650 1.995500
45 0.95940 1.995500
46 0.96280 1.995500
47 0.96520 1.995500
48 0.96740 1.995500
49 0.96950 1.995500
