0 0.00270 inf
1 0.01100 0.977724
2 0.02750 1.376577
3 0.04910 1.268636
4 0.07910 1.391641
5 0.11110 1.407163
6 0.15000 1.429096
7 0.18900 1.476772
8 0.22920 1.544448
9 0.27340 1.537866
10 0.31580 1.575486
11 0.36050 1.615998
12 0.40680 1.648830
13 0.44450 1.672999
14 0.48220 1.704948
15 0.52100 1.734243
16 0.55590 1.757118
17 0.58840 1.771845
18 0.62010 1.792269
19 0.65120 1.810816
20 0.67860 1.827112
21 0.70380 1.836009
22 0.72410 1.849646
23 0.74860 1.860365
24 0.76880 1.875733
25 0.78800 1.891584
26 0.80340 1.904800
27 0.82200 1.914137
28 0.83590 1.922233
29 0.85000 1.930483
30 0.86160 1.938141
31 0.87290 1.946380
32 0.88240 1.954488
33 0.89250 1.957810
34 0.90080 1.960405
35 0.90930 1.963814
36 0.91740 1.968534
37 0.92490 1.971210
38 0.92960 1.972351
39 0.93390 1.973041
40 0.93980 1.977267
41 0.94390 1.980083
42 0.94830 1.983708
43 0.95310 1.986218
44 0.95650 1.988645
45 0.95940 1.990547
46 0.96280 1.993424
47 0.96520 1.994974
48 0.96740 1.996507
49 0.96950 1.997999
