0 0.00030 0.000000
1 0.00090 0.321345
2 0.00130 0.267418
3 0.00270 0.507731
4 0.00480 0.764239
5 0.00740 0.792792
6 0.01040 0.891293
7 0.01510 1.025508
8 0.02070 0.898625
9 0.02830 1.153056
10 0.03630 0.951189
11 0.04840 1.005968
12 0.06040 1.018417
13 0.07480 1.165148
14 0.09140 1.128336
15 0.11040 1.156246
16 0.13300 1.285391
17 0.15520 1.313557
18 0.17790 1.351880
19 0.20270 1.427739
20 0.22880 1.432635
21 0.25440 1.455550
22 0.28090 1.468730
23 0.31090 1.469127
24 0.34550 1.522961
25 0.38330 1.566353
26 0.41700 1.593198
27 0.45300 1.669398
28 0.48700 1.676712
29 0.52230 1.728894
30 0.55740 1.759027
31 0.58980 1.797566
32 0.62160 1.815079
33 0.64870 1.838130
34 0.67320 1.840620
35 0.69870 1.861997
36 0.72310 1.882201
37 0.74460 1.895535
38 0.76490 1.890474
39 0.78430 1.908189
40 0.80290 1.918850
41 0.81860 1.930045
42 0.83360 1.941308
43 0.84650 1.956565
44 0.85880 1.959945
45 0.87100 1.965807
46 0.88400 1.968139
47 0.89580 1.973736
48 0.90580 1.974721
49 0.91440 1.979502
