0 0.00030 nan
1 0.00090 0.602060
2 0.00130 0.845098
3 0.00270 1.204120
4 0.00480 1.623249
5 0.00740 1.410777
6 0.01040 1.494155
7 0.01510 1.681241
8 0.02070 1.419720
9 0.02830 1.579784
10 0.03630 1.565257
11 0.04840 1.687772
12 0.06040 1.746694
13 0.07480 1.821888
14 0.09140 1.847101
15 0.11040 1.890627
16 0.13300 1.917171
17 0.15520 1.902102
18 0.17790 1.904191
19 0.20270 1.938795
20 0.22880 1.939140
21 0.25440 1.947055
22 0.28090 1.965342
23 0.31090 1.966142
24 0.34550 1.950960
25 0.38330 1.929383
26 0.41700 1.934531
27 0.45300 1.944098
28 0.48700 1.948793
29 0.52230 1.958041
30 0.55740 1.962057
31 0.58980 1.954307
32 0.62160 1.956719
33 0.64870 1.954069
34 0.67320 1.962083
35 0.69870 1.964086
36 0.72310 1.968349
37 0.74460 1.972271
38 0.76490 1.975236
39 0.78430 1.977405
40 0.80290 1.979693
41 0.81860 1.978980
42 0.83360 1.979862
43 0.84650 1.984243
44 0.85880 1.988739
45 0.87100 1.987026
46 0.88400 1.989952
47 0.89580 1.991848
48 0.90580 1.993347
49 0.91440 1.996026
