0 0.00170 0.044846
1 0.00870 0.315338
2 0.02070 0.391956
3 0.03900 0.610117
4 0.06490 0.798481
5 0.09510 0.956787
6 0.12860 1.107124
7 0.16440 1.277759
8 0.20680 1.417509
9 0.25160 1.533110
10 0.29510 1.628792
11 0.34070 1.719686
12 0.38980 1.764493
13 0.43240 1.806655
14 0.47490 1.855899
15 0.51510 1.880077
16 0.55420 1.910295
17 0.58650 1.922302
18 0.61930 1.945379
19 0.64770 1.967804
20 0.67370 1.974472
21 0.69920 1.985792
22 0.72130 1.989430
23 0.74370 1.991443
24 0.76370 1.992366
25 0.78320 1.993656
26 0.79820 1.992410
27 0.81360 1.997468
28 0.82930 1.998223
29 0.84360 1.999301
30 0.85500 1.999301
31 0.86700 1.999864
32 0.87600 2.000941
33 0.88620 1.999544
34 0.89410 1.999544
35 0.90160 1.999544
36 0.90950 2.001185
37 0.91650 1.999954
38 0.92290 1.999954
39 0.92800 1.999954
40 0.93230 1.998725
41 0.93870 1.998725
42 0.94300 1.998725
43 0.94730 1.998725
44 0.95200 1.998725
45 0.95580 1.998725
46 0.95930 1.998725
47 0.96210 1.998725
48 0.96470 1.998725
49 0.96800 1.999449
