0 0.00170 inf
1 0.00870 1.041393
2 0.02070 1.133539
3 0.03900 1.246409
4 0.06490 1.279746
5 0.09510 1.387282
6 0.12860 1.421152
7 0.16440 1.477121
8 0.20680 1.525700
9 0.25160 1.576783
10 0.29510 1.592144
11 0.34070 1.613387
12 0.38980 1.653426
13 0.43240 1.686708
14 0.47490 1.718560
15 0.51510 1.739825
16 0.55420 1.758387
17 0.58650 1.775149
18 0.61930 1.788556
19 0.64770 1.801861
20 0.67370 1.824729
21 0.69920 1.842125
22 0.72130 1.851906
23 0.74370 1.869793
24 0.76370 1.880762
25 0.78320 1.891315
26 0.79820 1.903251
27 0.81360 1.912738
28 0.82930 1.924764
29 0.84360 1.936134
30 0.85500 1.941233
31 0.86700 1.949306
32 0.87600 1.954173
33 0.88620 1.958349
34 0.89410 1.963801
35 0.90160 1.968153
36 0.90950 1.972400
37 0.91650 1.972218
38 0.92290 1.977014
39 0.92800 1.980677
40 0.93230 1.982658
41 0.93870 1.987106
42 0.94300 1.989244
43 0.94730 1.992348
44 0.95200 1.994295
45 0.95580 1.997451
46 0.95930 1.999964
47 0.96210 2.000927
48 0.96470 2.002752
49 0.96800 2.003581
